1 10
2 700
3 700
4 700
5 700
6 700
7 700
8 700
9 700
10 700
11 700
12 700
13 700
14 700
15 700
16 700
17 700
18 700
19 700
20 700
21 700
22 700
23 700
24 700
25 700
26 700
27 700
28 700
29 700
30 700
31 700
32 700
33 700
34 700
35 700
36 700
37 700
38 700
39 700
40 700
41 700
42 700
43 700
44 700
45 700
46 700
47 700
48 700
49 700
50 700
51 700
52 700
53 700
54 700
55 700
56 700
57 700
58 700
59 700
60 700
61 700
62 700
63 700
64 700
65 700
66 700
67 700
68 700
69 700
70 700
71 700
72 700
73 700
74 700
75 700
76 700
77 700
78 700
79 700
80 700
81 700
82 700
83 700
84 700
85 700
86 700
87 700
88 700
89 700
90 700
91 700
92 700
93 700
94 700
95 700
96 700
97 700
98 700
99 700
100 700
101 700
102 700
103 700
104 700
105 700
106 700
107 700
108 700
109 700
110 700
111 700
112 700
113 700
114 700
115 700
116 700
117 700
118 700
119 700
120 700
121 700
122 700
123 700
124 700
125 700
126 700
127 700
128 700
129 700
130 700
131 700
132 700
133 700
134 700
135 700
136 700
137 700
138 700
139 700
140 700
141 700
142 700
143 700
144 700
145 700
146 700
147 700
148 700
149 700
150 700
151 700
152 700
153 700
154 700
155 700
156 700
157 700
158 700
159 700
160 700
161 700
162 700
163 700
164 700
165 700
166 700
167 700
168 700
169 700
170 700
171 700
172 700
173 700
174 700
175 700
176 700
177 700
178 700
179 700
180 700
181 700
182 700
183 700
184 700
185 700
186 700
187 700
188 700
189 700
190 700
191 700
192 700
193 700
194 700
195 700
196 700
197 700
198 700
199 700
200 700
201 700
202 700
203 700
204 700
205 700
206 700
207 700
208 700
209 700
210 700
211 700
212 700
213 700
214 700
215 700
216 700
217 700
218 700
219 700
220 700
221 700
222 700
223 700
224 700
225 700
226 700
227 700
228 700
229 700
230 700
231 700
232 700
233 700
234 700
235 700
236 700
237 700
238 700
239 700
240 700
241 700
242 700
243 700
244 700
245 700
246 700
247 700
248 700
249 700
250 700
251 700
252 700
253 700
254 700
255 700
256 700
257 700
258 700
259 700
260 700
261 700
262 700
263 700
264 700
265 700
266 700
267 700
268 700
269 700
270 700
271 700
272 700
273 700
274 700
275 700
276 700
277 700
278 700
279 700
280 700
281 700
282 700
283 700
284 700
285 700
286 700
287 700
288 700
289 700
290 700
291 700
292 700
293 700
294 700
295 700
296 700
297 700
298 700
299 700
300 700
301 700
302 700
303 700
304 700
305 700
306 700
307 700
308 700
309 700
310 700
311 700
312 700
313 700
314 700
315 700
316 700
317 700
318 700
319 700
320 700
321 700
322 700
323 700
324 700
325 700
326 700
327 700
328 700
329 700
330 700
331 700
332 700
333 700
334 700
335 700
336 700
337 700
338 700
339 700
340 700
341 700
342 700
343 700
344 700
345 700
346 700
347 700
348 700
349 700
350 700
351 700
352 700
353 700
354 700
355 700
356 700
357 700
358 700
359 700
360 700
361 700
362 700
363 700
364 700
365 700
366 700
367 700
368 700
369 700
370 700
371 700
372 700
373 700
374 700
375 700
376 700
377 700
378 700
379 700
380 700
381 700
382 700
383 700
384 700
385 700
386 700
387 700
388 700
389 700
390 700
391 700
392 700
393 700
394 700
395 700
396 700
397 700
398 700
399 700
400 700
401 700
402 700
403 700
404 700
405 700
406 700
407 700
408 700
409 700
410 700
411 700
412 700
413 700
414 700
415 700
416 700
417 700
418 700
419 700
420 700
421 700
422 700
423 700
424 700
425 700
426 700
427 700
428 700
429 700
430 700
431 700
432 700
433 700
434 700
435 700
436 700
437 700
438 700
439 700
440 700
441 700
442 700
443 700
444 700
445 700
446 700
447 700
448 700
449 700
450 700
451 700
452 700
453 700
454 700
455 700
456 700
457 700
458 700
459 700
460 700
461 700
462 700
463 700
464 700
465 700
466 700
467 700
468 700
469 700
470 700
471 700
472 700
473 700
474 700
475 700
476 700
477 700
478 700
479 700
480 700
481 700
482 700
483 700
484 700
485 700
486 700
487 700
488 700
489 700
490 700
491 700
492 700
493 700
494 700
495 700
496 700
497 700
498 700
499 700
500 700
501 700
502 700
503 700
504 700
505 700
506 700
507 700
508 700
509 700
510 700
511 700
512 700
513 700
514 700
515 700
516 700
517 700
518 700
519 700
520 700
521 700
522 700
523 700
524 700
525 700
526 700
527 700
528 700
529 700
530 700
531 700
532 700
533 700
534 700
535 700
536 700
537 700
538 700
539 700
540 700
541 700
542 700
543 700
544 700
545 700
546 700
547 700
548 700
549 700
550 700
551 700
552 700
553 700
554 700
555 700
556 700
557 700
558 700
559 700
560 700
561 700
562 700
563 700
564 700
565 700
566 700
567 700
568 700
569 700
570 700
571 700
572 700
573 700
574 700
575 700
576 700
577 700
578 700
579 700
580 700
581 700
582 700
583 700
584 700
585 700
586 700
587 700
588 700
589 700
590 700
591 700
592 700
593 700
594 700
595 700
596 700
597 700
598 700
599 700
600 700
601 700
602 700
603 700
604 700
605 700
606 700
607 700
608 700
609 700
610 700
611 700
612 700
613 700
614 700
615 700
616 700
617 700
618 700
619 700
620 700
621 700
622 700
623 700
624 700
625 700
626 700
627 700
628 700
629 700
630 700
631 700
632 700
633 700
634 700
635 700
636 700
637 700
638 700
639 700
640 700
641 700
642 700
643 700
644 700
645 700
646 700
647 700
648 700
649 700
650 700
651 700
652 700
653 700
654 700
655 700
656 700
657 700
658 700
659 700
660 700
661 700
662 700
663 700
664 700
665 700
666 700
667 700
668 700
669 700
670 700
671 700
672 700
673 700
674 700
675 700
676 700
677 700
678 700
679 700
680 700
681 700
682 700
683 700
684 700
685 700
686 700
687 700
688 700
689 700
690 700
691 700
692 700
693 700
694 700
695 700
696 700
697 700
698 700
699 700
700 700
701 700
702 700
703 700
704 700
705 700
706 700
707 700
708 700
709 700
710 700
711 700
712 700
713 700
714 700
715 700
716 700
717 700
718 700
719 700
720 700
721 700
722 700
723 700
724 700
725 700
726 700
727 700
728 700
729 700
730 700
731 700
732 700
733 700
734 700
735 700
736 700
737 700
738 700
739 700
740 700
741 700
742 700
743 700
744 700
745 700
746 700
747 700
748 700
749 700
750 700
751 700
752 700
753 700
754 700
755 700
756 700
757 700
758 700
759 700
760 700
761 700
762 700
763 700
764 700
765 700
766 700
767 700
768 700
769 700
770 700
771 700
772 700
773 700
774 700
775 700
776 700
777 700
778 700
779 700
780 700
781 700
782 700
783 700
784 700
785 700
786 700
787 700
788 700
789 700
790 700
791 700
792 700
793 700
794 700
795 700
796 700
797 700
798 700
799 700
800 700
801 700
802 700
803 700
804 700
805 700
806 700
807 700
808 700
809 700
810 700
811 700
812 700
813 700
814 700
815 700
816 700
817 700
818 700
819 700
820 700
821 700
822 700
823 700
824 700
825 700
826 700
827 700
828 700
829 700
830 700
831 700
832 700
833 700
834 700
835 700
836 700
837 700
838 700
839 700
840 700
841 700
842 700
843 700
844 700
845 700
846 700
847 700
848 700
849 700
850 700
851 700
852 700
853 700
854 700
855 700
856 700
857 700
858 700
859 700
860 700
861 700
862 700
863 700
864 700
865 700
866 700
867 700
868 700
869 700
870 700
871 700
872 700
873 700
874 700
875 700
876 700
877 700
878 700
879 700
880 700
881 700
882 700
883 700
884 700
885 700
886 700
887 700
888 700
889 700
890 700
891 700
892 700
893 700
894 700
895 700
896 700
897 700
898 700
899 700
900 700
901 700
902 700
903 700
904 700
905 700
906 700
907 700
908 700
909 700
910 700
911 700
912 700
913 700
914 700
915 700
916 700
917 700
918 700
919 700
920 700
921 700
922 700
923 700
924 700
925 700
926 700
927 700
928 700
929 700
930 700
931 700
932 700
933 700
934 700
935 700
936 700
937 700
938 700
939 700
940 700
941 700
942 700
943 700
944 700
945 700
946 700
947 700
948 700
949 700
950 700
951 700
952 700
953 700
954 700
955 700
956 700
957 700
958 700
959 700
960 700
961 700
962 700
963 700
964 700
965 700
966 700
967 700
968 700
969 700
970 700
971 700
972 700
973 700
974 700
975 700
976 700
977 700
978 700
979 700
980 700
981 700
982 700
983 700
984 700
985 700
986 700
987 700
988 700
989 700
990 700
991 700
992 700
993 700
994 700
995 700
996 700
997 700
998 700
999 700
1000 700
1001 700
1002 700
1003 700
1004 700
1005 700
1006 700
1007 700
1008 700
1009 700
1010 700
1011 700
1012 700
1013 700
1014 700
1015 700
1016 700
1017 700
1018 700
1019 700
1020 700
1021 700
1022 700
1023 700
1024 700
1025 700
1026 700
1027 700
1028 700
1029 700
1030 700
1031 700
1032 700
1033 700
1034 700
1035 700
1036 700
1037 700
1038 700
1039 700
1040 700
1041 700
1042 700
1043 700
1044 700
1045 700
1046 700
1047 700
1048 700
1049 700
1050 700
1051 700
1052 700
1053 700
1054 700
1055 700
1056 700
1057 700
1058 700
1059 700
1060 700
1061 700
1062 700
1063 700
1064 700
1065 700
1066 700
1067 700
1068 700
1069 700
1070 700
1071 700
1072 700
1073 700
1074 700
1075 700
1076 700
1077 700
1078 700
1079 700
1080 700
1081 700
1082 700
1083 700
1084 700
1085 700
1086 700
1087 700
1088 700
1089 700
1090 700
1091 700
1092 700
1093 700
1094 700
1095 700
1096 700
1097 700
1098 700
1099 700
1100 700
1101 700
1102 700
1103 700
1104 700
1105 700
1106 700
1107 700
1108 700
1109 700
1110 700
1111 700
1112 700
1113 700
1114 700
1115 700
1116 700
1117 700
1118 700
1119 700
1120 700
1121 700
1122 700
1123 700
1124 700
1125 700
1126 700
1127 700
1128 700
1129 700
1130 700
1131 700
1132 700
1133 700
1134 700
1135 700
1136 700
1137 700
1138 700
1139 700
1140 700
1141 700
1142 700
1143 700
1144 700
1145 700
1146 700
1147 700
1148 700
1149 700
1150 700
1151 700
1152 700
1153 700
1154 700
1155 700
1156 700
1157 700
1158 700
1159 700
1160 700
1161 700
1162 700
1163 700
1164 700
1165 700
1166 700
1167 700
1168 700
1169 700
1170 700
1171 700
1172 700
1173 700
1174 700
1175 700
1176 700
1177 700
1178 700
1179 700
1180 700
1181 700
1182 700
1183 700
1184 700
1185 700
1186 700
1187 700
1188 700
1189 700
1190 700
1191 700
1192 700
1193 700
1194 700
1195 700
1196 700
1197 700
1198 700
1199 700
1200 700
1201 700
1202 700
1203 700
1204 700
1205 700
1206 700
1207 700
1208 700
1209 700
1210 700
1211 700
1212 700
1213 700
1214 700
1215 700
1216 700
1217 700
1218 700
1219 700
1220 700
1221 700
1222 700
1223 700
1224 700
1225 700
1226 700
1227 700
1228 700
1229 700
1230 700
1231 700
1232 700
1233 700
1234 700
1235 700
1236 700
1237 700
1238 700
1239 700
1240 700
1241 700
1242 700
1243 700
1244 700
1245 700
1246 700
1247 700
1248 700
1249 700
1250 700
1251 700
1252 700
1253 700
1254 700
1255 700
1256 700
1257 700
1258 700
1259 700
1260 700
1261 700
1262 700
1263 700
1264 700
1265 700
1266 700
1267 700
1268 700
1269 700
1270 700
1271 700
1272 700
1273 700
1274 700
1275 700
1276 700
1277 700
1278 700
1279 700
1280 700
1281 700
1282 700
1283 700
1284 700
1285 700
1286 700
1287 700
1288 700
1289 700
1290 700
1291 700
1292 700
1293 700
1294 700
1295 700
1296 700
1297 700
1298 700
1299 700
1300 700
1301 700
1302 700
1303 700
1304 700
1305 700
1306 700
1307 700
1308 700
1309 700
1310 700
1311 700
1312 700
1313 700
1314 700
1315 700
1316 700
1317 700
1318 700
1319 700
1320 700
1321 700
1322 700
1323 700
1324 700
1325 700
1326 700
1327 700
1328 700
1329 700
1330 700
1331 700
1332 700
1333 700
1334 700
1335 700
1336 700
1337 700
1338 700
1339 700
1340 700
1341 700
1342 700
1343 700
1344 700
1345 700
1346 700
1347 700
1348 700
1349 700
1350 700
1351 700
1352 700
1353 700
1354 700
1355 700
1356 700
1357 700
1358 700
1359 700
1360 700
1361 700
1362 700
1363 700
1364 700
1365 700
1366 700
1367 700
1368 700
1369 700
1370 700
1371 700
1372 700
1373 700
1374 700
1375 700
1376 700
1377 700
1378 700
1379 700
1380 700
1381 700
1382 700
1383 700
1384 700
1385 700
1386 700
1387 700
1388 700
1389 700
1390 700
1391 700
1392 700
1393 700
1394 700
1395 700
1396 700
1397 700
1398 700
1399 700
1400 700
1401 700
1402 700
1403 700
1404 700
1405 700
1406 700
1407 700
1408 700
1409 700
1410 700
1411 700
1412 700
1413 700
1414 700
1415 700
1416 700
1417 700
1418 700
1419 700
1420 700
1421 700
1422 700
1423 700
1424 700
1425 700
1426 700
1427 700
1428 700
1429 700
1430 700
1431 700
1432 700
1433 700
1434 700
1435 700
1436 700
1437 700
1438 700
1439 700
1440 700
1441 700
1442 700
1443 700
1444 700
1445 700
1446 700
1447 700
1448 700
1449 700
1450 700
1451 700
1452 700
1453 700
1454 700
1455 700
1456 700
1457 700
1458 700
1459 700
1460 700
1461 700
1462 700
1463 700
1464 700
1465 700
1466 700
1467 700
1468 700
1469 700
1470 700
1471 700
1472 700
1473 700
1474 700
1475 700
1476 700
1477 700
1478 700
1479 700
1480 700
1481 700
1482 700
1483 700
1484 700
1485 700
1486 700
1487 700
1488 700
1489 700
1490 700
1491 700
1492 700
1493 700
1494 700
1495 700
1496 700
1497 700
1498 700
1499 700
1500 700
1501 700
1502 700
1503 700
1504 700
1505 700
1506 700
1507 700
1508 700
1509 700
1510 700
1511 700
1512 700
1513 700
1514 700
1515 700
1516 700
1517 700
1518 700
1519 700
1520 700
1521 700
1522 700
1523 700
1524 700
1525 700
1526 700
1527 700
1528 700
1529 700
1530 700
1531 700
1532 700
1533 700
1534 700
1535 700
1536 700
1537 700
1538 700
1539 700
1540 700
1541 700
1542 700
1543 700
1544 700
1545 700
1546 700
1547 700
1548 700
1549 700
1550 700
1551 700
1552 700
1553 700
1554 700
1555 700
1556 700
1557 700
1558 700
1559 700
1560 700
1561 700
1562 700
1563 700
1564 700
1565 700
1566 700
1567 700
1568 700
1569 700
1570 700
1571 700
1572 700
1573 700
1574 700
1575 700
1576 700
1577 700
1578 700
1579 700
1580 700
1581 700
1582 700
1583 700
1584 700
1585 700
1586 700
1587 700
1588 700
1589 700
1590 700
1591 700
1592 700
1593 700
1594 700
1595 700
1596 700
1597 700
1598 700
1599 700
1600 700
1601 700
1602 700
1603 700
1604 700
1605 700
1606 700
1607 700
1608 700
1609 700
1610 700
1611 700
1612 700
1613 700
1614 700
1615 700
1616 700
1617 700
1618 700
1619 700
1620 700
1621 700
1622 700
1623 700
1624 700
1625 700
1626 700
1627 700
1628 700
1629 700
1630 700
1631 700
1632 700
1633 700
1634 700
1635 700
1636 700
1637 700
1638 700
1639 700
1640 700
1641 700
1642 700
1643 700
1644 700
1645 700
1646 700
1647 700
1648 700
1649 700
1650 700
1651 700
1652 700
1653 700
1654 700
1655 700
1656 700
1657 700
1658 700
1659 700
1660 700
1661 700
1662 700
1663 700
1664 700
1665 700
1666 700
1667 700
1668 700
1669 700
1670 700
1671 700
1672 700
1673 700
1674 700
1675 700
1676 700
1677 700
1678 700
1679 700
1680 700
1681 700
1682 700
1683 700
1684 700
1685 700
1686 700
1687 700
1688 700
1689 700
1690 700
1691 700
1692 700
1693 700
1694 700
1695 700
1696 700
1697 700
1698 700
1699 700
1700 700
1701 700
1702 700
1703 700
1704 700
1705 700
1706 700
1707 700
1708 700
1709 700
1710 700
1711 700
1712 700
1713 700
1714 700
1715 700
1716 700
1717 700
1718 700
1719 700
1720 700
1721 700
1722 700
1723 700
1724 700
1725 700
1726 700
1727 700
1728 700
1729 700
1730 700
1731 700
1732 700
1733 700
1734 700
1735 700
1736 700
1737 700
1738 700
1739 700
1740 700
1741 700
1742 700
1743 700
1744 700
1745 700
1746 700
1747 700
1748 700
1749 700
1750 700
1751 700
1752 700
1753 700
1754 700
1755 700
1756 700
1757 700
1758 700
1759 700
1760 700
1761 700
1762 700
1763 700
1764 700
1765 700
1766 700
1767 700
1768 700
1769 700
1770 700
1771 700
1772 700
1773 700
1774 700
1775 700
1776 700
1777 700
1778 700
1779 700
1780 700
1781 700
1782 700
1783 700
1784 700
1785 700
1786 700
1787 700
1788 700
1789 700
1790 700
1791 700
1792 700
1793 700
1794 700
1795 700
1796 700
1797 700
1798 700
1799 700
1800 700
1801 700
1802 700
1803 700
1804 700
1805 700
1806 700
1807 700
1808 700
1809 700
1810 700
1811 700
1812 700
1813 700
1814 700
1815 700
1816 700
1817 700
1818 700
1819 700
1820 700
1821 700
1822 700
1823 700
1824 700
1825 700
1826 700
1827 700
1828 700
1829 700
1830 700
1831 700
1832 700
1833 700
1834 700
1835 700
1836 700
1837 700
1838 700
1839 700
1840 700
1841 700
1842 700
1843 700
1844 700
1845 700
1846 700
1847 700
1848 700
1849 700
1850 700
1851 700
1852 700
1853 700
1854 700
1855 700
1856 700
1857 700
1858 700
1859 700
1860 700
1861 700
1862 700
1863 700
1864 700
1865 700
1866 700
1867 700
1868 700
1869 700
1870 700
1871 700
1872 700
1873 700
1874 700
1875 700
1876 700
1877 700
1878 700
1879 700
1880 700
1881 700
1882 700
1883 700
1884 700
1885 700
1886 700
1887 700
1888 700
1889 700
1890 700
1891 700
1892 700
1893 700
1894 700
1895 700
1896 700
1897 700
1898 700
1899 700
1900 700
1901 700
1902 700
1903 700
1904 700
1905 700
1906 700
1907 700
1908 700
1909 700
1910 700
1911 700
1912 700
1913 700
1914 700
1915 700
1916 700
1917 700
1918 700
1919 700
1920 700
1921 700
1922 700
1923 700
1924 700
1925 700
1926 700
1927 700
1928 700
1929 700
1930 700
1931 700
1932 700
1933 700
1934 700
1935 700
1936 700
1937 700
1938 700
1939 700
1940 700
1941 700
1942 700
1943 700
1944 700
1945 700
1946 700
1947 700
1948 700
1949 700
1950 700
1951 700
1952 700
1953 700
1954 700
1955 700
1956 700
1957 700
1958 700
1959 700
1960 700
1961 700
1962 700
1963 700
1964 700
1965 700
1966 700
1967 700
1968 700
1969 700
1970 700
1971 700
1972 700
1973 700
1974 700
1975 700
1976 700
1977 700
1978 700
1979 700
1980 700
1981 700
1982 700
1983 700
1984 700
1985 700
1986 700
1987 700
1988 700
1989 700
1990 700
1991 700
1992 700
1993 700
1994 700
1995 700
1996 700
1997 700
1998 700
1999 700
2000 700
2001 700
2002 700
2003 700
2004 700
2005 700
2006 700
2007 700
2008 700
2009 700
2010 700
2011 700
2012 700
2013 700
2014 700
2015 700
2016 700
2017 700
2018 700
2019 700
2020 700
2021 700
2022 700
2023 700
2024 700
2025 700
2026 700
2027 700
2028 700
2029 700
2030 700
2031 700
2032 700
2033 700
2034 700
2035 700
2036 700
2037 700
2038 700
2039 700
2040 700
2041 700
2042 700
2043 700
2044 700
2045 700
2046 700
2047 700
2048 700
2049 700
2050 700
2051 700
2052 700
2053 700
2054 700
2055 700
2056 700
2057 700
2058 700
2059 700
2060 700
2061 700
2062 700
2063 700
2064 700
2065 700
2066 700
2067 700
2068 700
2069 700
2070 700
2071 700
2072 700
2073 700
2074 700
2075 700
2076 700
2077 700
2078 700
2079 700
2080 700
2081 700
2082 700
2083 700
2084 700
2085 700
2086 700
2087 700
2088 700
2089 700
2090 700
2091 700
2092 700
2093 700
2094 700
2095 700
2096 700
2097 700
2098 700
2099 700
2100 700
2101 700
2102 700
2103 700
2104 700
2105 700
2106 700
2107 700
2108 700
2109 700
2110 700
2111 700
2112 700
2113 700
2114 700
2115 700
2116 700
2117 700
2118 700
2119 700
2120 700
2121 700
2122 700
2123 700
2124 700
2125 700
2126 700
2127 700
2128 700
2129 700
2130 700
2131 700
2132 700
2133 700
2134 700
2135 700
2136 700
2137 700
2138 700
2139 700
2140 700
2141 700
2142 700
2143 700
2144 700
2145 700
2146 700
2147 700
2148 700
2149 700
2150 700
2151 700
2152 700
2153 700
2154 700
2155 700
2156 700
2157 700
2158 700
2159 700
2160 700
2161 700
2162 700
2163 700
2164 700
2165 700
2166 700
2167 700
2168 700
2169 700
2170 700
2171 700
2172 700
2173 700
2174 700
2175 700
2176 700
2177 700
2178 700
2179 700
2180 700
2181 700
2182 700
2183 700
2184 700
2185 700
2186 700
2187 700
2188 700
2189 700
2190 700
2191 700
2192 700
2193 700
2194 700
2195 700
2196 700
2197 700
2198 700
2199 700
2200 700
2201 700
2202 700
2203 700
2204 700
2205 700
2206 700
2207 700
2208 700
2209 700
2210 700
2211 700
2212 700
2213 700
2214 700
2215 700
2216 700
2217 700
2218 700
2219 700
2220 700
2221 700
2222 700
2223 700
2224 700
2225 700
2226 700
2227 700
2228 700
2229 700
2230 700
2231 700
2232 700
2233 700
2234 700
2235 700
2236 700
2237 700
2238 700
2239 700
2240 700
2241 700
2242 700
2243 700
2244 700
2245 700
2246 700
2247 700
2248 700
2249 700
2250 700
2251 700
2252 700
2253 700
2254 700
2255 700
2256 700
2257 700
2258 700
2259 700
2260 700
2261 700
2262 700
2263 700
2264 700
2265 700
2266 700
2267 700
2268 700
2269 700
2270 700
2271 700
2272 700
2273 700
2274 700
2275 700
2276 700
2277 700
2278 700
2279 700
2280 700
2281 700
2282 700
2283 700
2284 700
2285 700
2286 700
2287 700
2288 700
2289 700
2290 700
2291 700
2292 700
2293 700
2294 700
2295 700
2296 700
2297 700
2298 700
2299 700
2300 700
2301 700
2302 700
2303 700
2304 700
2305 700
2306 700
2307 700
2308 700
2309 700
2310 700
2311 700
2312 700
2313 700
2314 700
2315 700
2316 700
2317 700
2318 700
2319 700
2320 700
2321 700
2322 700
2323 700
2324 700
2325 700
2326 700
2327 700
2328 700
2329 700
2330 700
2331 700
2332 700
2333 700
2334 700
2335 700
2336 700
2337 700
2338 700
2339 700
2340 700
2341 700
2342 700
2343 700
2344 700
2345 700
2346 700
2347 700
2348 700
2349 700
2350 700
2351 700
2352 700
2353 700
2354 700
2355 700
2356 700
2357 700
2358 700
2359 700
2360 700
2361 700
2362 700
2363 700
2364 700
2365 700
2366 700
2367 700
2368 700
2369 700
2370 700
2371 700
2372 700
2373 700
2374 700
2375 700
2376 700
2377 700
2378 700
2379 700
2380 700
2381 700
2382 700
2383 700
2384 700
2385 700
2386 700
2387 700
2388 700
2389 700
2390 700
2391 700
2392 700
2393 700
2394 700
2395 700
2396 700
2397 700
2398 700
2399 700
2400 700
2401 700
2402 700
2403 700
2404 700
2405 700
2406 700
2407 700
2408 700
2409 700
2410 700
2411 700
2412 700
2413 700
2414 700
2415 700
2416 700
2417 700
2418 700
2419 700
2420 700
2421 700
2422 700
2423 700
2424 700
2425 700
2426 700
2427 700
2428 700
2429 700
2430 700
2431 700
2432 700
2433 700
2434 700
2435 700
2436 700
2437 700
2438 700
2439 700
2440 700
2441 700
2442 700
2443 700
2444 700
2445 700
2446 700
2447 700
2448 700
2449 700
2450 700
2451 700
2452 700
2453 700
2454 700
2455 700
2456 700
2457 700
2458 700
2459 700
2460 700
2461 700
2462 700
2463 700
2464 700
2465 700
2466 700
2467 700
2468 700
2469 700
2470 700
2471 700
2472 700
2473 700
2474 700
2475 700
2476 700
2477 700
2478 700
2479 700
2480 700
2481 700
2482 700
2483 700
2484 700
2485 700
2486 700
2487 700
2488 700
2489 700
2490 700
2491 700
2492 700
2493 700
2494 700
2495 700
2496 700
2497 700
2498 700
2499 700
2500 700
2501 700
2502 700
2503 700
2504 700
2505 700
2506 700
2507 700
2508 700
2509 700
2510 700
2511 700
2512 700
2513 700
2514 700
2515 700
2516 700
2517 700
2518 700
2519 700
2520 700
2521 700
2522 700
2523 700
2524 700
2525 700
2526 700
2527 700
2528 700
2529 700
2530 700
2531 700
2532 700
2533 700
2534 700
2535 700
2536 700
2537 700
2538 700
2539 700
2540 700
2541 700
2542 700
2543 700
2544 700
2545 700
2546 700
2547 700
2548 700
2549 700
2550 700
2551 700
2552 700
2553 700
2554 700
2555 700
2556 700
2557 700
2558 700
2559 700
2560 700
2561 700
2562 700
2563 700
2564 700
2565 700
2566 700
2567 700
2568 700
2569 700
2570 700
2571 700
2572 700
2573 700
2574 700
2575 700
2576 700
2577 700
2578 700
2579 700
2580 700
2581 700
2582 700
2583 700
2584 700
2585 700
2586 700
2587 700
2588 700
2589 700
2590 700
2591 700
2592 700
2593 700
2594 700
2595 700
2596 700
2597 700
2598 700
2599 700
2600 700
2601 700
2602 700
2603 700
2604 700
2605 700
2606 700
2607 700
2608 700
2609 700
2610 700
2611 700
2612 700
2613 700
2614 700
2615 700
2616 700
2617 700
2618 700
2619 700
2620 700
2621 700
2622 700
2623 700
2624 700
2625 700
2626 700
2627 700
2628 700
2629 700
2630 700
2631 700
2632 700
2633 700
2634 700
2635 700
2636 700
2637 700
2638 700
2639 700
2640 700
2641 700
2642 700
2643 700
2644 700
2645 700
2646 700
2647 700
2648 700
2649 700
2650 700
2651 700
2652 700
2653 700
2654 700
2655 700
2656 700
2657 700
2658 700
2659 700
2660 700
2661 700
2662 700
2663 700
2664 700
2665 700
2666 700
2667 700
2668 700
2669 700
2670 700
2671 700
2672 700
2673 700
2674 700
2675 700
2676 700
2677 700
2678 700
2679 700
2680 700
2681 700
2682 700
2683 700
2684 700
2685 700
2686 700
2687 700
2688 700
2689 700
2690 700
2691 700
2692 700
2693 700
2694 700
2695 700
2696 700
2697 700
2698 700
2699 700
2700 700
2701 700
2702 700
2703 700
2704 700
2705 700
2706 700
2707 700
2708 700
2709 700
2710 700
2711 700
2712 700
2713 700
2714 700
2715 700
2716 700
2717 700
2718 700
2719 700
2720 700
2721 700
2722 700
2723 700
2724 700
2725 700
2726 700
2727 700
2728 700
2729 700
2730 700
2731 700
2732 700
2733 700
2734 700
2735 700
2736 700
2737 700
2738 700
2739 700
2740 700
2741 700
2742 700
2743 700
2744 700
2745 700
2746 700
2747 700
2748 700
2749 700
2750 700
2751 700
2752 700
2753 700
2754 700
2755 700
2756 700
2757 700
2758 700
2759 700
2760 700
2761 700
2762 700
2763 700
2764 700
2765 700
2766 700
2767 700
2768 700
2769 700
2770 700
2771 700
2772 700
2773 700
2774 700
2775 700
2776 700
2777 700
2778 700
2779 700
2780 700
2781 700
2782 700
2783 700
2784 700
2785 700
2786 700
2787 700
2788 700
2789 700
2790 699
2791 698
2792 697
2793 697
2794 696
2795 696
2796 695
2797 695
2798 695
2799 695
2800 694
2801 694
2802 694
2803 694
2804 694
2805 694
2806 694
2807 694
2808 694
2809 693
2810 693
2811 693
2812 693
2813 693
2814 693
2815 693
2816 693
2817 692
2818 692
2819 692
2820 692
2821 692
2822 692
2823 692
2824 691
2825 691
2826 691
2827 691
2828 691
2829 691
2830 691
2831 691
2832 691
2833 691
2834 689
2835 689
2836 689
2837 689
2838 689
2839 688
2840 688
2841 688
2842 688
2843 688
2844 688
2845 688
2846 688
2847 688
2848 688
2849 688
2850 688
2851 688
2852 688
2853 688
2854 688
2855 688
2856 688
2857 688
2858 687
2859 687
2860 687
2861 687
2862 687
2863 687
2864 687
2865 686
2866 686
2867 686
2868 686
2869 686
2870 686
2871 686
2872 686
2873 686
2874 686
2875 686
2876 686
2877 686
2878 686
2879 685
2880 685
2881 685
2882 685
2883 685
2884 685
2885 685
2886 685
2887 685
2888 684
2889 684
2890 684
2891 684
2892 684
2893 684
2894 684
2895 684
2896 683
2897 683
2898 683
2899 683
2900 683
2901 683
2902 683
2903 683
2904 683
2905 683
2906 683
2907 683
2908 683
2909 683
2910 683
2911 683
2912 683
2913 683
2914 683
2915 683
2916 683
2917 682
2918 682
2919 682
2920 682
2921 682
2922 682
2923 682
2924 681
2925 681
2926 681
2927 681
2928 681
2929 680
2930 679
2931 677
2932 677
2933 677
2934 677
2935 677
2936 677
2937 676
2938 676
2939 676
2940 676
2941 676
2942 676
2943 676
2944 676
2945 675
2946 675
2947 675
2948 674
2949 674
2950 674
2951 674
2952 674
2953 674
2954 674
2955 674
2956 674
2957 673
2958 673
2959 673
2960 673
2961 673
2962 673
2963 673
2964 673
2965 673
2966 673
2967 673
2968 673
2969 673
2970 673
2971 673
2972 673
2973 673
2974 672
2975 672
2976 672
2977 670
2978 670
2979 670
2980 670
2981 670
2982 670
2983 670
2984 670
2985 670
2986 670
2987 670
2988 669
2989 669
2990 669
2991 669
2992 669
2993 669
2994 665
2995 663
2996 659
2997 659
2998 659
2999 659
3000 659
3001 659
3002 659
3003 659
3004 659
3005 659
3006 659
3007 659
3008 659
3009 659
3010 659
3011 659
3012 659
3013 659
3014 659
3015 659
3016 659
3017 659
3018 659
3019 659
3020 659
3021 659
3022 658
3023 658
3024 658
3025 658
3026 658
3027 658
3028 658
3029 657
3030 657
3031 657
3032 656
3033 656
3034 656
3035 656
3036 656
3037 656
3038 656
3039 656
3040 656
3041 656
3042 656
3043 656
3044 656
3045 655
3046 655
3047 655
3048 655
3049 655
3050 655
3051 655
3052 655
3053 655
3054 655
3055 655
3056 655
3057 653
3058 652
3059 651
3060 649
3061 649
3062 649
3063 649
3064 649
3065 649
3066 649
3067 649
3068 649
3069 649
3070 649
3071 649
3072 649
3073 649
3074 649
3075 649
3076 649
3077 649
3078 649
3079 649
3080 649
3081 649
3082 649
3083 649
3084 649
3085 649
3086 649
3087 649
3088 648
3089 648
3090 648
3091 648
3092 648
3093 648
3094 648
3095 648
3096 648
3097 648
3098 648
3099 648
3100 648
3101 648
3102 648
3103 648
3104 648
3105 648
3106 648
3107 648
3108 648
3109 648
3110 648
3111 648
3112 647
3113 647
3114 647
3115 647
3116 647
3117 647
3118 647
3119 647
3120 646
3121 646
3122 644
3123 640
3124 636
3125 632
3126 632
3127 632
3128 632
3129 632
3130 632
3131 632
3132 632
3133 632
3134 632
3135 632
3136 632
3137 632
3138 632
3139 632
3140 632
3141 632
3142 632
3143 632
3144 632
3145 632
3146 632
3147 632
3148 632
3149 631
3150 631
3151 631
3152 631
3153 631
3154 631
3155 631
3156 631
3157 630
3158 630
3159 630
3160 630
3161 630
3162 630
3163 630
3164 630
3165 630
3166 629
3167 629
3168 629
3169 629
3170 628
3171 628
3172 628
3173 628
3174 628
3175 628
3176 628
3177 628
3178 628
3179 628
3180 628
3181 628
3182 628
3183 628
3184 628
3185 628
3186 628
3187 628
3188 628
3189 626
3190 623
3191 622
3192 622
3193 622
3194 622
3195 622
3196 622
3197 622
3198 622
3199 622
3200 622
3201 621
3202 621
3203 621
3204 621
3205 620
3206 620
3207 620
3208 620
3209 619
3210 619
3211 619
3212 619
3213 619
3214 619
3215 619
3216 619
3217 619
3218 618
3219 617
3220 617
3221 616
3222 616
3223 616
3224 616
3225 616
3226 616
3227 616
3228 616
3229 616
3230 616
3231 616
3232 616
3233 616
3234 616
3235 616
3236 616
3237 616
3238 616
3239 616
3240 616
3241 616
3242 616
3243 615
3244 615
3245 615
3246 615
3247 615
3248 615
3249 614
3250 614
3251 614
3252 611
3253 607
3254 606
3255 604
3256 604
3257 604
3258 604
3259 604
3260 604
3261 604
3262 604
3263 604
3264 604
3265 604
3266 603
3267 603
3268 603
3269 603
3270 603
3271 603
3272 603
3273 603
3274 603
3275 603
3276 603
3277 602
3278 602
3279 602
3280 601
3281 601
3282 601
3283 600
3284 600
3285 600
3286 600
3287 600
3288 599
3289 599
3290 599
3291 599
3292 598
3293 598
3294 598
3295 598
3296 598
3297 598
3298 598
3299 597
3300 597
3301 597
3302 597
3303 597
3304 597
3305 597
3306 597
3307 597
3308 597
3309 597
3310 597
3311 597
3312 597
3313 596
3314 596
3315 596
3316 596
3317 595
3318 593
3319 589
3320 585
3321 584
3322 584
3323 584
3324 584
3325 584
3326 584
3327 584
3328 584
3329 584
3330 584
3331 584
3332 584
3333 584
3334 584
3335 584
3336 584
3337 584
3338 584
3339 584
3340 584
3341 584
3342 584
3343 584
3344 584
3345 584
3346 584
3347 584
3348 584
3349 584
3350 583
3351 582
3352 582
3353 582
3354 582
3355 582
3356 582
3357 582
3358 582
3359 581
3360 581
3361 581
3362 581
3363 581
3364 581
3365 581
3366 581
3367 581
3368 581
3369 581
3370 581
3371 581
3372 581
3373 581
3374 581
3375 581
3376 581
3377 581
3378 581
3379 581
3380 579
3381 579
3382 579
3383 575
3384 571
3385 568
3386 567
3387 567
3388 567
3389 567
3390 567
3391 567
3392 567
3393 566
3394 566
3395 566
3396 566
3397 566
3398 566
3399 566
3400 566
3401 566
3402 566
3403 566
3404 566
3405 566
3406 566
3407 565
3408 565
3409 565
3410 565
3411 564
3412 564
3413 564
3414 563
3415 563
3416 563
3417 563
3418 563
3419 563
3420 563
3421 563
3422 563
3423 563
3424 563
3425 563
3426 563
3427 563
3428 563
3429 563
3430 563
3431 563
3432 563
3433 563
3434 563
3435 563
3436 563
3437 563
3438 563
3439 563
3440 563
3441 563
3442 563
3443 563
3444 563
3445 563
3446 563
3447 563
3448 563
3449 557
3450 553
3451 546
3452 545
3453 545
3454 545
3455 545
3456 545
3457 545
3458 545
3459 545
3460 545
3461 545
3462 545
3463 545
3464 545
3465 545
3466 545
3467 545
3468 545
3469 545
3470 545
3471 545
3472 545
3473 545
3474 545
3475 545
3476 545
3477 545
3478 545
3479 545
3480 545
3481 545
3482 545
3483 545
3484 545
3485 545
3486 545
3487 545
3488 545
3489 545
3490 545
3491 545
3492 545
3493 545
3494 545
3495 545
3496 545
3497 545
3498 545
3499 545
3500 545
3501 545
3502 545
3503 545
3504 545
3505 545
3506 545
3507 545
3508 545
3509 545
3510 545
3511 545
3512 545
3513 545
3514 542
3515 540
3516 538
3517 534
3518 534
3519 534
3520 534
3521 534
3522 534
3523 534
3524 534
3525 534
3526 534
3527 534
3528 534
3529 534
3530 534
3531 534
3532 534
3533 534
3534 534
3535 534
3536 534
3537 534
3538 534
3539 534
3540 534
3541 534
3542 534
3543 534
3544 534
3545 534
3546 534
3547 534
3548 534
3549 534
3550 534
3551 534
3552 534
3553 534
3554 534
3555 534
3556 534
3557 534
3558 534
3559 534
3560 534
3561 534
3562 534
3563 534
3564 534
3565 534
3566 534
3567 534
3568 534
3569 534
3570 534
3571 534
3572 534
3573 534
3574 534
3575 534
3576 534
3577 534
3578 534
3579 534
3580 534
3581 532
3582 527
3583 520
3584 519
3585 519
3586 519
3587 519
3588 519
3589 519
3590 519
3591 519
3592 519
3593 519
3594 519
3595 519
3596 519
3597 519
3598 519
3599 519
3600 519
3601 519
3602 519
3603 519
3604 519
3605 519
3606 519
3607 519
3608 519
3609 519
3610 519
3611 519
3612 519
3613 519
3614 519
3615 519
3616 519
3617 519
3618 519
3619 519
3620 519
3621 519
3622 519
3623 519
3624 519
3625 519
3626 519
3627 519
3628 519
3629 519
3630 519
3631 519
3632 519
3633 519
3634 519
3635 519
3636 519
3637 519
3638 519
3639 519
3640 519
3641 519
3642 519
3643 519
3644 519
3645 519
3646 519
3647 518
3648 514
3649 512
3650 508
3651 508
3652 508
3653 508
3654 508
3655 508
3656 508
3657 508
3658 508
3659 508
3660 508
3661 508
3662 508
3663 508
3664 508
3665 508
3666 508
3667 508
3668 508
3669 508
3670 508
3671 508
3672 508
3673 508
3674 508
3675 508
3676 508
3677 508
3678 508
3679 508
3680 508
3681 508
3682 508
3683 508
3684 508
3685 508
3686 508
3687 508
3688 508
3689 508
3690 508
3691 508
3692 508
3693 508
3694 508
3695 508
3696 508
3697 508
3698 508
3699 508
3700 508
3701 508
3702 508
3703 508
3704 508
3705 508
3706 508
3707 508
3708 508
3709 508
3710 508
3711 508
3712 508
3713 508
3714 507
3715 502
3716 497
3717 497
3718 497
3719 497
3720 497
3721 497
3722 497
3723 497
3724 497
3725 497
3726 497
3727 497
3728 497
3729 497
3730 497
3731 497
3732 497
3733 497
3734 497
3735 497
3736 497
3737 497
3738 497
3739 497
3740 497
3741 497
3742 497
3743 497
3744 497
3745 497
3746 497
3747 497
3748 497
3749 497
3750 497
3751 497
3752 497
3753 497
3754 497
3755 497
3756 497
3757 497
3758 497
3759 497
3760 497
3761 497
3762 497
3763 497
3764 497
3765 497
3766 497
3767 497
3768 497
3769 497
3770 497
3771 497
3772 497
3773 497
3774 497
3775 497
3776 497
3777 497
3778 497
3779 497
3780 493
3781 488
3782 485
3783 485
3784 485
3785 485
3786 485
3787 485
3788 485
3789 485
3790 485
3791 485
3792 485
3793 485
3794 485
3795 485
3796 485
3797 485
3798 485
3799 485
3800 485
3801 485
3802 485
3803 485
3804 485
3805 485
3806 485
3807 485
3808 485
3809 485
3810 485
3811 485
3812 485
3813 485
3814 485
3815 485
3816 485
3817 485
3818 485
3819 485
3820 485
3821 485
3822 485
3823 485
3824 485
3825 485
3826 485
3827 485
3828 485
3829 485
3830 485
3831 485
3832 485
3833 485
3834 485
3835 485
3836 485
3837 485
3838 485
3839 485
3840 485
3841 485
3842 485
3843 485
3844 485
3845 484
3846 483
3847 482
3848 480
3849 480
3850 480
3851 480
3852 480
3853 480
3854 480
3855 480
3856 480
3857 480
3858 480
3859 480
3860 480
3861 480
3862 480
3863 480
3864 480
3865 480
3866 480
3867 480
3868 480
3869 480
3870 480
3871 480
3872 480
3873 480
3874 480
3875 480
3876 480
3877 480
3878 480
3879 480
3880 480
3881 480
3882 480
3883 480
3884 480
3885 480
3886 480
3887 480
3888 480
3889 480
3890 480
3891 480
3892 480
3893 480
3894 480
3895 480
3896 480
3897 480
3898 480
3899 480
3900 480
3901 480
3902 480
3903 480
3904 480
3905 480
3906 480
3907 480
3908 480
3909 480
3910 480
3911 480
3912 480
3913 478
3914 472
3915 468
3916 468
3917 468
3918 468
3919 468
3920 468
3921 468
3922 468
3923 468
3924 468
3925 468
3926 468
3927 468
3928 468
3929 468
3930 468
3931 468
3932 468
3933 468
3934 468
3935 468
3936 468
3937 468
3938 468
3939 468
3940 468
3941 468
3942 468
3943 468
3944 468
3945 468
3946 468
3947 468
3948 468
3949 468
3950 468
3951 468
3952 468
3953 468
3954 468
3955 468
3956 468
3957 468
3958 468
3959 468
3960 468
3961 468
3962 468
3963 468
3964 468
3965 468
3966 468
3967 468
3968 468
3969 468
3970 468
3971 468
3972 468
3973 468
3974 468
3975 468
3976 468
3977 468
3978 468
3979 467
3980 460
3981 455
3982 455
3983 455
3984 455
3985 455
3986 455
3987 455
3988 455
3989 455
3990 455
3991 455
3992 455
3993 455
3994 455
3995 455
3996 455
3997 455
3998 455
3999 455
4000 455
4001 455
4002 455
4003 455
4004 455
4005 455
4006 455
4007 455
4008 455
4009 455
4010 455
4011 455
4012 455
4013 455
4014 455
4015 455
4016 455
4017 455
4018 455
4019 455
4020 455
4021 455
4022 455
4023 455
4024 455
4025 455
4026 455
4027 455
4028 455
4029 455
4030 455
4031 455
4032 455
4033 455
4034 455
4035 455
4036 455
4037 455
4038 455
4039 455
4040 455
4041 455
4042 455
4043 455
4044 455
4045 455
4046 449
4047 446
4048 443
4049 442
4050 442
4051 442
4052 442
4053 442
4054 442
4055 442
4056 442
4057 442
4058 442
4059 442
4060 442
4061 442
4062 442
4063 442
4064 442
4065 442
4066 442
4067 442
4068 442
4069 442
4070 442
4071 442
4072 442
4073 442
4074 442
4075 442
4076 442
4077 442
4078 442
4079 442
4080 442
4081 442
4082 442
4083 442
4084 442
4085 442
4086 442
4087 442
4088 442
4089 442
4090 442
4091 442
4092 442
4093 442
4094 442
4095 442
4096 442
4097 442
4098 442
4099 442
4100 442
4101 442
4102 442
4103 442
4104 442
4105 442
4106 442
4107 442
4108 442
4109 442
4110 442
4111 442
4112 439
4113 433
4114 427
4115 425
4116 425
4117 425
4118 425
4119 425
4120 425
4121 425
4122 425
4123 425
4124 425
4125 425
4126 425
4127 425
4128 425
4129 425
4130 425
4131 425
4132 425
4133 425
4134 425
4135 425
4136 425
4137 425
4138 425
4139 425
4140 425
4141 425
4142 425
4143 425
4144 425
4145 425
4146 425
4147 425
4148 425
4149 425
4150 425
4151 425
4152 425
4153 425
4154 425
4155 425
4156 425
4157 425
4158 425
4159 425
4160 425
4161 425
4162 425
4163 425
4164 425
4165 425
4166 425
4167 425
4168 425
4169 425
4170 425
4171 425
4172 425
4173 425
4174 425
4175 425
4176 425
4177 425
4178 420
4179 411
4180 409
4181 409
4182 409
4183 409
4184 409
4185 409
4186 409
4187 409
4188 409
4189 409
4190 409
4191 409
4192 409
4193 409
4194 409
4195 409
4196 409
4197 409
4198 409
4199 409
4200 409
4201 409
4202 409
4203 409
4204 409
4205 409
4206 409
4207 409
4208 409
4209 409
4210 409
4211 409
4212 409
4213 409
4214 409
4215 409
4216 409
4217 409
4218 409
4219 409
4220 409
4221 409
4222 409
4223 409
4224 409
4225 409
4226 409
4227 409
4228 409
4229 409
4230 409
4231 409
4232 409
4233 409
4234 409
4235 409
4236 409
4237 409
4238 409
4239 409
4240 409
4241 409
4242 409
4243 409
4244 409
4245 406
4246 405
4247 402
4248 402
4249 402
4250 402
4251 402
4252 402
4253 402
4254 402
4255 402
4256 402
4257 402
4258 402
4259 402
4260 402
4261 402
4262 402
4263 402
4264 402
4265 402
4266 402
4267 402
4268 402
4269 402
4270 402
4271 402
4272 402
4273 402
4274 402
4275 402
4276 402
4277 402
4278 402
4279 402
4280 402
4281 402
4282 402
4283 402
4284 402
4285 402
4286 402
4287 402
4288 402
4289 402
4290 402
4291 402
4292 402
4293 402
4294 402
4295 402
4296 402
4297 402
4298 402
4299 402
4300 402
4301 402
4302 402
4303 402
4304 402
4305 402
4306 402
4307 402
4308 402
4309 402
4310 402
4311 395
4312 390
4313 389
4314 389
4315 389
4316 389
4317 389
4318 389
4319 389
4320 389
4321 389
4322 389
4323 389
4324 389
4325 389
4326 389
4327 389
4328 389
4329 389
4330 389
4331 389
4332 389
4333 389
4334 389
4335 389
4336 389
4337 389
4338 389
4339 389
4340 389
4341 389
4342 389
4343 389
4344 389
4345 389
4346 389
4347 389
4348 389
4349 389
4350 389
4351 389
4352 389
4353 389
4354 389
4355 389
4356 389
4357 389
4358 389
4359 389
4360 389
4361 389
4362 389
4363 389
4364 389
4365 389
4366 389
4367 389
4368 386
4369 384
4370 379
4371 379
4372 379
4373 379
4374 379
4375 379
4376 379
4377 379
4378 379
4379 379
4380 379
4381 379
4382 379
4383 379
4384 379
4385 379
4386 379
4387 379
4388 379
4389 379
4390 379
4391 379
4392 379
4393 379
4394 379
4395 379
4396 379
4397 379
4398 379
4399 379
4400 379
4401 379
4402 379
4403 379
4404 379
4405 379
4406 379
4407 379
4408 379
4409 379
4410 379
4411 379
4412 379
4413 379
4414 379
4415 379
4416 379
4417 379
4418 379
4419 379
4420 379
4421 379
4422 379
4423 379
4424 379
4425 379
4426 379
4427 379
4428 378
4429 376
4430 370
4431 364
4432 364
4433 364
4434 364
4435 364
4436 364
4437 364
4438 364
4439 364
4440 364
4441 364
4442 364
4443 364
4444 364
4445 364
4446 364
4447 364
4448 364
4449 364
4450 364
4451 364
4452 364
4453 364
4454 364
4455 364
4456 364
4457 364
4458 364
4459 364
4460 364
4461 364
4462 364
4463 364
4464 364
4465 364
4466 364
4467 364
4468 364
4469 364
4470 364
4471 364
4472 364
4473 364
4474 364
4475 364
4476 364
4477 364
4478 364
4479 364
4480 364
4481 364
4482 364
4483 364
4484 364
4485 364
4486 364
4487 364
4488 364
4489 364
4490 364
4491 364
4492 364
4493 364
4494 364
4495 359
4496 355
4497 351
4498 351
4499 351
4500 351
4501 351
4502 351
4503 351
4504 351
4505 351
4506 351
4507 351
4508 351
4509 351
4510 351
4511 351
4512 351
4513 351
4514 351
4515 351
4516 351
4517 351
4518 351
4519 351
4520 351
4521 351
4522 351
4523 351
4524 351
4525 351
4526 351
4527 351
4528 351
4529 351
4530 351
4531 351
4532 351
4533 351
4534 351
4535 351
4536 351
4537 351
4538 351
4539 351
4540 351
4541 351
4542 351
4543 351
4544 351
4545 351
4546 351
4547 351
4548 351
4549 351
4550 351
4551 351
4552 351
4553 351
4554 351
4555 351
4556 351
4557 351
4558 351
4559 351
4560 351
4561 349
4562 347
4563 342
4564 340
4565 340
4566 340
4567 340
4568 340
4569 340
4570 340
4571 340
4572 340
4573 340
4574 340
4575 340
4576 340
4577 340
4578 340
4579 340
4580 340
4581 340
4582 340
4583 340
4584 340
4585 340
4586 340
4587 340
4588 340
4589 340
4590 340
4591 340
4592 340
4593 340
4594 340
4595 340
4596 340
4597 340
4598 340
4599 340
4600 340
4601 340
4602 340
4603 340
4604 340
4605 340
4606 340
4607 340
4608 340
4609 340
4610 340
4611 340
4612 340
4613 340
4614 340
4615 340
4616 340
4617 340
4618 340
4619 340
4620 340
4621 340
4622 340
4623 340
4624 338
4625 335
4626 334
4627 334
4628 334
4629 334
4630 334
4631 334
4632 334
4633 334
4634 334
4635 334
4636 334
4637 334
4638 334
4639 334
4640 334
4641 334
4642 334
4643 334
4644 334
4645 334
4646 334
4647 334
4648 334
4649 334
4650 334
4651 334
4652 334
4653 334
4654 334
4655 334
4656 334
4657 334
4658 334
4659 334
4660 334
4661 334
4662 334
4663 334
4664 334
4665 334
4666 334
4667 334
4668 334
4669 334
4670 334
4671 334
4672 334
4673 334
4674 334
4675 334
4676 334
4677 334
4678 334
4679 334
4680 334
4681 334
4682 334
4683 332
4684 329
4685 327
4686 325
4687 325
4688 325
4689 325
4690 325
4691 325
4692 325
4693 325
4694 325
4695 325
4696 325
4697 325
4698 325
4699 325
4700 325
4701 325
4702 325
4703 325
4704 325
4705 325
4706 325
4707 325
4708 325
4709 325
4710 325
4711 325
4712 325
4713 325
4714 325
4715 312
4716 312
4717 312
4718 312
4719 312
4720 312
4721 312
4722 312
4723 312
4724 312
4725 312
4726 312
4727 312
4728 312
4729 312
4730 312
4731 312
4732 312
4733 312
4734 312
4735 312
4736 312
4737 312
4738 312
4739 312
4740 312
4741 312
4742 312
4743 312
4744 312
4745 312
4746 312
4747 312
4748 312
4749 312
4750 312
4751 307
4752 306
4753 303
4754 301
4755 301
4756 301
4757 301
4758 301
4759 301
4760 301
4761 301
4762 301
4763 301
4764 301
4765 301
4766 301
4767 301
4768 301
4769 301
4770 301
4771 301
4772 301
4773 301
4774 301
4775 301
4776 301
4777 301
4778 301
4779 301
4780 301
4781 301
4782 301
4783 301
4784 301
4785 301
4786 301
4787 301
4788 301
4789 301
4790 301
4791 301
4792 301
4793 301
4794 301
4795 301
4796 301
4797 301
4798 301
4799 301
4800 301
4801 301
4802 301
4803 301
4804 301
4805 301
4806 301
4807 301
4808 301
4809 301
4810 301
4811 301
4812 301
4813 301
4814 301
4815 301
4816 300
4817 296
4818 292
4819 292
4820 292
4821 292
4822 292
4823 292
4824 292
4825 292
4826 292
4827 292
4828 292
4829 292
4830 292
4831 292
4832 292
4833 292
4834 292
4835 292
4836 292
4837 292
4838 292
4839 292
4840 292
4841 292
4842 292
4843 292
4844 292
4845 292
4846 292
4847 292
4848 292
4849 292
4850 292
4851 292
4852 292
4853 292
4854 292
4855 292
4856 292
4857 292
4858 292
4859 292
4860 292
4861 292
4862 292
4863 292
4864 292
4865 292
4866 292
4867 292
4868 292
4869 292
4870 292
4871 292
4872 292
4873 292
4874 291
4875 289
4876 287
4877 287
4878 287
4879 287
4880 287
4881 287
4882 287
4883 287
4884 287
4885 287
4886 287
4887 287
4888 287
4889 287
4890 287
4891 287
4892 287
4893 287
4894 287
4895 287
4896 287
4897 287
4898 287
4899 287
4900 287
4901 287
4902 287
4903 287
4904 287
4905 287
4906 287
4907 287
4908 287
4909 287
4910 287
4911 287
4912 287
4913 287
4914 287
4915 287
4916 287
4917 287
4918 287
4919 287
4920 287
4921 287
4922 287
4923 287
4924 287
4925 287
4926 287
4927 287
4928 287
4929 287
4930 287
4931 287
4932 287
4933 287
4934 287
4935 287
4936 287
4937 287
4938 287
4939 287
4940 287
4941 287
4942 285
4943 281
4944 280
4945 280
4946 280
4947 280
4948 280
4949 280
4950 280
4951 280
4952 280
4953 280
4954 280
4955 280
4956 280
4957 280
4958 280
4959 280
4960 280
4961 280
4962 280
4963 280
4964 280
4965 280
4966 280
4967 280
4968 280
4969 280
4970 280
4971 280
4972 280
4973 280
4974 280
4975 280
4976 280
4977 280
4978 280
4979 280
4980 280
4981 280
4982 280
4983 280
4984 280
4985 280
4986 280
4987 280
4988 280
4989 280
4990 280
4991 280
4992 280
4993 280
4994 280
4995 280
4996 280
4997 280
4998 280
4999 280
5000 280
5001 280
5002 280
5003 280
5004 280
5005 280
5006 280
5007 280
5008 280
5009 278
5010 277
5011 274
5012 274
5013 274
5014 274
5015 274
5016 274
5017 274
5018 274
5019 274
5020 274
5021 274
5022 274
5023 274
5024 274
5025 274
5026 274
5027 274
5028 274
5029 274
5030 274
5031 274
5032 274
5033 274
5034 274
5035 274
5036 274
5037 274
5038 274
5039 274
5040 274
5041 274
5042 274
5043 274
5044 274
5045 274
5046 274
5047 274
5048 274
5049 274
5050 274
5051 274
5052 274
5053 274
5054 274
5055 274
5056 274
5057 274
5058 274
5059 274
5060 274
5061 274
5062 274
5063 274
5064 274
5065 274
5066 274
5067 274
5068 274
5069 274
5070 274
5071 274
5072 274
5073 271
5074 268
5075 266
5076 266
5077 266
5078 266
5079 266
5080 266
5081 266
5082 266
5083 266
5084 266
5085 266
5086 266
5087 266
5088 266
5089 266
5090 266
5091 266
5092 266
5093 266
5094 266
5095 266
5096 266
5097 266
5098 266
5099 266
5100 266
5101 266
5102 266
5103 266
5104 266
5105 266
5106 266
5107 266
5108 266
5109 266
5110 266
5111 266
5112 266
5113 266
5114 266
5115 266
5116 266
5117 266
5118 266
5119 266
5120 266
5121 266
5122 266
5123 266
5124 266
5125 266
5126 266
5127 266
5128 266
5129 266
5130 266
5131 266
5132 266
5133 266
5134 266
5135 264
5136 261
5137 261
5138 261
5139 261
5140 261
5141 261
5142 261
5143 261
5144 261
5145 261
5146 261
5147 261
5148 261
5149 261
5150 261
5151 261
5152 261
5153 261
5154 261
5155 261
5156 261
5157 261
5158 261
5159 261
5160 261
5161 261
5162 261
5163 261
5164 261
5165 261
5166 261
5167 261
5168 261
5169 261
5170 261
5171 261
5172 261
5173 261
5174 261
5175 261
5176 261
5177 261
5178 261
5179 261
5180 261
5181 261
5182 261
5183 261
5184 261
5185 261
5186 261
5187 261
5188 261
5189 261
5190 261
5191 261
5192 261
5193 261
5194 261
5195 261
5196 261
5197 259
5198 257
5199 257
5200 257
5201 257
5202 257
5203 257
5204 257
5205 257
5206 257
5207 257
5208 257
5209 257
5210 257
5211 257
5212 257
5213 257
5214 257
5215 257
5216 257
5217 257
5218 257
5219 257
5220 257
5221 257
5222 257
5223 257
5224 257
5225 257
5226 257
5227 257
5228 257
5229 257
5230 257
5231 257
5232 257
5233 257
5234 257
5235 257
5236 257
5237 257
5238 257
5239 257
5240 257
5241 257
5242 257
5243 257
5244 257
5245 257
5246 257
5247 257
5248 257
5249 257
5250 257
5251 257
5252 257
5253 257
5254 257
5255 257
5256 257
5257 257
5258 257
5259 257
5260 257
5261 257
5262 257
5263 257
5264 254
5265 251
5266 250
5267 250
5268 250
5269 250
5270 250
5271 250
5272 250
5273 250
5274 250
5275 250
5276 250
5277 250
5278 250
5279 250
5280 250
5281 250
5282 250
5283 250
5284 250
5285 250
5286 250
5287 250
5288 250
5289 250
5290 250
5291 250
5292 250
5293 250
5294 250
5295 250
5296 250
5297 250
5298 250
5299 250
5300 250
5301 250
5302 250
5303 250
5304 250
5305 250
5306 250
5307 250
5308 250
5309 250
5310 250
5311 250
5312 250
5313 250
5314 250
5315 250
5316 250
5317 250
5318 250
5319 250
5320 250
5321 250
5322 250
5323 250
5324 250
5325 250
5326 250
5327 250
5328 250
5329 250
5330 250
5331 249
5332 247
5333 247
5334 246
5335 246
5336 246
5337 246
5338 246
5339 246
5340 246
5341 246
5342 246
5343 246
5344 246
5345 246
5346 246
5347 246
5348 246
5349 246
5350 246
5351 246
5352 246
5353 246
5354 246
5355 246
5356 246
5357 246
5358 246
5359 246
5360 246
5361 246
5362 246
5363 246
5364 246
5365 246
5366 246
5367 246
5368 246
5369 246
5370 246
5371 246
5372 246
5373 246
5374 246
5375 246
5376 246
5377 246
5378 246
5379 246
5380 246
5381 246
5382 246
5383 246
5384 246
5385 246
5386 246
5387 246
5388 246
5389 246
5390 246
5391 246
5392 246
5393 246
5394 246
5395 242
5396 239
5397 238
5398 237
5399 237
5400 237
5401 237
5402 237
5403 237
5404 237
5405 237
5406 237
5407 237
5408 237
5409 237
5410 237
5411 237
5412 237
5413 237
5414 237
5415 237
5416 237
5417 237
5418 237
5419 237
5420 237
5421 237
5422 237
5423 237
5424 237
5425 237
5426 237
5427 237
5428 237
5429 237
5430 237
5431 237
5432 237
5433 237
5434 237
5435 237
5436 237
5437 237
5438 237
5439 237
5440 237
5441 237
5442 237
5443 237
5444 237
5445 237
5446 237
5447 237
5448 237
5449 237
5450 237
5451 237
5452 237
5453 237
5454 237
5455 237
5456 237
5457 237
5458 237
5459 237
5460 236
5461 234
5462 232
5463 232
5464 232
5465 232
5466 232
5467 232
5468 232
5469 232
5470 232
5471 232
5472 232
5473 232
5474 232
5475 232
5476 232
5477 232
5478 232
5479 232
5480 232
5481 232
5482 232
5483 232
5484 232
5485 232
5486 232
5487 232
5488 232
5489 232
5490 232
5491 232
5492 232
5493 232
5494 232
5495 232
5496 232
5497 232
5498 232
5499 232
5500 232
5501 232
5502 232
5503 232
5504 232
5505 232
5506 232
5507 232
5508 232
5509 232
5510 232
5511 232
5512 232
5513 232
5514 232
5515 232
5516 232
5517 232
5518 232
5519 232
5520 232
5521 232
5522 232
5523 232
5524 229
5525 229
5526 229
5527 229
5528 229
5529 229
5530 229
5531 229
5532 229
5533 229
5534 229
5535 229
5536 229
5537 229
5538 229
5539 229
5540 229
5541 229
5542 229
5543 229
5544 229
5545 229
5546 229
5547 229
5548 229
5549 229
5550 229
5551 229
5552 229
5553 229
5554 229
5555 229
5556 229
5557 229
5558 229
5559 229
5560 229
5561 229
5562 229
5563 229
5564 229
5565 229
5566 229
5567 229
5568 229
5569 229
5570 229
5571 229
5572 229
5573 229
5574 229
5575 229
5576 229
5577 229
5578 229
5579 228
5580 228
5581 226
5582 226
5583 226
5584 226
5585 226
5586 226
5587 226
5588 226
5589 226
5590 226
5591 226
5592 226
5593 226
5594 226
5595 226
5596 226
5597 226
5598 226
5599 226
5600 226
5601 226
5602 226
5603 226
5604 226
5605 226
5606 226
5607 226
5608 226
5609 226
5610 226
5611 226
5612 226
5613 226
5614 226
5615 226
5616 226
5617 226
5618 226
5619 226
5620 226
5621 226
5622 226
5623 226
5624 226
5625 226
5626 226
5627 226
5628 226
5629 226
5630 226
5631 226
5632 226
5633 226
5634 226
5635 226
5636 226
5637 226
5638 226
5639 226
5640 226
5641 226
5642 225
5643 224
5644 223
5645 223
5646 223
5647 223
5648 223
5649 223
5650 223
5651 223
5652 223
5653 223
5654 223
5655 223
5656 223
5657 223
5658 223
5659 223
5660 223
5661 223
5662 223
5663 223
5664 223
5665 223
5666 223
5667 223
5668 223
5669 223
5670 223
5671 223
5672 223
5673 223
5674 223
5675 223
5676 223
5677 223
5678 223
5679 223
5680 223
5681 223
5682 223
5683 223
5684 223
5685 223
5686 223
5687 223
5688 223
5689 223
5690 223
5691 223
5692 223
5693 223
5694 223
5695 223
5696 223
5697 223
5698 223
5699 223
5700 223
5701 223
5702 223
5703 223
5704 222
5705 221
5706 220
5707 219
5708 219
5709 219
5710 219
5711 219
5712 219
5713 219
5714 219
5715 219
5716 219
5717 219
5718 219
5719 219
5720 219
5721 219
5722 219
5723 219
5724 219
5725 219
5726 219
5727 219
5728 219
5729 219
5730 219
5731 219
5732 219
5733 219
5734 219
5735 219
5736 219
5737 219
5738 219
5739 219
5740 219
5741 219
5742 219
5743 219
5744 219
5745 219
5746 219
5747 219
5748 219
5749 219
5750 219
5751 219
5752 219
5753 219
5754 219
5755 219
5756 219
5757 219
5758 219
5759 219
5760 219
5761 219
5762 219
5763 219
5764 219
5765 219
5766 219
5767 219
5768 219
5769 219
5770 219
5771 219
5772 218
5773 218
5774 218
5775 218
5776 218
5777 218
5778 218
5779 218
5780 218
5781 218
5782 218
5783 218
5784 218
5785 218
5786 218
5787 218
5788 218
5789 218
5790 218
5791 218
5792 218
5793 218
5794 218
5795 218
5796 218
5797 218
5798 218
5799 218
5800 218
5801 218
5802 218
5803 218
5804 218
5805 218
5806 218
5807 218
5808 218
5809 218
5810 218
5811 218
5812 218
5813 218
5814 218
5815 218
5816 218
5817 218
5818 218
5819 218
5820 218
5821 218
5822 218
5823 218
5824 218
5825 218
5826 218
5827 218
5828 218
5829 218
5830 218
5831 218
5832 218
5833 216
5834 213
5835 209
5836 209
5837 209
5838 209
5839 209
5840 209
5841 209
5842 209
5843 209
5844 209
5845 209
5846 209
5847 209
5848 209
5849 209
5850 209
5851 209
5852 209
5853 209
5854 209
5855 209
5856 209
5857 209
5858 209
5859 209
5860 209
5861 209
5862 209
5863 209
5864 209
5865 209
5866 209
5867 209
5868 209
5869 209
5870 209
5871 209
5872 209
5873 209
5874 209
5875 209
5876 209
5877 209
5878 209
5879 209
5880 209
5881 209
5882 209
5883 209
5884 209
5885 209
5886 209
5887 209
5888 209
5889 209
5890 209
5891 209
5892 209
5893 209
5894 209
5895 209
5896 209
5897 209
5898 209
5899 208
5900 206
5901 204
5902 204
5903 204
5904 204
5905 204
5906 204
5907 204
5908 204
5909 204
5910 204
5911 204
5912 204
5913 204
5914 204
5915 204
5916 204
5917 204
5918 204
5919 204
5920 204
5921 204
5922 204
5923 204
5924 204
5925 204
5926 204
5927 204
5928 204
5929 204
5930 204
5931 204
5932 204
5933 204
5934 204
5935 204
5936 204
5937 204
5938 204
5939 204
5940 204
5941 204
5942 204
5943 204
5944 204
5945 204
5946 204
5947 204
5948 204
5949 204
5950 204
5951 204
5952 204
5953 204
5954 204
5955 204
5956 204
5957 204
5958 204
5959 204
5960 203
5961 200
5962 197
5963 197
5964 197
5965 197
5966 197
5967 197
5968 197
5969 197
5970 197
5971 197
5972 197
5973 197
5974 197
5975 197
5976 217
5977 247
5978 253
5979 253
5980 253
5981 253
5982 253
5983 276
5984 296
5985 296
5986 296
5987 296
5988 296
5989 296
5990 305
5991 304
5992 304
5993 304
5994 304
5995 304
5996 324
5997 353
5998 351
5999 371
6000 386
6001 390
6002 390
6003 390
6004 390
6005 390
6006 404
6007 403
6008 403
6009 418
6010 417
6011 435
6012 436
6013 436
6014 436
6015 437
6016 463
6017 462
6018 468
6019 468
6020 467
6021 475
6022 474
6023 474
6024 471
6025 467
6026 467
6027 481
6028 505
6029 504
6030 504
6031 504
6032 504
6033 504
6034 524
6035 536
6036 545
6037 560
6038 560
6039 560
6040 560
6041 590
6042 596
6043 595
6044 595
6045 595
6046 595
6047 595
6048 595
6049 595
6050 595
6051 641
6052 647
6053 657
6054 697
6055 716
6056 716
6057 745
6058 745
6059 764
6060 764
6061 823
6062 843
6063 882
6064 920
6065 1066
6066 1077
6067 1140
6068 1158
6069 1187
6070 1206
6071 1245
6072 1373
6073 1537
6074 1536
6075 1555
6076 1555
6077 1612
6078 1600
6079 1600
6080 1629
6081 1629
6082 1629
6083 1686
6084 1695
6085 1694
6086 1702
6087 1711
6088 1711
6089 1750
6090 1759
6091 1759
6092 1759
6093 1768
6094 1768
6095 1760
6096 1765
6097 1792
6098 1791
6099 1791
6100 1791
6101 1791
6102 1791
6103 1791
6104 1831
6105 1830
6106 1850
6107 1849
6108 1857
6109 1857
6110 1857
6111 1857
6112 1887
6113 1886
6114 1886
6115 1886
6116 1886
6117 1886
6118 1886
6119 1935
6120 1944
6121 1944
6122 1944
6123 1974
6124 1972
6125 1972
6126 1982
6127 1981
6128 1981
6129 1981
6130 1981
6131 1980
6132 1980
6133 1996
6134 2069
6135 2069
6136 2069
6137 2089
6138 2108
6139 2108
6140 2108
6141 2108
6142 2108
6143 2108
6144 2108
6145 2108
6146 2108
6147 2108
6148 2108
6149 2108
6150 2108
6151 2108
6152 2117
6153 2117
6154 2117
6155 2116
6156 2116
6157 2116
6158 2116
6159 2116
6160 2116
6161 2116
6162 2136
6163 2135
6164 2135
6165 2135
6166 2135
6167 2155
6168 2154
6169 2154
6170 2154
6171 2154
6172 2172
6173 2172
6174 2172
6175 2212
6176 2225
6177 2388
6178 2388
6179 2506
6180 2545
6181 2634
6182 2634
6183 2692
6184 2789
6185 2936
6186 2935
6187 2935
6188 2926
6189 2925
6190 2924
6191 2950
6192 2950
6193 2950
6194 2968
6195 2988
6196 3017
6197 3057
6198 3076
6199 3105
6200 3105
6201 3115
6202 3141
6203 3160
6204 3159
6205 3159
6206 3159
6207 3159
6208 3158
6209 3158
6210 3158
6211 3158
6212 3158
6213 3158
6214 3157
6215 3157
6216 3157
6217 3227
6218 3274
6219 3293
6220 3293
6221 3302
6222 3351
6223 3352
6224 3339
6225 3339
6226 3339
6227 3339
6228 3339
6229 3339
6230 3398
6231 3437
6232 3435
6233 3444
6234 3444
6235 3444
6236 3444
6237 3444
6238 3444
6239 3454
6240 3454
6241 3454
6242 3453
6243 3453
6244 3453
6245 3453
6246 3453
6247 3472
6248 3471
6249 3538
6250 3538
6251 3537
6252 3623
6253 3672
6254 3758
6255 3757
6256 3766
6257 3766
6258 3785
6259 3815
6260 3814
6261 3813
6262 3881
6263 3880
6264 3880
6265 3879
6266 3898
6267 3907
6268 3994
6269 4069
6270 4084
6271 4123
6272 4190
6273 4218
6274 4235
6275 4235
6276 4235
6277 4235
6278 4235
6279 4235
6280 4235
6281 4235
6282 4231
6283 4221
6284 4221
6285 4221
6286 4221
6287 4221
6288 4221
6289 4221
6290 4221
6291 4221
6292 4221
6293 4221
6294 4221
6295 4203
6296 4202
6297 4202
6298 4202
6299 4202
6300 4202
6301 4202
6302 4202
6303 4202
6304 4202
6305 4202
6306 4202
6307 4202
6308 4202
6309 4202
6310 4202
6311 4202
6312 4198
6313 4196
6314 4196
6315 4196
6316 4196
6317 4196
6318 4196
6319 4196
6320 4196
6321 4196
6322 4196
6323 4196
6324 4194
6325 4184
6326 4184
6327 4184
6328 4184
6329 4184
6330 4184
6331 4184
6332 4184
6333 4184
6334 4184
6335 4184
6336 4184
6337 4184
6338 4184
6339 4184
6340 4184
6341 4184
6342 4184
6343 4184
6344 4184
6345 4184
6346 4184
6347 4184
6348 4184
6349 4184
6350 4184
6351 4184
6352 4177
6353 4171
6354 4168
6355 4168
6356 4168
6357 4168
6358 4168
6359 4168
6360 4168
6361 4168
6362 4168
6363 4168
6364 4168
6365 4168
6366 4168
6367 4168
6368 4168
6369 4168
6370 4168
6371 4168
6372 4168
6373 4168
6374 4168
6375 4168
6376 4168
6377 4168
6378 4168
6379 4168
6380 4168
6381 4168
6382 4168
6383 4168
6384 4168
6385 4168
6386 4168
6387 4168
6388 4168
6389 4168
6390 4168
6391 4168
6392 4168
6393 4168
6394 4168
6395 4168
6396 4168
6397 4168
6398 4168
6399 4168
6400 4168
6401 4168
6402 4156
6403 4153
6404 4153
6405 4153
6406 4153
6407 4153
6408 4153
6409 4153
6410 4153
6411 4153
6412 4153
6413 4153
6414 4153
6415 4153
6416 4153
6417 4153
6418 4153
6419 4153
6420 4153
6421 4153
6422 4153
6423 4153
6424 4153
6425 4153
6426 4153
6427 4153
6428 4153
6429 4153
6430 4153
6431 4153
6432 4153
6433 4138
6434 4138
6435 4138
6436 4138
6437 4138
6438 4138
6439 4138
6440 4138
6441 4138
6442 4138
6443 4138
6444 4138
6445 4138
6446 4138
6447 4138
6448 4138
6449 4138
6450 4138
6451 4138
6452 4138
6453 4138
6454 4133
6455 4126
6456 4126
6457 4126
6458 4126
6459 4126
6460 4126
6461 4126
6462 4126
6463 4126
6464 4126
6465 4126
6466 4126
6467 4126
6468 4126
6469 4126
6470 4126
6471 4126
6472 4123
6473 4116
6474 4115
6475 4115
6476 4115
6477 4115
6478 4115
6479 4115
6480 4115
6481 4115
6482 4115
6483 4115
6484 4115
6485 4115
6486 4115
6487 4115
6488 4115
6489 4115
6490 4115
6491 4115
6492 4115
6493 4115
6494 4115
6495 4115
6496 4115
6497 4115
6498 4115
6499 4115
6500 4115
6501 4115
6502 4115
6503 4115
6504 4115
6505 4115
6506 4115
6507 4115
6508 4115
6509 4115
6510 4115
6511 4115
6512 4115
6513 4115
6514 4115
6515 4115
6516 4115
6517 4115
6518 4115
6519 4115
6520 4115
6521 4115
6522 4115
6523 4114
6524 4111
6525 4108
6526 4108
6527 4108
6528 4108
6529 4108
6530 4108
6531 4108
6532 4108
6533 4108
6534 4108
6535 4108
6536 4108
6537 4108
6538 4108
6539 4108
6540 4108
6541 4108
6542 4108
6543 4108
6544 4108
6545 4108
6546 4108
6547 4108
6548 4108
6549 4108
6550 4108
6551 4108
6552 4108
6553 4108
6554 4108
6555 4108
6556 4108
6557 4108
6558 4108
6559 4108
6560 4108
6561 4108
6562 4108
6563 4108
6564 4108
6565 4108
6566 4108
6567 4108
6568 4108
6569 4108
6570 4108
6571 4108
6572 4108
6573 4108
6574 4104
6575 4103
6576 4101
6577 4101
6578 4101
6579 4101
6580 4101
6581 4101
6582 4101
6583 4101
6584 4101
6585 4101
6586 4101
6587 4101
6588 4101
6589 4101
6590 4101
6591 4101
6592 4101
6593 4101
6594 4101
6595 4101
6596 4101
6597 4101
6598 4101
6599 4101
6600 4101
6601 4101
6602 4101
6603 4101
6604 4101
6605 4101
6606 4101
6607 4101
6608 4101
6609 4101
6610 4099
6611 4090
6612 4082
6613 4082
6614 4082
6615 4082
6616 4082
6617 4082
6618 4082
6619 4082
6620 4082
6621 4082
6622 4082
6623 4082
6624 4082
6625 4082
6626 4082
6627 4082
6628 4082
6629 4082
6630 4082
6631 4082
6632 4082
6633 4082
6634 4082
6635 4082
6636 4082
6637 4082
6638 4082
6639 4082
6640 4082
6641 4082
6642 4082
6643 4082
6644 4082
6645 4082
6646 4082
6647 4082
6648 4082
6649 4082
6650 4082
6651 4082
6652 4077
6653 4075
6654 4075
6655 4075
6656 4075
6657 4075
6658 4075
6659 4075
6660 4075
6661 4075
6662 4075
6663 4075
6664 4075
6665 4075
6666 4075
6667 4075
6668 4075
6669 4075
6670 4075
6671 4075
6672 4075
6673 4075
6674 4075
6675 4075
6676 4075
6677 4075
6678 4075
6679 4075
6680 4075
6681 4075
6682 4075
6683 4075
6684 4075
6685 4075
6686 4075
6687 4075
6688 4075
6689 4075
6690 4075
6691 4075
6692 4075
6693 4073
6694 4068
6695 4065
6696 4065
6697 4065
6698 4065
6699 4065
6700 4065
6701 4065
6702 4065
6703 4065
6704 4065
6705 4065
6706 4065
6707 4065
6708 4065
6709 4065
6710 4065
6711 4065
6712 4065
6713 4065
6714 4065
6715 4065
6716 4065
6717 4065
6718 4065
6719 4065
6720 4065
6721 4065
6722 4065
6723 4065
6724 4065
6725 4065
6726 4065
6727 4065
6728 4065
6729 4065
6730 4065
6731 4065
6732 4065
6733 4065
6734 4063
6735 4054
6736 4053
6737 4053
6738 4053
6739 4053
6740 4053
6741 4053
6742 4053
6743 4053
6744 4053
6745 4053
6746 4053
6747 4053
6748 4053
6749 4053
6750 4053
6751 4053
6752 4053
6753 4053
6754 4053
6755 4053
6756 4053
6757 4053
6758 4053
6759 4053
6760 4053
6761 4053
6762 4053
6763 4053
6764 4053
6765 4053
6766 4053
6767 4053
6768 4053
6769 4053
6770 4053
6771 4053
6772 4052
6773 4048
6774 4043
6775 4043
6776 4043
6777 4043
6778 4043
6779 4043
6780 4043
6781 4043
6782 4043
6783 4043
6784 4043
6785 4043
6786 4043
6787 4043
6788 4043
6789 4043
6790 4043
6791 4043
6792 4043
6793 4043
6794 4043
6795 4043
6796 4043
6797 4043
6798 4043
6799 4043
6800 4043
6801 4043
6802 4043
6803 4043
6804 4043
6805 4043
6806 4043
6807 4043
6808 4043
6809 4043
6810 4043
6811 4036
6812 4029
6813 4029
6814 4029
6815 4029
6816 4029
6817 4029
6818 4029
6819 4029
6820 4029
6821 4029
6822 4029
6823 4029
6824 4029
6825 4029
6826 4029
6827 4029
6828 4029
6829 4029
6830 4029
6831 4029
6832 4029
6833 4029
6834 4029
6835 4029
6836 4029
6837 4029
6838 4029
6839 4029
6840 4029
6841 4029
6842 4029
6843 4029
6844 4029
6845 4029
6846 4029
6847 4029
6848 4029
6849 4029
6850 4029
6851 4022
6852 4020
6853 4020
6854 4020
6855 4020
6856 4020
6857 4020
6858 4020
6859 4020
6860 4020
6861 4020
6862 4020
6863 4020
6864 4020
6865 4020
6866 4020
6867 4020
6868 4020
6869 4020
6870 4020
6871 4020
6872 4020
6873 4020
6874 4020
6875 4020
6876 4020
6877 4020
6878 4020
6879 4020
6880 4020
6881 4020
6882 4020
6883 4020
6884 4020
6885 4020
6886 4020
6887 4020
6888 4020
6889 4020
6890 4020
6891 4020
6892 4020
6893 4020
6894 4020
6895 4020
6896 4020
6897 4020
6898 4020
6899 4019
6900 4017
6901 4014
6902 4014
6903 4014
6904 4014
6905 4014
6906 4014
6907 4014
6908 4014
6909 4014
6910 4014
6911 4014
6912 4014
6913 4014
6914 4014
6915 4014
6916 4014
6917 4014
6918 4014
6919 4014
6920 4014
6921 4014
6922 4014
6923 4014
6924 4014
6925 4014
6926 4014
6927 4014
6928 4014
6929 4014
6930 4014
6931 4014
6932 4014
6933 4014
6934 4014
6935 4014
6936 4014
6937 4014
6938 4014
6939 4014
6940 4014
6941 4014
6942 4014
6943 4010
6944 4010
6945 4006
6946 4006
6947 4006
6948 4006
6949 4006
6950 4006
6951 4006
6952 4006
6953 4006
6954 4006
6955 4006
6956 4006
6957 4006
6958 4006
6959 4006
6960 4006
6961 4006
6962 4006
6963 4006
6964 4006
6965 4006
6966 4006
6967 4006
6968 4006
6969 4006
6970 4006
6971 4006
6972 4006
6973 4006
6974 4006
6975 4006
6976 4006
6977 4006
6978 4006
6979 4006
6980 4006
6981 4006
6982 4006
6983 4006
6984 4003
6985 3995
6986 3994
6987 3994
6988 3994
6989 3994
6990 3994
6991 3994
6992 3994
6993 3994
6994 3994
6995 3994
6996 3994
6997 3994
6998 3994
6999 3994
7000 3994
7001 3994
7002 3994
7003 3994
7004 3994
7005 3994
7006 3994
7007 3994
7008 3994
7009 3994
7010 3994
7011 3994
7012 3994
7013 3994
7014 3994
7015 3994
7016 3994
7017 3994
7018 3994
7019 3994
7020 3994
7021 3994
7022 3994
7023 3994
7024 3994
7025 3994
7026 3994
7027 3994
7028 3994
7029 3986
7030 3985
7031 3985
7032 3985
7033 3985
7034 3985
7035 3985
7036 3985
7037 3985
7038 3985
7039 3985
7040 3985
7041 3985
7042 3985
7043 3985
7044 3985
7045 3985
7046 3985
7047 3985
7048 3985
7049 3985
7050 3985
7051 3985
7052 3985
7053 3985
7054 3985
7055 3985
7056 3985
7057 3985
7058 3985
7059 3985
7060 3985
7061 3985
7062 3985
7063 3985
7064 3985
7065 3985
7066 3985
7067 3985
7068 3985
7069 3985
7070 3985
7071 3985
7072 3985
7073 3985
7074 3985
7075 3985
7076 3985
7077 3985
7078 3985
7079 3982
7080 3978
7081 3978
7082 3978
7083 3978
7084 3978
7085 3978
7086 3978
7087 3978
7088 3978
7089 3978
7090 3978
7091 3978
7092 3978
7093 3978
7094 3978
7095 3978
7096 3978
7097 3978
7098 3978
7099 3978
7100 3978
7101 3978
7102 3978
7103 3978
7104 3978
7105 3978
7106 3978
7107 3978
7108 3978
7109 3978
7110 3978
7111 3978
7112 3978
7113 3978
7114 3978
7115 3978
7116 3978
7117 3978
7118 3978
7119 3978
7120 3978
7121 3978
7122 3978
7123 3978
7124 3976
7125 3974
7126 3972
7127 3971
7128 3971
7129 3971
7130 3971
7131 3971
7132 3971
7133 3971
7134 3971
7135 3971
7136 3971
7137 3971
7138 3971
7139 3971
7140 3971
7141 3971
7142 3971
7143 3971
7144 3971
7145 3971
7146 3971
7147 3971
7148 3971
7149 3971
7150 3971
7151 3971
7152 3971
7153 3971
7154 3971
7155 3971
7156 3971
7157 3971
7158 3971
7159 3971
7160 3971
7161 3971
7162 3971
7163 3971
7164 3971
7165 3971
7166 3971
7167 3971
7168 3971
7169 3971
7170 3971
7171 3971
7172 3966
7173 3966
7174 3966
7175 3966
7176 3966
7177 3966
7178 3966
7179 3966
7180 3966
7181 3966
7182 3966
7183 3966
7184 3966
7185 3966
7186 3966
7187 3966
7188 3966
7189 3966
7190 3966
7191 3966
7192 3966
7193 3966
7194 3966
7195 3966
7196 3966
7197 3966
7198 3966
7199 3966
7200 3966
7201 3966
7202 3966
7203 3966
7204 3966
7205 3966
7206 3966
7207 3965
7208 3958
7209 3955
7210 3952
7211 3952
7212 3952
7213 3952
7214 3952
7215 3952
7216 3952
7217 3952
7218 3952
7219 3952
7220 3952
7221 3952
7222 3952
7223 3952
7224 3952
7225 3952
7226 3952
7227 3952
7228 3952
7229 3952
7230 3952
7231 3952
7232 3952
7233 3952
7234 3952
7235 3952
7236 3952
7237 3952
7238 3952
7239 3952
7240 3952
7241 3952
7242 3952
7243 3952
7244 3952
7245 3952
7246 3952
7247 3952
7248 3952
7249 3952
7250 3952
7251 3952
7252 3952
7253 3952
7254 3951
7255 3947
7256 3944
7257 3944
7258 3944
7259 3944
7260 3944
7261 3944
7262 3944
7263 3944
7264 3944
7265 3944
7266 3944
7267 3944
7268 3944
7269 3944
7270 3944
7271 3944
7272 3944
7273 3944
7274 3944
7275 3944
7276 3944
7277 3944
7278 3944
7279 3944
7280 3944
7281 3944
7282 3944
7283 3944
7284 3944
7285 3944
7286 3944
7287 3944
7288 3944
7289 3944
7290 3944
7291 3944
7292 3944
7293 3944
7294 3944
7295 3944
7296 3944
7297 3944
7298 3944
7299 3944
7300 3944
7301 3944
7302 3943
7303 3939
7304 3933
7305 3931
7306 3931
7307 3931
7308 3931
7309 3931
7310 3931
7311 3931
7312 3931
7313 3931
7314 3931
7315 3931
7316 3931
7317 3931
7318 3931
7319 3931
7320 3931
7321 3931
7322 3931
7323 3931
7324 3931
7325 3931
7326 3931
7327 3931
7328 3931
7329 3931
7330 3931
7331 3931
7332 3931
7333 3931
7334 3931
7335 3931
7336 3931
7337 3931
7338 3931
7339 3931
7340 3931
7341 3931
7342 3931
7343 3931
7344 3931
7345 3931
7346 3931
7347 3931
7348 3925
7349 3923
7350 3918
7351 3918
7352 3918
7353 3918
7354 3918
7355 3918
7356 3918
7357 3918
7358 3918
7359 3918
7360 3918
7361 3918
7362 3918
7363 3918
7364 3918
7365 3918
7366 3918
7367 3918
7368 3918
7369 3918
7370 3918
7371 3918
7372 3918
7373 3918
7374 3918
7375 3918
7376 3918
7377 3918
7378 3918
7379 3918
7380 3918
7381 3918
7382 3918
7383 3918
7384 3918
7385 3918
7386 3918
7387 3918
7388 3918
7389 3918
7390 3918
7391 3918
7392 3913
7393 3909
7394 3904
7395 3904
7396 3904
7397 3904
7398 3904
7399 3904
7400 3904
7401 3904
7402 3904
7403 3904
7404 3904
7405 3904
7406 3904
7407 3904
7408 3904
7409 3904
7410 3904
7411 3904
7412 3904
7413 3904
7414 3904
7415 3901
7416 3890
7417 3888
7418 3888
7419 3888
7420 3888
7421 3888
7422 3888
7423 3888
7424 3888
7425 3888
7426 3888
7427 3888
7428 3888
7429 3888
7430 3888
7431 3888
7432 3888
7433 3888
7434 3888
7435 3888
7436 3888
7437 3888
7438 3888
7439 3886
7440 3885
7441 3885
7442 3885
7443 3885
7444 3885
7445 3885
7446 3885
7447 3885
7448 3885
7449 3885
7450 3885
7451 3885
7452 3885
7453 3885
7454 3885
7455 3885
7456 3885
7457 3885
7458 3885
7459 3885
7460 3885
7461 3885
7462 3885
7463 3885
7464 3885
7465 3885
7466 3885
7467 3885
7468 3885
7469 3885
7470 3885
7471 3885
7472 3885
7473 3885
7474 3885
7475 3885
7476 3885
7477 3885
7478 3882
7479 3882
7480 3880
7481 3880
7482 3880
7483 3880
7484 3880
7485 3880
7486 3880
7487 3880
7488 3880
7489 3880
7490 3880
7491 3880
7492 3880
7493 3880
7494 3880
7495 3880
7496 3880
7497 3880
7498 3880
7499 3880
7500 3880
7501 3880
7502 3880
7503 3880
7504 3880
7505 3880
7506 3880
7507 3880
7508 3880
7509 3880
7510 3880
7511 3879
7512 3879
7513 3875
7514 3875
7515 3875
7516 3875
7517 3875
7518 3875
7519 3875
7520 3875
7521 3875
7522 3875
7523 3875
7524 3875
7525 3875
7526 3875
7527 3875
7528 3875
7529 3875
7530 3875
7531 3875
7532 3875
7533 3875
7534 3875
7535 3875
7536 3875
7537 3875
7538 3875
7539 3875
7540 3875
7541 3875
7542 3875
7543 3875
7544 3875
7545 3875
7546 3875
7547 3875
7548 3875
7549 3875
7550 3875
7551 3875
7552 3875
7553 3875
7554 3875
7555 3875
7556 3870
7557 3859
7558 3859
7559 3859
7560 3859
7561 3859
7562 3859
7563 3859
7564 3859
7565 3859
7566 3859
7567 3859
7568 3859
7569 3859
7570 3859
7571 3859
7572 3859
7573 3859
7574 3859
7575 3859
7576 3859
7577 3859
7578 3859
7579 3859
7580 3859
7581 3859
7582 3859
7583 3859
7584 3859
7585 3859
7586 3859
7587 3859
7588 3859
7589 3859
7590 3859
7591 3859
7592 3859
7593 3859
7594 3859
7595 3859
7596 3859
7597 3859
7598 3859
7599 3859
7600 3859
7601 3859
7602 3859
7603 3854
7604 3843
7605 3843
7606 3843
7607 3843
7608 3843
7609 3843
7610 3843
7611 3843
7612 3843
7613 3843
7614 3843
7615 3843
7616 3843
7617 3843
7618 3843
7619 3843
7620 3843
7621 3843
7622 3843
7623 3843
7624 3843
7625 3843
7626 3843
7627 3843
7628 3843
7629 3843
7630 3843
7631 3843
7632 3843
7633 3843
7634 3843
7635 3843
7636 3843
7637 3843
7638 3843
7639 3843
7640 3841
7641 3839
7642 3838
7643 3838
7644 3838
7645 3838
7646 3838
7647 3838
7648 3838
7649 3838
7650 3838
7651 3838
7652 3838
7653 3838
7654 3838
7655 3837
7656 3837
7657 3837
7658 3836
7659 3835
7660 3835
7661 3835
7662 3835
7663 3835
7664 3835
7665 3835
7666 3835
7667 3835
7668 3835
7669 3835
7670 3835
7671 3835
7672 3835
7673 3835
7674 3835
7675 3835
7676 3835
7677 3835
7678 3835
7679 3834
7680 3833
7681 3832
7682 3832
7683 3832
7684 3832
7685 3832
7686 3832
7687 3832
7688 3832
7689 3832
7690 3831
7691 3831
7692 3829
7693 3824
7694 3820
7695 3819
7696 3817
7697 3817
7698 3817
7699 3817
7700 3816
7701 3816
7702 3816
7703 3814
7704 3813
7705 3813
7706 3812
7707 3810
7708 3806
7709 3806
7710 3805
7711 3804
7712 3801
7713 3800
7714 3800
7715 3796
7716 3793
7717 3791
7718 3791
7719 3791
7720 3791
7721 3791
7722 3791
7723 3791
7724 3791
7725 3791
7726 3791
7727 3789
7728 3789
7729 3788
7730 3788
7731 3787
7732 3787
7733 3787
7734 3787
7735 3787
7736 3787
7737 3786
7738 3786
7739 3786
7740 3786
7741 3785
7742 3784
7743 3784
7744 3780
7745 3780
7746 3778
7747 3777
7748 3777
7749 3776
7750 3771
7751 3758
7752 3756
7753 3755
7754 3753
7755 3753
7756 3752
7757 3751
7758 3750
7759 3749
7760 3748
7761 3742
7762 3741
7763 3739
7764 3734
7765 3728
7766 3709
7767 3703
7768 3701
7769 3696
7770 3693
7771 3693
7772 3690
7773 3689
7774 3685
7775 3685
7776 3684
7777 3680
7778 3679
7779 3678
7780 3677
7781 3677
7782 3671
7783 3659
7784 3654
7785 3654
7786 3653
7787 3653
7788 3650
7789 3649
7790 3645
7791 3643
7792 3641
7793 3640
7794 3637
7795 3633
7796 3632
7797 3630
7798 3629
7799 3625
7800 3622
7801 3617
7802 3615
7803 3614
7804 3613
7805 3613
7806 3612
7807 3610
7808 3610
7809 3610
7810 3609
7811 3605
7812 3603
7813 3599
7814 3599
7815 3598
7816 3597
7817 3596
7818 3593
7819 3591
7820 3589
7821 3588
7822 3586
7823 3586
7824 3586
7825 3586
7826 3586
7827 3584
7828 3583
7829 3583
7830 3583
7831 3580
7832 3578
7833 3575
7834 3573
7835 3573
7836 3572
7837 3570
7838 3570
7839 3567
7840 3565
7841 3562
7842 3560
7843 3560
7844 3558
7845 3557
7846 3556
7847 3555
7848 3552
7849 3549
7850 3548
7851 3547
7852 3540
7853 3527
7854 3527
7855 3526
7856 3522
7857 3521
7858 3519
7859 3517
7860 3514
7861 3511
7862 3510
7863 3507
7864 3505
7865 3503
7866 3500
7867 3496
7868 3491
7869 3483
7870 3478
7871 3460
7872 3451
7873 3439
7874 3431
7875 3425
7876 3421
7877 3416
7878 3414
7879 3408
7880 3408
7881 3404
7882 3403
7883 3400
7884 3397
7885 3395
7886 3395
7887 3389
7888 3387
7889 3383
7890 3376
7891 3351
7892 3345
7893 3342
7894 3341
7895 3338
7896 3338
7897 3336
7898 3332
7899 3328
7900 3323
7901 3320
7902 3314
7903 3307
7904 3297
7905 3286
7906 3281
7907 3242
7908 3236
7909 3228
7910 3226
7911 3219
7912 3217
7913 3213
7914 3206
7915 3204
7916 3200
7917 3198
7918 3161
7919 3158
7920 3157
7921 3152
7922 3146
7923 3144
7924 3136
7925 3132
7926 3129
7927 3124
7928 3105
7929 3083
7930 3080
7931 3075
7932 3072
7933 3068
7934 3061
7935 3059
7936 3054
7937 3050
7938 3046
7939 3007
7940 3005
7941 3002
7942 2997
7943 2991
7944 2984
7945 2978
7946 2973
7947 2971
7948 2967
7949 2940
7950 2919
7951 2918
7952 2915
7953 2911
7954 2904
7955 2903
7956 2902
7957 2901
7958 2892
7959 2889
7960 2858
7961 2857
7962 2855
7963 2853
7964 2848
7965 2847
7966 2847
7967 2844
7968 2840
7969 2839
7970 2816
7971 2799
7972 2799
7973 2796
7974 2796
7975 2795
7976 2792
7977 2792
7978 2789
7979 2787
7980 2787
7981 2750
7982 2750
7983 2749
7984 2748
7985 2748
7986 2748
7987 2746
7988 2745
7989 2744
7990 2742
7991 2719
7992 2700
7993 2700
7994 2700
7995 2699
7996 2698
7997 2697
7998 2695
7999 2695
8000 2693
8001 2693
8002 2664
8003 2664
8004 2664
8005 2664
8006 2664
8007 2664
8008 2664
8009 2664
8010 2664
8011 2664
8012 2647
8013 2629
8014 2629
8015 2629
8016 2629
8017 2629
8018 2629
8019 2629
8020 2629
8021 2629
8022 2629
8023 2585
8024 2585
8025 2585
8026 2585
8027 2585
8028 2585
8029 2585
8030 2585
8031 2585
8032 2585
8033 2559
8034 2534
8035 2534
8036 2534
8037 2534
8038 2534
8039 2534
8040 2534
8041 2534
8042 2534
8043 2534
8044 2497
8045 2497
8046 2497
8047 2497
8048 2497
8049 2497
8050 2497
8051 2497
8052 2497
8053 2497
8054 2479
8055 2469
8056 2469
8057 2469
8058 2469
8059 2469
8060 2469
8061 2469
8062 2469
8063 2469
8064 2469
8065 2437
8066 2437
8067 2437
8068 2437
8069 2437
8070 2437
8071 2437
8072 2437
8073 2437
8074 2437
8075 2416
8076 2397
8077 2397
8078 2397
8079 2397
8080 2397
8081 2397
8082 2397
8083 2397
8084 2397
8085 2397
8086 2363
8087 2363
8088 2363
8089 2363
8090 2363
8091 2363
8092 2363
8093 2363
8094 2363
8095 2363
8096 2345
8097 2324
8098 2324
8099 2324
8100 2324
8101 2324
8102 2324
8103 2323
8104 2323
8105 2323
8106 2323
8107 2286
8108 2286
8109 2286
8110 2286
8111 2286
8112 2286
8113 2286
8114 2286
8115 2286
8116 2286
8117 2273
8118 2259
8119 2259
8120 2259
8121 2259
8122 2259
8123 2259
8124 2259
8125 2259
8126 2259
8127 2259
8128 2225
8129 2225
8130 2225
8131 2225
8132 2225
8133 2225
8134 2225
8135 2225
8136 2225
8137 2225
8138 2209
8139 2185
8140 2185
8141 2185
8142 2185
8143 2185
8144 2185
8145 2185
8146 2185
8147 2185
8148 2185
8149 2148
8150 2148
8151 2148
8152 2148
8153 2148
8154 2148
8155 2148
8156 2148
8157 2148
8158 2148
8159 2128
8160 2109
8161 2109
8162 2109
8163 2109
8164 2109
8165 2109
8166 2109
8167 2109
8168 2109
8169 2109
8170 2084
8171 2084
8172 2084
8173 2084
8174 2084
8175 2084
8176 2084
8177 2084
8178 2084
8179 2084
8180 2080
8181 2055
8182 2055
8183 2055
8184 2055
8185 2055
8186 2055
8187 2055
8188 2055
8189 2055
8190 2055
8191 2008
8192 2008
8193 2008
8194 2008
8195 2008
8196 2008
8197 2008
8198 2008
8199 2008
8200 2008
8201 2002
8202 1982
8203 1982
8204 1982
8205 1982
8206 1982
8207 1982
8208 1982
8209 1982
8210 1982
8211 1982
8212 1949
8213 1949
8214 1949
8215 1949
8216 1949
8217 1949
8218 1949
8219 1949
8220 1949
8221 1949
8222 1944
8223 1909
8224 1909
8225 1909
8226 1909
8227 1909
8228 1909
8229 1909
8230 1909
8231 1909
8232 1909
8233 1876
8234 1870
8235 1870
8236 1870
8237 1870
8238 1870
8239 1870
8240 1870
8241 1870
8242 1870
8243 1870
8244 1836
8245 1836
8246 1836
8247 1836
8248 1836
8249 1836
8250 1836
8251 1836
8252 1836
8253 1836
8254 1836
8255 1836
8256 1815
8257 1815
8258 1815
8259 1815
8260 1815
8261 1815
8262 1815
8263 1815
8264 1815
8265 1815
8266 1815
8267 1798
8268 1798
8269 1798
8270 1798
8271 1798
8272 1798
8273 1798
8274 1798
8275 1798
8276 1798
8277 1782
8278 1772
8279 1772
8280 1772
8281 1772
8282 1772
8283 1772
8284 1772
8285 1772
8286 1772
8287 1772
8288 1742
8289 1742
8290 1742
8291 1742
8292 1742
8293 1742
8294 1742
8295 1742
8296 1742
8297 1742
8298 1735
8299 1712
8300 1712
8301 1712
8302 1712
8303 1712
8304 1712
8305 1712
8306 1712
8307 1712
8308 1712
8309 1689
8310 1689
8311 1689
8312 1689
8313 1689
8314 1689
8315 1689
8316 1689
8317 1689
8318 1689
8319 1685
8320 1657
8321 1657
8322 1657
8323 1657
8324 1657
8325 1657
8326 1657
8327 1657
8328 1657
8329 1657
8330 1657
8331 1657
8332 1657
8333 1657
8334 1657
8335 1657
8336 1657
8337 1657
8338 1646
8339 1631
8340 1631
8341 1631
8342 1631
8343 1631
8344 1631
8345 1631
8346 1631
8347 1631
8348 1631
8349 1631
8350 1631
8351 1631
8352 1631
8353 1626
8354 1606
8355 1606
8356 1606
8357 1605
8358 1610
8359 1610
8360 1614
8361 1614
8362 1614
8363 1628
8364 1646
8365 1718
8366 1897
8367 1988
8368 2021
8369 2028
8370 2097
8371 2130
8372 2129
8373 2204
8374 2334
8375 2373
8376 2441
8377 2583
8378 2571
8379 2595
8380 2667
8381 2674
8382 2754
8383 2782
8384 2790
8385 2799
8386 2820
8387 3025
8388 3001
8389 3115
8390 3141
8391 3181
8392 3188
8393 3304
8394 3301
8395 3335
8396 3370
8397 3393
8398 3372
8399 3348
8400 3383
8401 3472
8402 3696
8403 3792
8404 3791
8405 3931
8406 3981
8407 3991
8408 4247
8409 4344
8410 4633
8411 4733
8412 4884
8413 5007
8414 5150
8415 5314
8416 5621
8417 6041
8418 6289
8419 6443
8420 6669
8421 7000
8422 7145
8423 7353
8424 7666
8425 8067
8426 8269
8427 8450
8428 8865
8429 9205
8430 9612
8431 9735
8432 10034
8433 10384
8434 10600
8435 10856
8436 11304
8437 11416
8438 11755
8439 12089
8440 12463
8441 12845
8442 13056
8443 13275
8444 13613
8445 13986
8446 14260
8447 14529
8448 14873
8449 15170
8450 15309
8451 15434
8452 15626
8453 15824
8454 15890
8455 15937
8456 16080
8457 16201
8458 16267
8459 16330
8460 16464
8461 16495
8462 16541
8463 16570
8464 16622
8465 16763
8466 16899
8467 16920
8468 17018
8469 17045
8470 17108
8471 17170
8472 17156
8473 17183
8474 17222
8475 17340
8476 17361
8477 17467
8478 17568
8479 17609
8480 17707
8481 17775
8482 17822
8483 17865
8484 17931
8485 18023
8486 18096
8487 18106
8488 18158
8489 18154
8490 18174
8491 18240
8492 18319
8493 18284
8494 18290
8495 18305
8496 18447
8497 18458
8498 18558
8499 18613
8500 18726
8501 18760
8502 18823
8503 18830
8504 18798
8505 18792
8506 18849
8507 18845
8508 18878
8509 18959
8510 18970
8511 19017
8512 19024
8513 19047
8514 19009
8515 19004
8516 19003
8517 19035
8518 19030
8519 19026
8520 19023
8521 19025
8522 19022
8523 19020
8524 18985
