1 10
2 1040
3 1040
4 1040
5 1040
6 1040
7 1040
8 1040
9 1040
10 1040
11 1040
12 1040
13 1040
14 1040
15 1040
16 1040
17 1040
18 1040
19 1040
20 1040
21 1040
22 1040
23 1040
24 1040
25 1040
26 1040
27 1040
28 1040
29 1040
30 1040
31 1040
32 1040
33 1040
34 1040
35 1040
36 1040
37 1040
38 1040
39 1040
40 1040
41 1040
42 1040
43 1040
44 1040
45 1040
46 1040
47 1040
48 1040
49 1040
50 1040
51 1040
52 1040
53 1040
54 1040
55 1040
56 1040
57 1040
58 1040
59 1040
60 1040
61 1040
62 1040
63 1040
64 1040
65 1040
66 1040
67 1040
68 1040
69 1040
70 1040
71 1040
72 1040
73 1040
74 1040
75 1040
76 1040
77 1040
78 1040
79 1040
80 1040
81 1040
82 1040
83 1040
84 1040
85 1040
86 1040
87 1040
88 1040
89 1040
90 1040
91 1040
92 1040
93 1040
94 1040
95 1040
96 1040
97 1040
98 1040
99 1040
100 1040
101 1040
102 1040
103 1040
104 1040
105 1040
106 1040
107 1040
108 1040
109 1040
110 1040
111 1040
112 1040
113 1040
114 1040
115 1040
116 1040
117 1040
118 1040
119 1040
120 1040
121 1040
122 1040
123 1040
124 1040
125 1040
126 1040
127 1040
128 1040
129 1040
130 1040
131 1040
132 1040
133 1040
134 1040
135 1040
136 1040
137 1040
138 1040
139 1040
140 1040
141 1040
142 1040
143 1040
144 1040
145 1040
146 1040
147 1040
148 1040
149 1040
150 1040
151 1040
152 1040
153 1040
154 1040
155 1040
156 1040
157 1040
158 1040
159 1040
160 1040
161 1040
162 1040
163 1040
164 1040
165 1040
166 1040
167 1040
168 1040
169 1040
170 1040
171 1040
172 1040
173 1040
174 1040
175 1040
176 1040
177 1040
178 1040
179 1040
180 1040
181 1040
182 1040
183 1040
184 1040
185 1040
186 1040
187 1040
188 1040
189 1040
190 1040
191 1040
192 1040
193 1040
194 1040
195 1040
196 1040
197 1040
198 1040
199 1040
200 1040
201 1040
202 1040
203 1040
204 1040
205 1040
206 1040
207 1040
208 1040
209 1040
210 1040
211 1040
212 1040
213 1040
214 1040
215 1040
216 1040
217 1040
218 1040
219 1040
220 1040
221 1040
222 1040
223 1040
224 1040
225 1040
226 1040
227 1040
228 1040
229 1040
230 1040
231 1040
232 1040
233 1040
234 1040
235 1040
236 1040
237 1040
238 1040
239 1040
240 1040
241 1040
242 1040
243 1040
244 1040
245 1040
246 1040
247 1040
248 1040
249 1040
250 1040
251 1040
252 1040
253 1040
254 1040
255 1040
256 1040
257 1040
258 1040
259 1040
260 1040
261 1040
262 1040
263 1040
264 1040
265 1040
266 1040
267 1040
268 1040
269 1040
270 1040
271 1040
272 1040
273 1040
274 1040
275 1040
276 1040
277 1040
278 1040
279 1040
280 1040
281 1040
282 1040
283 1040
284 1040
285 1040
286 1040
287 1040
288 1040
289 1040
290 1040
291 1040
292 1040
293 1040
294 1040
295 1040
296 1040
297 1040
298 1040
299 1040
300 1040
301 1040
302 1040
303 1040
304 1040
305 1040
306 1040
307 1040
308 1040
309 1040
310 1040
311 1040
312 1040
313 1040
314 1040
315 1040
316 1040
317 1040
318 1040
319 1040
320 1040
321 1040
322 1040
323 1040
324 1040
325 1040
326 1040
327 1040
328 1040
329 1040
330 1040
331 1040
332 1040
333 1040
334 1040
335 1040
336 1040
337 1040
338 1040
339 1040
340 1040
341 1040
342 1040
343 1040
344 1040
345 1040
346 1040
347 1040
348 1040
349 1040
350 1040
351 1040
352 1040
353 1040
354 1040
355 1040
356 1040
357 1040
358 1040
359 1040
360 1040
361 1040
362 1040
363 1040
364 1040
365 1040
366 1040
367 1040
368 1040
369 1040
370 1040
371 1040
372 1040
373 1040
374 1040
375 1040
376 1040
377 1040
378 1040
379 1040
380 1040
381 1040
382 1040
383 1040
384 1040
385 1040
386 1040
387 1040
388 1040
389 1040
390 1040
391 1040
392 1040
393 1040
394 1040
395 1040
396 1040
397 1040
398 1040
399 1040
400 1040
401 1040
402 1040
403 1040
404 1040
405 1040
406 1040
407 1040
408 1040
409 1040
410 1040
411 1040
412 1040
413 1040
414 1040
415 1040
416 1040
417 1040
418 1040
419 1040
420 1040
421 1040
422 1040
423 1040
424 1040
425 1040
426 1040
427 1040
428 1040
429 1040
430 1040
431 1040
432 1040
433 1040
434 1040
435 1040
436 1040
437 1040
438 1040
439 1040
440 1040
441 1040
442 1040
443 1040
444 1040
445 1040
446 1040
447 1040
448 1040
449 1040
450 1040
451 1040
452 1040
453 1040
454 1040
455 1040
456 1040
457 1040
458 1040
459 1040
460 1040
461 1040
462 1040
463 1040
464 1040
465 1040
466 1040
467 1040
468 1040
469 1040
470 1040
471 1040
472 1040
473 1040
474 1040
475 1040
476 1040
477 1040
478 1040
479 1040
480 1040
481 1040
482 1040
483 1040
484 1040
485 1040
486 1040
487 1040
488 1040
489 1040
490 1040
491 1040
492 1040
493 1040
494 1040
495 1040
496 1040
497 1040
498 1040
499 1040
500 1040
501 1040
502 1040
503 1040
504 1040
505 1040
506 1040
507 1040
508 1040
509 1040
510 1040
511 1040
512 1040
513 1040
514 1040
515 1040
516 1040
517 1040
518 1040
519 1040
520 1040
521 1040
522 1040
523 1040
524 1040
525 1040
526 1040
527 1040
528 1040
529 1040
530 1040
531 1040
532 1040
533 1040
534 1040
535 1040
536 1040
537 1040
538 1040
539 1040
540 1040
541 1040
542 1040
543 1040
544 1040
545 1040
546 1040
547 1040
548 1040
549 1040
550 1040
551 1040
552 1040
553 1040
554 1040
555 1040
556 1040
557 1040
558 1040
559 1040
560 1040
561 1040
562 1040
563 1040
564 1040
565 1040
566 1040
567 1040
568 1040
569 1040
570 1040
571 1040
572 1040
573 1040
574 1040
575 1040
576 1040
577 1040
578 1040
579 1040
580 1040
581 1040
582 1040
583 1040
584 1040
585 1040
586 1040
587 1040
588 1040
589 1040
590 1040
591 1040
592 1040
593 1040
594 1040
595 1040
596 1040
597 1040
598 1040
599 1040
600 1040
601 1040
602 1040
603 1040
604 1040
605 1040
606 1040
607 1040
608 1040
609 1040
610 1040
611 1040
612 1040
613 1040
614 1040
615 1040
616 1040
617 1040
618 1040
619 1040
620 1040
621 1040
622 1040
623 1040
624 1040
625 1040
626 1040
627 1040
628 1040
629 1040
630 1040
631 1040
632 1040
633 1040
634 1040
635 1040
636 1040
637 1040
638 1040
639 1040
640 1040
641 1040
642 1040
643 1040
644 1040
645 1040
646 1040
647 1040
648 1040
649 1040
650 1040
651 1040
652 1040
653 1040
654 1040
655 1040
656 1040
657 1040
658 1040
659 1040
660 1040
661 1040
662 1040
663 1040
664 1040
665 1040
666 1040
667 1040
668 1040
669 1040
670 1040
671 1040
672 1040
673 1040
674 1040
675 1040
676 1040
677 1040
678 1040
679 1040
680 1040
681 1040
682 1040
683 1040
684 1040
685 1040
686 1040
687 1040
688 1040
689 1040
690 1040
691 1040
692 1040
693 1040
694 1040
695 1040
696 1040
697 1040
698 1040
699 1040
700 1040
701 1040
702 1040
703 1040
704 1040
705 1040
706 1040
707 1040
708 1040
709 1040
710 1040
711 1040
712 1040
713 1040
714 1040
715 1040
716 1040
717 1040
718 1040
719 1040
720 1040
721 1040
722 1040
723 1040
724 1040
725 1040
726 1040
727 1040
728 1040
729 1040
730 1040
731 1040
732 1040
733 1040
734 1040
735 1040
736 1040
737 1040
738 1040
739 1040
740 1040
741 1040
742 1040
743 1040
744 1040
745 1040
746 1040
747 1040
748 1040
749 1040
750 1040
751 1040
752 1040
753 1040
754 1040
755 1040
756 1040
757 1040
758 1040
759 1040
760 1040
761 1040
762 1040
763 1040
764 1040
765 1040
766 1040
767 1040
768 1040
769 1040
770 1040
771 1040
772 1040
773 1040
774 1040
775 1040
776 1040
777 1040
778 1040
779 1040
780 1040
781 1040
782 1040
783 1040
784 1040
785 1040
786 1040
787 1040
788 1040
789 1040
790 1040
791 1040
792 1040
793 1040
794 1040
795 1040
796 1040
797 1040
798 1040
799 1040
800 1040
801 1040
802 1040
803 1040
804 1040
805 1040
806 1040
807 1040
808 1040
809 1040
810 1040
811 1040
812 1040
813 1040
814 1040
815 1040
816 1040
817 1040
818 1040
819 1040
820 1040
821 1040
822 1040
823 1040
824 1040
825 1040
826 1040
827 1040
828 1040
829 1040
830 1040
831 1040
832 1040
833 1040
834 1040
835 1040
836 1040
837 1040
838 1040
839 1040
840 1040
841 1040
842 1040
843 1040
844 1040
845 1040
846 1040
847 1040
848 1040
849 1040
850 1040
851 1040
852 1040
853 1040
854 1040
855 1040
856 1040
857 1040
858 1040
859 1040
860 1040
861 1040
862 1040
863 1040
864 1040
865 1040
866 1040
867 1040
868 1040
869 1040
870 1040
871 1040
872 1040
873 1040
874 1040
875 1040
876 1040
877 1040
878 1040
879 1040
880 1040
881 1040
882 1040
883 1040
884 1040
885 1040
886 1040
887 1040
888 1040
889 1040
890 1040
891 1040
892 1040
893 1040
894 1040
895 1040
896 1040
897 1040
898 1040
899 1040
900 1040
901 1040
902 1040
903 1040
904 1040
905 1040
906 1040
907 1040
908 1040
909 1040
910 1040
911 1040
912 1040
913 1040
914 1040
915 1040
916 1040
917 1040
918 1040
919 1040
920 1040
921 1040
922 1040
923 1040
924 1040
925 1040
926 1040
927 1040
928 1040
929 1040
930 1040
931 1040
932 1040
933 1040
934 1040
935 1040
936 1040
937 1040
938 1040
939 1040
940 1040
941 1040
942 1040
943 1040
944 1040
945 1040
946 1040
947 1040
948 1040
949 1040
950 1040
951 1040
952 1040
953 1040
954 1040
955 1040
956 1040
957 1040
958 1040
959 1040
960 1040
961 1040
962 1040
963 1040
964 1040
965 1040
966 1040
967 1040
968 1040
969 1040
970 1040
971 1040
972 1040
973 1040
974 1040
975 1040
976 1040
977 1040
978 1040
979 1040
980 1040
981 1040
982 1040
983 1040
984 1040
985 1040
986 1040
987 1040
988 1040
989 1040
990 1040
991 1040
992 1040
993 1040
994 1040
995 1040
996 1040
997 1040
998 1040
999 1040
1000 1040
1001 1040
1002 1040
1003 1040
1004 1040
1005 1040
1006 1040
1007 1040
1008 1040
1009 1040
1010 1040
1011 1040
1012 1040
1013 1040
1014 1040
1015 1040
1016 1040
1017 1040
1018 1040
1019 1040
1020 1040
1021 1040
1022 1040
1023 1040
1024 1040
1025 1040
1026 1040
1027 1040
1028 1040
1029 1040
1030 1040
1031 1040
1032 1040
1033 1040
1034 1040
1035 1040
1036 1040
1037 1040
1038 1040
1039 1040
1040 1040
1041 1040
1042 1040
1043 1040
1044 1040
1045 1040
1046 1040
1047 1040
1048 1040
1049 1040
1050 1040
1051 1040
1052 1040
1053 1040
1054 1040
1055 1040
1056 1040
1057 1040
1058 1040
1059 1040
1060 1040
1061 1040
1062 1040
1063 1040
1064 1040
1065 1040
1066 1040
1067 1040
1068 1040
1069 1040
1070 1040
1071 1040
1072 1040
1073 1040
1074 1040
1075 1040
1076 1040
1077 1040
1078 1040
1079 1040
1080 1040
1081 1040
1082 1040
1083 1040
1084 1040
1085 1040
1086 1040
1087 1040
1088 1040
1089 1040
1090 1040
1091 1040
1092 1040
1093 1040
1094 1040
1095 1040
1096 1040
1097 1040
1098 1040
1099 1040
1100 1040
1101 1040
1102 1040
1103 1040
1104 1040
1105 1040
1106 1040
1107 1040
1108 1040
1109 1040
1110 1040
1111 1040
1112 1040
1113 1040
1114 1040
1115 1040
1116 1040
1117 1040
1118 1040
1119 1040
1120 1040
1121 1040
1122 1040
1123 1040
1124 1040
1125 1040
1126 1040
1127 1040
1128 1040
1129 1040
1130 1040
1131 1040
1132 1040
1133 1040
1134 1040
1135 1040
1136 1040
1137 1040
1138 1040
1139 1040
1140 1040
1141 1040
1142 1040
1143 1040
1144 1040
1145 1040
1146 1040
1147 1040
1148 1040
1149 1040
1150 1040
1151 1040
1152 1040
1153 1040
1154 1040
1155 1040
1156 1040
1157 1040
1158 1040
1159 1040
1160 1040
1161 1040
1162 1040
1163 1040
1164 1040
1165 1040
1166 1040
1167 1040
1168 1040
1169 1040
1170 1040
1171 1040
1172 1040
1173 1040
1174 1040
1175 1040
1176 1040
1177 1040
1178 1040
1179 1040
1180 1040
1181 1040
1182 1040
1183 1040
1184 1040
1185 1040
1186 1040
1187 1040
1188 1040
1189 1040
1190 1040
1191 1040
1192 1040
1193 1040
1194 1040
1195 1040
1196 1040
1197 1040
1198 1040
1199 1040
1200 1040
1201 1040
1202 1040
1203 1040
1204 1040
1205 1040
1206 1040
1207 1040
1208 1040
1209 1040
1210 1040
1211 1040
1212 1040
1213 1040
1214 1040
1215 1040
1216 1040
1217 1040
1218 1040
1219 1040
1220 1040
1221 1040
1222 1040
1223 1040
1224 1040
1225 1040
1226 1040
1227 1040
1228 1040
1229 1040
1230 1040
1231 1040
1232 1040
1233 1040
1234 1040
1235 1040
1236 1040
1237 1040
1238 1040
1239 1040
1240 1040
1241 1040
1242 1040
1243 1040
1244 1040
1245 1040
1246 1040
1247 1040
1248 1040
1249 1040
1250 1040
1251 1040
1252 1040
1253 1040
1254 1040
1255 1040
1256 1040
1257 1040
1258 1040
1259 1040
1260 1040
1261 1040
1262 1040
1263 1040
1264 1040
1265 1040
1266 1040
1267 1040
1268 1040
1269 1040
1270 1040
1271 1040
1272 1040
1273 1040
1274 1040
1275 1040
1276 1040
1277 1040
1278 1040
1279 1040
1280 1040
1281 1040
1282 1040
1283 1040
1284 1040
1285 1040
1286 1040
1287 1040
1288 1040
1289 1040
1290 1040
1291 1040
1292 1040
1293 1040
1294 1040
1295 1040
1296 1040
1297 1040
1298 1040
1299 1040
1300 1040
1301 1040
1302 1040
1303 1040
1304 1040
1305 1040
1306 1040
1307 1040
1308 1040
1309 1040
1310 1040
1311 1040
1312 1040
1313 1040
1314 1040
1315 1040
1316 1040
1317 1040
1318 1040
1319 1040
1320 1040
1321 1040
1322 1040
1323 1040
1324 1040
1325 1040
1326 1040
1327 1040
1328 1040
1329 1040
1330 1040
1331 1040
1332 1040
1333 1040
1334 1040
1335 1040
1336 1040
1337 1040
1338 1040
1339 1040
1340 1040
1341 1040
1342 1040
1343 1040
1344 1040
1345 1040
1346 1040
1347 1040
1348 1040
1349 1040
1350 1040
1351 1040
1352 1040
1353 1040
1354 1040
1355 1040
1356 1040
1357 1040
1358 1040
1359 1040
1360 1040
1361 1040
1362 1040
1363 1040
1364 1040
1365 1040
1366 1040
1367 1040
1368 1040
1369 1040
1370 1040
1371 1040
1372 1040
1373 1040
1374 1040
1375 1040
1376 1040
1377 1040
1378 1040
1379 1040
1380 1040
1381 1040
1382 1040
1383 1040
1384 1040
1385 1040
1386 1040
1387 1040
1388 1040
1389 1040
1390 1040
1391 1040
1392 1040
1393 1040
1394 1040
1395 1040
1396 1040
1397 1040
1398 1040
1399 1040
1400 1040
1401 1040
1402 1040
1403 1040
1404 1040
1405 1040
1406 1040
1407 1040
1408 1040
1409 1040
1410 1040
1411 1040
1412 1040
1413 1040
1414 1040
1415 1040
1416 1040
1417 1040
1418 1040
1419 1040
1420 1040
1421 1040
1422 1040
1423 1040
1424 1040
1425 1040
1426 1040
1427 1040
1428 1040
1429 1040
1430 1040
1431 1040
1432 1040
1433 1040
1434 1040
1435 1040
1436 1040
1437 1040
1438 1040
1439 1040
1440 1040
1441 1040
1442 1040
1443 1040
1444 1040
1445 1040
1446 1040
1447 1040
1448 1040
1449 1040
1450 1040
1451 1040
1452 1040
1453 1040
1454 1040
1455 1040
1456 1040
1457 1040
1458 1040
1459 1040
1460 1040
1461 1040
1462 1040
1463 1040
1464 1040
1465 1040
1466 1040
1467 1040
1468 1040
1469 1040
1470 1040
1471 1040
1472 1040
1473 1040
1474 1040
1475 1040
1476 1040
1477 1040
1478 1040
1479 1040
1480 1040
1481 1040
1482 1040
1483 1040
1484 1040
1485 1040
1486 1040
1487 1040
1488 1040
1489 1040
1490 1040
1491 1040
1492 1040
1493 1040
1494 1040
1495 1040
1496 1040
1497 1040
1498 1040
1499 1040
1500 1040
1501 1040
1502 1040
1503 1040
1504 1040
1505 1040
1506 1040
1507 1040
1508 1040
1509 1040
1510 1040
1511 1040
1512 1040
1513 1040
1514 1040
1515 1040
1516 1040
1517 1040
1518 1040
1519 1040
1520 1040
1521 1040
1522 1040
1523 1040
1524 1040
1525 1040
1526 1040
1527 1040
1528 1040
1529 1040
1530 1040
1531 1040
1532 1040
1533 1040
1534 1040
1535 1040
1536 1040
1537 1040
1538 1040
1539 1040
1540 1040
1541 1040
1542 1040
1543 1040
1544 1040
1545 1040
1546 1040
1547 1040
1548 1040
1549 1040
1550 1040
1551 1040
1552 1040
1553 1040
1554 1040
1555 1040
1556 1040
1557 1040
1558 1040
1559 1040
1560 1040
1561 1040
1562 1040
1563 1040
1564 1040
1565 1040
1566 1040
1567 1040
1568 1040
1569 1040
1570 1040
1571 1040
1572 1040
1573 1040
1574 1040
1575 1040
1576 1040
1577 1040
1578 1040
1579 1040
1580 1040
1581 1040
1582 1040
1583 1040
1584 1040
1585 1040
1586 1040
1587 1040
1588 1040
1589 1040
1590 1040
1591 1040
1592 1040
1593 1040
1594 1040
1595 1040
1596 1040
1597 1040
1598 1040
1599 1040
1600 1040
1601 1040
1602 1040
1603 1040
1604 1040
1605 1040
1606 1040
1607 1040
1608 1040
1609 1040
1610 1040
1611 1040
1612 1040
1613 1040
1614 1040
1615 1040
1616 1040
1617 1040
1618 1040
1619 1040
1620 1040
1621 1040
1622 1040
1623 1040
1624 1040
1625 1040
1626 1040
1627 1040
1628 1040
1629 1040
1630 1040
1631 1040
1632 1040
1633 1040
1634 1040
1635 1040
1636 1040
1637 1040
1638 1040
1639 1040
1640 1040
1641 1040
1642 1040
1643 1040
1644 1040
1645 1040
1646 1040
1647 1040
1648 1040
1649 1040
1650 1040
1651 1040
1652 1040
1653 1040
1654 1040
1655 1040
1656 1040
1657 1040
1658 1040
1659 1040
1660 1040
1661 1040
1662 1040
1663 1040
1664 1040
1665 1040
1666 1040
1667 1040
1668 1040
1669 1040
1670 1040
1671 1040
1672 1040
1673 1040
1674 1040
1675 1040
1676 1040
1677 1040
1678 1040
1679 1040
1680 1040
1681 1040
1682 1040
1683 1040
1684 1040
1685 1040
1686 1040
1687 1040
1688 1040
1689 1040
1690 1040
1691 1040
1692 1040
1693 1040
1694 1040
1695 1040
1696 1040
1697 1040
1698 1040
1699 1040
1700 1040
1701 1040
1702 1040
1703 1040
1704 1040
1705 1040
1706 1040
1707 1040
1708 1040
1709 1040
1710 1040
1711 1040
1712 1040
1713 1040
1714 1040
1715 1040
1716 1040
1717 1040
1718 1040
1719 1040
1720 1040
1721 1040
1722 1040
1723 1040
1724 1040
1725 1040
1726 1040
1727 1040
1728 1040
1729 1040
1730 1040
1731 1040
1732 1040
1733 1040
1734 1040
1735 1040
1736 1040
1737 1040
1738 1040
1739 1040
1740 1040
1741 1040
1742 1040
1743 1040
1744 1040
1745 1040
1746 1040
1747 1040
1748 1040
1749 1040
1750 1040
1751 1040
1752 1040
1753 1040
1754 1040
1755 1040
1756 1040
1757 1040
1758 1040
1759 1040
1760 1040
1761 1040
1762 1040
1763 1040
1764 1040
1765 1040
1766 1040
1767 1040
1768 1040
1769 1040
1770 1040
1771 1040
1772 1040
1773 1040
1774 1040
1775 1040
1776 1040
1777 1040
1778 1040
1779 1040
1780 1040
1781 1040
1782 1040
1783 1040
1784 1040
1785 1040
1786 1040
1787 1040
1788 1040
1789 1040
1790 1040
1791 1040
1792 1040
1793 1040
1794 1040
1795 1040
1796 1040
1797 1040
1798 1040
1799 1040
1800 1040
1801 1040
1802 1040
1803 1040
1804 1040
1805 1040
1806 1040
1807 1040
1808 1040
1809 1040
1810 1040
1811 1040
1812 1040
1813 1040
1814 1040
1815 1040
1816 1040
1817 1040
1818 1040
1819 1040
1820 1040
1821 1040
1822 1040
1823 1040
1824 1040
1825 1040
1826 1040
1827 1040
1828 1040
1829 1040
1830 1040
1831 1040
1832 1040
1833 1040
1834 1040
1835 1040
1836 1040
1837 1040
1838 1040
1839 1040
1840 1040
1841 1040
1842 1040
1843 1040
1844 1040
1845 1040
1846 1040
1847 1040
1848 1040
1849 1040
1850 1040
1851 1040
1852 1040
1853 1040
1854 1040
1855 1040
1856 1040
1857 1040
1858 1040
1859 1040
1860 1040
1861 1040
1862 1040
1863 1040
1864 1040
1865 1040
1866 1040
1867 1040
1868 1040
1869 1040
1870 1040
1871 1040
1872 1040
1873 1040
1874 1040
1875 1040
1876 1040
1877 1040
1878 1040
1879 1040
1880 1040
1881 1040
1882 1040
1883 1040
1884 1040
1885 1040
1886 1040
1887 1040
1888 1040
1889 1040
1890 1040
1891 1040
1892 1040
1893 1040
1894 1040
1895 1040
1896 1040
1897 1040
1898 1040
1899 1040
1900 1040
1901 1040
1902 1040
1903 1040
1904 1040
1905 1040
1906 1040
1907 1040
1908 1040
1909 1040
1910 1040
1911 1040
1912 1040
1913 1040
1914 1040
1915 1040
1916 1040
1917 1040
1918 1040
1919 1040
1920 1040
1921 1040
1922 1040
1923 1040
1924 1040
1925 1040
1926 1040
1927 1040
1928 1040
1929 1040
1930 1040
1931 1040
1932 1040
1933 1040
1934 1040
1935 1040
1936 1040
1937 1040
1938 1040
1939 1040
1940 1040
1941 1040
1942 1040
1943 1040
1944 1040
1945 1040
1946 1040
1947 1040
1948 1040
1949 1040
1950 1040
1951 1040
1952 1040
1953 1040
1954 1040
1955 1040
1956 1040
1957 1040
1958 1040
1959 1040
1960 1040
1961 1040
1962 1040
1963 1040
1964 1040
1965 1040
1966 1040
1967 1040
1968 1040
1969 1040
1970 1040
1971 1040
1972 1040
1973 1040
1974 1040
1975 1040
1976 1040
1977 1040
1978 1040
1979 1040
1980 1040
1981 1040
1982 1040
1983 1040
1984 1040
1985 1040
1986 1040
1987 1040
1988 1040
1989 1040
1990 1040
1991 1040
1992 1040
1993 1040
1994 1040
1995 1040
1996 1040
1997 1040
1998 1040
1999 1040
2000 1040
2001 1040
2002 1040
2003 1040
2004 1040
2005 1040
2006 1040
2007 1040
2008 1040
2009 1040
2010 1040
2011 1040
2012 1040
2013 1040
2014 1040
2015 1040
2016 1040
2017 1040
2018 1040
2019 1040
2020 1040
2021 1040
2022 1040
2023 1040
2024 1040
2025 1040
2026 1040
2027 1040
2028 1040
2029 1040
2030 1040
2031 1040
2032 1040
2033 1040
2034 1040
2035 1040
2036 1040
2037 1040
2038 1040
2039 1040
2040 1040
2041 1040
2042 1040
2043 1040
2044 1040
2045 1040
2046 1040
2047 1040
2048 1040
2049 1040
2050 1040
2051 1040
2052 1040
2053 1040
2054 1040
2055 1040
2056 1040
2057 1040
2058 1040
2059 1040
2060 1040
2061 1040
2062 1040
2063 1040
2064 1040
2065 1040
2066 1040
2067 1040
2068 1040
2069 1040
2070 1040
2071 1040
2072 1040
2073 1040
2074 1040
2075 1040
2076 1040
2077 1040
2078 1040
2079 1040
2080 1040
2081 1040
2082 1040
2083 1040
2084 1040
2085 1040
2086 1040
2087 1040
2088 1040
2089 1040
2090 1040
2091 1040
2092 1040
2093 1040
2094 1040
2095 1040
2096 1040
2097 1040
2098 1040
2099 1040
2100 1040
2101 1040
2102 1040
2103 1040
2104 1040
2105 1040
2106 1040
2107 1040
2108 1040
2109 1040
2110 1040
2111 1040
2112 1040
2113 1040
2114 1040
2115 1040
2116 1040
2117 1040
2118 1040
2119 1040
2120 1040
2121 1040
2122 1040
2123 1040
2124 1040
2125 1040
2126 1040
2127 1040
2128 1040
2129 1040
2130 1040
2131 1040
2132 1040
2133 1040
2134 1040
2135 1040
2136 1040
2137 1040
2138 1040
2139 1040
2140 1040
2141 1040
2142 1040
2143 1040
2144 1040
2145 1040
2146 1040
2147 1040
2148 1040
2149 1040
2150 1040
2151 1040
2152 1040
2153 1040
2154 1040
2155 1040
2156 1040
2157 1040
2158 1040
2159 1040
2160 1040
2161 1040
2162 1040
2163 1040
2164 1040
2165 1040
2166 1040
2167 1040
2168 1040
2169 1040
2170 1040
2171 1040
2172 1040
2173 1040
2174 1040
2175 1040
2176 1040
2177 1040
2178 1040
2179 1040
2180 1040
2181 1040
2182 1040
2183 1040
2184 1040
2185 1040
2186 1040
2187 1040
2188 1040
2189 1040
2190 1040
2191 1040
2192 1040
2193 1040
2194 1040
2195 1040
2196 1040
2197 1040
2198 1040
2199 1040
2200 1040
2201 1040
2202 1040
2203 1040
2204 1040
2205 1040
2206 1040
2207 1040
2208 1040
2209 1040
2210 1040
2211 1040
2212 1040
2213 1040
2214 1040
2215 1040
2216 1040
2217 1040
2218 1040
2219 1040
2220 1040
2221 1040
2222 1040
2223 1040
2224 1040
2225 1040
2226 1040
2227 1040
2228 1040
2229 1040
2230 1040
2231 1040
2232 1040
2233 1040
2234 1040
2235 1040
2236 1040
2237 1040
2238 1040
2239 1040
2240 1040
2241 1040
2242 1040
2243 1040
2244 1040
2245 1040
2246 1040
2247 1040
2248 1040
2249 1040
2250 1040
2251 1040
2252 1040
2253 1040
2254 1040
2255 1040
2256 1040
2257 1040
2258 1040
2259 1040
2260 1040
2261 1040
2262 1040
2263 1040
2264 1040
2265 1040
2266 1040
2267 1040
2268 1040
2269 1040
2270 1040
2271 1040
2272 1040
2273 1040
2274 1040
2275 1040
2276 1040
2277 1040
2278 1040
2279 1040
2280 1040
2281 1040
2282 1040
2283 1040
2284 1040
2285 1040
2286 1040
2287 1040
2288 1040
2289 1040
2290 1040
2291 1040
2292 1040
2293 1040
2294 1040
2295 1040
2296 1040
2297 1040
2298 1040
2299 1040
2300 1040
2301 1040
2302 1040
2303 1040
2304 1040
2305 1040
2306 1040
2307 1040
2308 1040
2309 1040
2310 1040
2311 1040
2312 1040
2313 1040
2314 1040
2315 1040
2316 1040
2317 1040
2318 1040
2319 1040
2320 1040
2321 1040
2322 1040
2323 1040
2324 1040
2325 1040
2326 1040
2327 1040
2328 1040
2329 1040
2330 1040
2331 1040
2332 1040
2333 1040
2334 1040
2335 1040
2336 1040
2337 1040
2338 1040
2339 1040
2340 1040
2341 1040
2342 1040
2343 1040
2344 1040
2345 1040
2346 1040
2347 1040
2348 1040
2349 1040
2350 1040
2351 1040
2352 1040
2353 1040
2354 1040
2355 1040
2356 1040
2357 1040
2358 1040
2359 1040
2360 1040
2361 1040
2362 1040
2363 1040
2364 1040
2365 1040
2366 1040
2367 1040
2368 1040
2369 1040
2370 1040
2371 1040
2372 1040
2373 1040
2374 1040
2375 1040
2376 1040
2377 1040
2378 1040
2379 1040
2380 1040
2381 1040
2382 1040
2383 1040
2384 1040
2385 1040
2386 1040
2387 1040
2388 1040
2389 1040
2390 1040
2391 1040
2392 1040
2393 1040
2394 1040
2395 1040
2396 1040
2397 1040
2398 1040
2399 1040
2400 1040
2401 1040
2402 1040
2403 1040
2404 1040
2405 1040
2406 1040
2407 1040
2408 1040
2409 1040
2410 1040
2411 1040
2412 1040
2413 1040
2414 1040
2415 1040
2416 1040
2417 1040
2418 1040
2419 1040
2420 1040
2421 1040
2422 1040
2423 1040
2424 1040
2425 1040
2426 1040
2427 1040
2428 1040
2429 1040
2430 1040
2431 1040
2432 1040
2433 1040
2434 1040
2435 1040
2436 1040
2437 1040
2438 1040
2439 1040
2440 1040
2441 1040
2442 1040
2443 1040
2444 1040
2445 1040
2446 1040
2447 1040
2448 1040
2449 1040
2450 1040
2451 1040
2452 1040
2453 1040
2454 1040
2455 1040
2456 1040
2457 1040
2458 1040
2459 1040
2460 1040
2461 1040
2462 1040
2463 1040
2464 1040
2465 1040
2466 1040
2467 1040
2468 1040
2469 1040
2470 1040
2471 1040
2472 1040
2473 1040
2474 1040
2475 1040
2476 1040
2477 1040
2478 1040
2479 1040
2480 1040
2481 1040
2482 1040
2483 1040
2484 1040
2485 1040
2486 1040
2487 1040
2488 1040
2489 1040
2490 1040
2491 1040
2492 1040
2493 1040
2494 1040
2495 1040
2496 1040
2497 1040
2498 1040
2499 1040
2500 1040
2501 1040
2502 1040
2503 1040
2504 1040
2505 1040
2506 1040
2507 1040
2508 1040
2509 1040
2510 1040
2511 1040
2512 1040
2513 1040
2514 1040
2515 1040
2516 1040
2517 1040
2518 1040
2519 1040
2520 1040
2521 1040
2522 1040
2523 1040
2524 1040
2525 1040
2526 1040
2527 1040
2528 1040
2529 1040
2530 1040
2531 1040
2532 1040
2533 1040
2534 1040
2535 1040
2536 1040
2537 1040
2538 1040
2539 1040
2540 1040
2541 1040
2542 1040
2543 1040
2544 1040
2545 1040
2546 1040
2547 1040
2548 1040
2549 1040
2550 1040
2551 1040
2552 1040
2553 1040
2554 1040
2555 1040
2556 1040
2557 1040
2558 1040
2559 1040
2560 1040
2561 1040
2562 1040
2563 1040
2564 1040
2565 1040
2566 1040
2567 1040
2568 1040
2569 1040
2570 1040
2571 1040
2572 1040
2573 1040
2574 1040
2575 1040
2576 1040
2577 1040
2578 1040
2579 1040
2580 1040
2581 1040
2582 1040
2583 1040
2584 1040
2585 1040
2586 1040
2587 1040
2588 1040
2589 1040
2590 1040
2591 1040
2592 1040
2593 1040
2594 1040
2595 1040
2596 1040
2597 1040
2598 1040
2599 1040
2600 1040
2601 1040
2602 1040
2603 1040
2604 1040
2605 1040
2606 1040
2607 1040
2608 1040
2609 1040
2610 1040
2611 1040
2612 1040
2613 1040
2614 1040
2615 1040
2616 1040
2617 1040
2618 1040
2619 1040
2620 1040
2621 1040
2622 1040
2623 1040
2624 1040
2625 1040
2626 1040
2627 1040
2628 1040
2629 1040
2630 1040
2631 1040
2632 1040
2633 1040
2634 1040
2635 1040
2636 1040
2637 1040
2638 1040
2639 1040
2640 1040
2641 1040
2642 1040
2643 1040
2644 1040
2645 1040
2646 1040
2647 1040
2648 1040
2649 1040
2650 1040
2651 1040
2652 1040
2653 1040
2654 1040
2655 1040
2656 1040
2657 1040
2658 1040
2659 1040
2660 1040
2661 1040
2662 1040
2663 1040
2664 1040
2665 1040
2666 1040
2667 1040
2668 1040
2669 1040
2670 1040
2671 1040
2672 1040
2673 1040
2674 1040
2675 1040
2676 1040
2677 1040
2678 1040
2679 1040
2680 1040
2681 1040
2682 1040
2683 1040
2684 1040
2685 1040
2686 1039
2687 1038
2688 1037
2689 1036
2690 1036
2691 1036
2692 1036
2693 1036
2694 1036
2695 1036
2696 1036
2697 1036
2698 1036
2699 1036
2700 1035
2701 1035
2702 1035
2703 1035
2704 1035
2705 1034
2706 1034
2707 1034
2708 1033
2709 1033
2710 1033
2711 1033
2712 1033
2713 1033
2714 1033
2715 1033
2716 1033
2717 1033
2718 1033
2719 1033
2720 1033
2721 1033
2722 1033
2723 1033
2724 1033
2725 1033
2726 1033
2727 1031
2728 1031
2729 1031
2730 1031
2731 1031
2732 1031
2733 1031
2734 1031
2735 1031
2736 1031
2737 1031
2738 1031
2739 1030
2740 1030
2741 1030
2742 1030
2743 1030
2744 1030
2745 1030
2746 1029
2747 1029
2748 1029
2749 1029
2750 1029
2751 1029
2752 1029
2753 1029
2754 1029
2755 1029
2756 1029
2757 1029
2758 1029
2759 1029
2760 1029
2761 1029
2762 1029
2763 1029
2764 1028
2765 1028
2766 1028
2767 1027
2768 1027
2769 1024
2770 1021
2771 1017
2772 1017
2773 1017
2774 1017
2775 1017
2776 1017
2777 1017
2778 1017
2779 1017
2780 1017
2781 1017
2782 1017
2783 1017
2784 1017
2785 1017
2786 1017
2787 1017
2788 1016
2789 1016
2790 1016
2791 1016
2792 1016
2793 1016
2794 1016
2795 1016
2796 1015
2797 1015
2798 1015
2799 1015
2800 1015
2801 1015
2802 1015
2803 1015
2804 1015
2805 1015
2806 1015
2807 1014
2808 1014
2809 1014
2810 1013
2811 1013
2812 1013
2813 1013
2814 1013
2815 1013
2816 1013
2817 1013
2818 1012
2819 1012
2820 1012
2821 1012
2822 1011
2823 1011
2824 1010
2825 1010
2826 1010
2827 1010
2828 1010
2829 1010
2830 1010
2831 1010
2832 1010
2833 1010
2834 1007
2835 1003
2836 999
2837 999
2838 998
2839 997
2840 997
2841 997
2842 997
2843 997
2844 997
2845 997
2846 997
2847 997
2848 997
2849 997
2850 997
2851 997
2852 997
2853 997
2854 997
2855 997
2856 997
2857 997
2858 997
2859 997
2860 997
2861 997
2862 997
2863 997
2864 997
2865 997
2866 997
2867 997
2868 997
2869 997
2870 997
2871 997
2872 997
2873 997
2874 997
2875 996
2876 996
2877 996
2878 996
2879 996
2880 996
2881 996
2882 996
2883 996
2884 996
2885 996
2886 996
2887 996
2888 996
2889 996
2890 996
2891 996
2892 996
2893 996
2894 996
2895 996
2896 996
2897 996
2898 995
2899 990
2900 990
2901 988
2902 988
2903 988
2904 988
2905 988
2906 988
2907 988
2908 987
2909 987
2910 987
2911 987
2912 987
2913 987
2914 987
2915 987
2916 987
2917 987
2918 987
2919 986
2920 986
2921 986
2922 986
2923 986
2924 986
2925 986
2926 986
2927 986
2928 986
2929 986
2930 986
2931 986
2932 986
2933 986
2934 986
2935 986
2936 986
2937 986
2938 986
2939 986
2940 986
2941 986
2942 986
2943 986
2944 986
2945 986
2946 986
2947 986
2948 986
2949 986
2950 986
2951 986
2952 985
2953 985
2954 984
2955 984
2956 984
2957 983
2958 983
2959 983
2960 983
2961 982
2962 982
2963 982
2964 982
2965 982
2966 977
2967 977
2968 973
2969 973
2970 973
2971 973
2972 972
2973 972
2974 972
2975 972
2976 972
2977 972
2978 972
2979 972
2980 972
2981 972
2982 972
2983 972
2984 972
2985 972
2986 972
2987 972
2988 972
2989 972
2990 971
2991 971
2992 971
2993 971
2994 971
2995 971
2996 971
2997 971
2998 971
2999 971
3000 971
3001 971
3002 971
3003 971
3004 970
3005 970
3006 970
3007 970
3008 970
3009 970
3010 970
3011 970
3012 970
3013 970
3014 970
3015 970
3016 970
3017 970
3018 970
3019 970
3020 970
3021 969
3022 969
3023 969
3024 969
3025 969
3026 969
3027 969
3028 969
3029 969
3030 968
3031 968
3032 968
3033 962
3034 955
3035 950
3036 950
3037 950
3038 950
3039 950
3040 950
3041 950
3042 950
3043 950
3044 950
3045 950
3046 950
3047 949
3048 949
3049 949
3050 949
3051 949
3052 949
3053 949
3054 949
3055 949
3056 949
3057 949
3058 949
3059 949
3060 949
3061 949
3062 949
3063 949
3064 949
3065 949
3066 949
3067 948
3068 948
3069 947
3070 947
3071 947
3072 947
3073 947
3074 947
3075 947
3076 947
3077 947
3078 947
3079 947
3080 947
3081 947
3082 947
3083 947
3084 947
3085 947
3086 947
3087 947
3088 947
3089 947
3090 947
3091 947
3092 946
3093 946
3094 946
3095 939
3096 936
3097 933
3098 931
3099 931
3100 931
3101 931
3102 931
3103 931
3104 931
3105 931
3106 930
3107 930
3108 930
3109 929
3110 929
3111 929
3112 929
3113 929
3114 929
3115 929
3116 929
3117 929
3118 928
3119 928
3120 927
3121 926
3122 926
3123 926
3124 926
3125 926
3126 926
3127 926
3128 926
3129 926
3130 926
3131 926
3132 926
3133 926
3134 926
3135 925
3136 925
3137 925
3138 925
3139 925
3140 925
3141 925
3142 925
3143 924
3144 924
3145 924
3146 924
3147 924
3148 924
3149 923
3150 923
3151 923
3152 923
3153 923
3154 923
3155 916
3156 911
3157 907
3158 907
3159 907
3160 907
3161 907
3162 907
3163 907
3164 907
3165 906
3166 906
3167 906
3168 905
3169 905
3170 905
3171 905
3172 905
3173 905
3174 905
3175 905
3176 905
3177 904
3178 904
3179 904
3180 904
3181 904
3182 904
3183 904
3184 904
3185 904
3186 904
3187 904
3188 904
3189 904
3190 904
3191 903
3192 903
3193 903
3194 903
3195 903
3196 903
3197 903
3198 903
3199 903
3200 903
3201 903
3202 903
3203 903
3204 903
3205 903
3206 903
3207 903
3208 903
3209 903
3210 903
3211 903
3212 903
3213 903
3214 903
3215 903
3216 899
3217 894
3218 887
3219 881
3220 881
3221 881
3222 881
3223 881
3224 881
3225 881
3226 881
3227 881
3228 881
3229 881
3230 881
3231 881
3232 881
3233 881
3234 881
3235 881
3236 880
3237 880
3238 880
3239 880
3240 880
3241 879
3242 879
3243 879
3244 879
3245 879
3246 879
3247 879
3248 878
3249 878
3250 878
3251 878
3252 878
3253 878
3254 878
3255 878
3256 878
3257 878
3258 878
3259 878
3260 878
3261 878
3262 878
3263 878
3264 878
3265 878
3266 878
3267 878
3268 878
3269 878
3270 878
3271 878
3272 878
3273 878
3274 878
3275 868
3276 851
3277 851
3278 851
3279 848
3280 848
3281 848
3282 848
3283 848
3284 848
3285 848
3286 848
3287 848
3288 848
3289 848
3290 848
3291 848
3292 848
3293 848
3294 848
3295 848
3296 848
3297 848
3298 848
3299 848
3300 848
3301 848
3302 848
3303 848
3304 848
3305 848
3306 848
3307 848
3308 848
3309 848
3310 848
3311 848
3312 848
3313 848
3314 848
3315 848
3316 848
3317 848
3318 848
3319 848
3320 848
3321 848
3322 848
3323 848
3324 848
3325 848
3326 848
3327 848
3328 848
3329 848
3330 848
3331 844
3332 837
3333 828
3334 825
3335 825
3336 825
3337 825
3338 825
3339 825
3340 825
3341 825
3342 825
3343 825
3344 825
3345 825
3346 825
3347 825
3348 825
3349 825
3350 825
3351 825
3352 825
3353 825
3354 825
3355 825
3356 825
3357 825
3358 825
3359 825
3360 825
3361 825
3362 825
3363 825
3364 825
3365 825
3366 825
3367 825
3368 825
3369 825
3370 825
3371 825
3372 825
3373 825
3374 825
3375 825
3376 825
3377 825
3378 825
3379 825
3380 825
3381 825
3382 825
3383 825
3384 825
3385 825
3386 825
3387 825
3388 825
3389 825
3390 825
3391 818
3392 810
3393 808
3394 808
3395 808
3396 808
3397 808
3398 808
3399 808
3400 808
3401 808
3402 808
3403 808
3404 808
3405 808
3406 808
3407 808
3408 808
3409 808
3410 808
3411 808
3412 808
3413 808
3414 808
3415 808
3416 808
3417 808
3418 808
3419 808
3420 808
3421 808
3422 808
3423 808
3424 808
3425 808
3426 808
3427 808
3428 808
3429 808
3430 808
3431 808
3432 808
3433 808
3434 808
3435 808
3436 808
3437 808
3438 808
3439 808
3440 808
3441 808
3442 808
3443 808
3444 808
3445 808
3446 808
3447 808
3448 806
3449 795
3450 787
3451 783
3452 783
3453 783
3454 783
3455 783
3456 783
3457 783
3458 783
3459 783
3460 783
3461 783
3462 783
3463 783
3464 783
3465 783
3466 783
3467 783
3468 783
3469 783
3470 783
3471 783
3472 783
3473 783
3474 783
3475 783
3476 783
3477 783
3478 783
3479 783
3480 783
3481 783
3482 783
3483 783
3484 783
3485 783
3486 783
3487 783
3488 783
3489 783
3490 783
3491 783
3492 783
3493 783
3494 783
3495 783
3496 783
3497 783
3498 783
3499 783
3500 783
3501 783
3502 783
3503 783
3504 783
3505 783
3506 783
3507 783
3508 783
3509 783
3510 783
3511 783
3512 783
3513 783
3514 782
3515 771
3516 769
3517 769
3518 769
3519 769
3520 769
3521 769
3522 769
3523 769
3524 769
3525 769
3526 769
3527 769
3528 769
3529 769
3530 769
3531 769
3532 769
3533 769
3534 769
3535 769
3536 769
3537 769
3538 769
3539 769
3540 769
3541 769
3542 769
3543 769
3544 769
3545 769
3546 769
3547 769
3548 769
3549 769
3550 769
3551 769
3552 769
3553 769
3554 769
3555 769
3556 769
3557 769
3558 769
3559 769
3560 769
3561 769
3562 769
3563 769
3564 769
3565 769
3566 769
3567 769
3568 769
3569 769
3570 767
3571 756
3572 742
3573 738
3574 738
3575 738
3576 738
3577 738
3578 738
3579 738
3580 738
3581 738
3582 738
3583 738
3584 738
3585 738
3586 738
3587 738
3588 738
3589 738
3590 738
3591 738
3592 738
3593 738
3594 738
3595 738
3596 738
3597 738
3598 738
3599 738
3600 738
3601 738
3602 738
3603 738
3604 738
3605 738
3606 738
3607 738
3608 738
3609 738
3610 738
3611 738
3612 738
3613 738
3614 738
3615 738
3616 738
3617 738
3618 738
3619 738
3620 738
3621 738
3622 738
3623 738
3624 738
3625 738
3626 738
3627 738
3628 733
3629 725
3630 722
3631 722
3632 722
3633 722
3634 722
3635 722
3636 722
3637 722
3638 722
3639 722
3640 722
3641 722
3642 722
3643 722
3644 722
3645 722
3646 722
3647 722
3648 722
3649 722
3650 722
3651 722
3652 722
3653 722
3654 722
3655 722
3656 722
3657 722
3658 722
3659 722
3660 722
3661 722
3662 722
3663 722
3664 722
3665 722
3666 722
3667 722
3668 722
3669 722
3670 722
3671 722
3672 722
3673 722
3674 722
3675 722
3676 722
3677 722
3678 722
3679 722
3680 722
3681 722
3682 722
3683 716
3684 711
3685 707
3686 707
3687 707
3688 707
3689 707
3690 707
3691 707
3692 707
3693 707
3694 707
3695 707
3696 707
3697 707
3698 707
3699 707
3700 707
3701 707
3702 707
3703 707
3704 707
3705 707
3706 707
3707 707
3708 707
3709 707
3710 707
3711 707
3712 707
3713 707
3714 707
3715 707
3716 707
3717 707
3718 707
3719 707
3720 707
3721 707
3722 707
3723 707
3724 707
3725 707
3726 707
3727 707
3728 707
3729 707
3730 707
3731 707
3732 707
3733 707
3734 707
3735 707
3736 707
3737 707
3738 707
3739 707
3740 707
3741 707
3742 702
3743 696
3744 691
3745 691
3746 691
3747 691
3748 691
3749 691
3750 691
3751 691
3752 691
3753 691
3754 691
3755 691
3756 691
3757 691
3758 691
3759 691
3760 691
3761 691
3762 691
3763 691
3764 691
3765 691
3766 691
3767 691
3768 691
3769 691
3770 691
3771 691
3772 691
3773 691
3774 691
3775 691
3776 691
3777 691
3778 691
3779 691
3780 691
3781 691
3782 691
3783 691
3784 691
3785 691
3786 691
3787 691
3788 691
3789 691
3790 691
3791 691
3792 691
3793 691
3794 691
3795 691
3796 691
3797 691
3798 691
3799 691
3800 691
3801 691
3802 686
3803 683
3804 679
3805 678
3806 678
3807 678
3808 678
3809 678
3810 678
3811 678
3812 678
3813 678
3814 678
3815 678
3816 678
3817 678
3818 678
3819 678
3820 678
3821 678
3822 678
3823 678
3824 678
3825 678
3826 678
3827 678
3828 678
3829 678
3830 678
3831 678
3832 678
3833 678
3834 678
3835 678
3836 678
3837 678
3838 678
3839 678
3840 678
3841 678
3842 678
3843 678
3844 678
3845 678
3846 678
3847 678
3848 678
3849 678
3850 678
3851 678
3852 678
3853 678
3854 678
3855 678
3856 678
3857 678
3858 678
3859 678
3860 678
3861 678
3862 678
3863 675
3864 669
3865 660
3866 656
3867 656
3868 656
3869 656
3870 656
3871 656
3872 656
3873 656
3874 656
3875 656
3876 656
3877 656
3878 656
3879 656
3880 656
3881 656
3882 656
3883 656
3884 656
3885 656
3886 656
3887 656
3888 656
3889 656
3890 656
3891 656
3892 656
3893 656
3894 656
3895 656
3896 656
3897 656
3898 656
3899 656
3900 656
3901 656
3902 656
3903 656
3904 656
3905 656
3906 656
3907 656
3908 656
3909 656
3910 656
3911 656
3912 656
3913 656
3914 656
3915 656
3916 656
3917 656
3918 656
3919 656
3920 656
3921 656
3922 656
3923 656
3924 656
3925 656
3926 656
3927 650
3928 642
3929 638
3930 638
3931 638
3932 638
3933 638
3934 638
3935 638
3936 638
3937 638
3938 638
3939 638
3940 638
3941 638
3942 638
3943 638
3944 638
3945 638
3946 638
3947 638
3948 638
3949 638
3950 638
3951 638
3952 638
3953 638
3954 638
3955 638
3956 638
3957 638
3958 638
3959 638
3960 638
3961 638
3962 638
3963 638
3964 638
3965 638
3966 638
3967 638
3968 638
3969 638
3970 638
3971 638
3972 638
3973 638
3974 638
3975 638
3976 638
3977 638
3978 638
3979 638
3980 638
3981 638
3982 638
3983 638
3984 638
3985 638
3986 638
3987 638
3988 638
3989 638
3990 638
3991 638
3992 634
3993 619
3994 616
3995 616
3996 616
3997 616
3998 616
3999 616
4000 616
4001 616
4002 616
4003 616
4004 616
4005 616
4006 616
4007 616
4008 616
4009 616
4010 616
4011 616
4012 616
4013 616
4014 616
4015 616
4016 616
4017 616
4018 616
4019 616
4020 616
4021 616
4022 616
4023 616
4024 616
4025 616
4026 616
4027 616
4028 616
4029 616
4030 616
4031 616
4032 616
4033 616
4034 616
4035 616
4036 616
4037 616
4038 616
4039 616
4040 616
4041 616
4042 616
4043 616
4044 616
4045 616
4046 616
4047 616
4048 616
4049 616
4050 616
4051 616
4052 616
4053 616
4054 616
4055 616
4056 616
4057 613
4058 608
4059 604
4060 598
4061 598
4062 598
4063 598
4064 598
4065 598
4066 598
4067 598
4068 598
4069 598
4070 598
4071 598
4072 598
4073 598
4074 598
4075 598
4076 598
4077 598
4078 598
4079 598
4080 598
4081 598
4082 598
4083 598
4084 598
4085 598
4086 598
4087 598
4088 598
4089 598
4090 598
4091 598
4092 598
4093 598
4094 598
4095 598
4096 598
4097 598
4098 598
4099 598
4100 598
4101 598
4102 598
4103 598
4104 598
4105 598
4106 598
4107 598
4108 598
4109 598
4110 598
4111 598
4112 598
4113 598
4114 598
4115 598
4116 598
4117 598
4118 598
4119 598
4120 593
4121 588
4122 584
4123 583
4124 583
4125 583
4126 583
4127 583
4128 583
4129 583
4130 583
4131 583
4132 583
4133 583
4134 583
4135 583
4136 583
4137 583
4138 583
4139 583
4140 583
4141 583
4142 583
4143 583
4144 583
4145 583
4146 583
4147 583
4148 583
4149 583
4150 583
4151 583
4152 583
4153 583
4154 583
4155 583
4156 583
4157 583
4158 583
4159 583
4160 583
4161 583
4162 583
4163 583
4164 583
4165 583
4166 583
4167 583
4168 583
4169 583
4170 583
4171 583
4172 583
4173 583
4174 583
4175 583
4176 583
4177 583
4178 583
4179 583
4180 583
4181 583
4182 583
4183 583
4184 583
4185 583
4186 576
4187 571
4188 567
4189 559
4190 559
4191 559
4192 559
4193 559
4194 559
4195 559
4196 559
4197 559
4198 559
4199 559
4200 559
4201 559
4202 559
4203 559
4204 559
4205 559
4206 559
4207 559
4208 559
4209 559
4210 559
4211 559
4212 559
4213 559
4214 559
4215 559
4216 559
4217 559
4218 559
4219 559
4220 559
4221 559
4222 559
4223 559
4224 559
4225 559
4226 559
4227 559
4228 559
4229 559
4230 559
4231 559
4232 559
4233 559
4234 559
4235 559
4236 559
4237 559
4238 559
4239 559
4240 559
4241 559
4242 559
4243 559
4244 559
4245 559
4246 559
4247 559
4248 559
4249 553
4250 549
4251 544
4252 544
4253 544
4254 544
4255 544
4256 544
4257 544
4258 544
4259 544
4260 544
4261 544
4262 544
4263 544
4264 544
4265 544
4266 544
4267 544
4268 544
4269 544
4270 544
4271 544
4272 544
4273 544
4274 544
4275 544
4276 544
4277 544
4278 544
4279 544
4280 544
4281 544
4282 544
4283 544
4284 544
4285 544
4286 544
4287 544
4288 544
4289 544
4290 544
4291 544
4292 544
4293 544
4294 544
4295 544
4296 544
4297 544
4298 544
4299 544
4300 544
4301 544
4302 544
4303 544
4304 544
4305 544
4306 544
4307 538
4308 533
4309 527
4310 527
4311 527
4312 527
4313 527
4314 527
4315 527
4316 527
4317 527
4318 527
4319 527
4320 527
4321 527
4322 527
4323 527
4324 527
4325 527
4326 527
4327 527
4328 527
4329 527
4330 527
4331 527
4332 527
4333 527
4334 527
4335 527
4336 527
4337 527
4338 527
4339 527
4340 527
4341 527
4342 527
4343 527
4344 527
4345 527
4346 527
4347 527
4348 527
4349 527
4350 527
4351 527
4352 527
4353 527
4354 527
4355 527
4356 527
4357 527
4358 527
4359 527
4360 527
4361 527
4362 527
4363 527
4364 527
4365 527
4366 527
4367 527
4368 527
4369 527
4370 527
4371 524
4372 519
4373 516
4374 515
4375 515
4376 515
4377 515
4378 515
4379 515
4380 515
4381 515
4382 515
4383 515
4384 515
4385 515
4386 515
4387 515
4388 515
4389 515
4390 515
4391 515
4392 515
4393 515
4394 515
4395 515
4396 515
4397 515
4398 515
4399 515
4400 515
4401 515
4402 515
4403 515
4404 515
4405 515
4406 515
4407 515
4408 515
4409 515
4410 515
4411 515
4412 515
4413 515
4414 515
4415 515
4416 515
4417 515
4418 515
4419 515
4420 515
4421 515
4422 515
4423 515
4424 515
4425 515
4426 515
4427 515
4428 515
4429 515
4430 515
4431 515
4432 515
4433 515
4434 515
4435 515
4436 515
4437 515
4438 512
4439 509
4440 504
4441 504
4442 504
4443 504
4444 504
4445 504
4446 504
4447 504
4448 504
4449 504
4450 504
4451 504
4452 504
4453 504
4454 504
4455 504
4456 504
4457 504
4458 504
4459 504
4460 504
4461 504
4462 504
4463 504
4464 504
4465 504
4466 504
4467 504
4468 504
4469 504
4470 504
4471 504
4472 504
4473 504
4474 504
4475 504
4476 504
4477 504
4478 504
4479 504
4480 504
4481 504
4482 504
4483 504
4484 504
4485 504
4486 504
4487 504
4488 504
4489 504
4490 504
4491 500
4492 494
4493 490
4494 490
4495 490
4496 490
4497 490
4498 490
4499 490
4500 490
4501 490
4502 490
4503 490
4504 490
4505 490
4506 490
4507 490
4508 490
4509 490
4510 490
4511 490
4512 490
4513 490
4514 490
4515 490
4516 490
4517 490
4518 490
4519 490
4520 490
4521 490
4522 490
4523 490
4524 490
4525 490
4526 490
4527 490
4528 490
4529 490
4530 490
4531 490
4532 490
4533 490
4534 490
4535 490
4536 490
4537 490
4538 490
4539 490
4540 490
4541 490
4542 490
4543 490
4544 490
4545 490
4546 490
4547 490
4548 490
4549 490
4550 490
4551 490
4552 490
4553 487
4554 485
4555 485
4556 481
4557 481
4558 481
4559 481
4560 481
4561 481
4562 481
4563 481
4564 481
4565 481
4566 481
4567 481
4568 481
4569 481
4570 481
4571 481
4572 481
4573 481
4574 481
4575 481
4576 481
4577 481
4578 481
4579 481
4580 481
4581 481
4582 481
4583 481
4584 481
4585 481
4586 481
4587 481
4588 481
4589 481
4590 481
4591 481
4592 481
4593 481
4594 481
4595 481
4596 481
4597 481
4598 481
4599 481
4600 481
4601 481
4602 481
4603 481
4604 481
4605 481
4606 481
4607 481
4608 481
4609 481
4610 481
4611 481
4612 481
4613 481
4614 481
4615 481
4616 481
4617 481
4618 481
4619 481
4620 478
4621 476
4622 472
4623 471
4624 471
4625 471
4626 471
4627 471
4628 471
4629 471
4630 471
4631 471
4632 471
4633 471
4634 471
4635 471
4636 471
4637 471
4638 471
4639 471
4640 471
4641 471
4642 471
4643 471
4644 471
4645 471
4646 471
4647 471
4648 471
4649 471
4650 471
4651 471
4652 471
4653 471
4654 471
4655 471
4656 471
4657 471
4658 471
4659 471
4660 471
4661 471
4662 471
4663 471
4664 471
4665 471
4666 471
4667 471
4668 471
4669 471
4670 471
4671 471
4672 471
4673 471
4674 471
4675 471
4676 471
4677 471
4678 471
4679 471
4680 471
4681 471
4682 471
4683 471
4684 471
4685 471
4686 466
4687 460
4688 454
4689 454
4690 454
4691 454
4692 454
4693 454
4694 454
4695 454
4696 454
4697 454
4698 454
4699 454
4700 454
4701 454
4702 454
4703 454
4704 454
4705 454
4706 454
4707 454
4708 454
4709 454
4710 454
4711 454
4712 454
4713 454
4714 454
4715 454
4716 454
4717 454
4718 454
4719 454
4720 454
4721 454
4722 454
4723 454
4724 454
4725 454
4726 454
4727 454
4728 454
4729 454
4730 454
4731 454
4732 454
4733 454
4734 454
4735 454
4736 454
4737 454
4738 454
4739 454
4740 454
4741 454
4742 454
4743 454
4744 454
4745 453
4746 447
4747 441
4748 436
4749 435
4750 435
4751 435
4752 435
4753 435
4754 435
4755 435
4756 435
4757 435
4758 435
4759 435
4760 435
4761 435
4762 435
4763 435
4764 435
4765 435
4766 435
4767 435
4768 435
4769 435
4770 435
4771 435
4772 435
4773 435
4774 435
4775 435
4776 435
4777 435
4778 435
4779 435
4780 435
4781 435
4782 435
4783 435
4784 435
4785 435
4786 435
4787 435
4788 435
4789 435
4790 435
4791 435
4792 435
4793 435
4794 435
4795 435
4796 435
4797 435
4798 435
4799 435
4800 435
4801 435
4802 435
4803 435
4804 435
4805 435
4806 435
4807 435
4808 435
4809 435
4810 435
4811 435
4812 435
4813 435
4814 431
4815 427
4816 425
4817 423
4818 423
4819 423
4820 423
4821 423
4822 423
4823 423
4824 423
4825 423
4826 423
4827 423
4828 423
4829 423
4830 423
4831 423
4832 423
4833 423
4834 423
4835 423
4836 423
4837 423
4838 423
4839 423
4840 423
4841 423
4842 423
4843 423
4844 423
4845 423
4846 423
4847 423
4848 423
4849 423
4850 423
4851 423
4852 423
4853 423
4854 423
4855 423
4856 423
4857 423
4858 423
4859 423
4860 423
4861 423
4862 423
4863 423
4864 423
4865 423
4866 423
4867 423
4868 423
4869 423
4870 423
4871 423
4872 423
4873 423
4874 423
4875 423
4876 423
4877 423
4878 423
4879 423
4880 423
4881 420
4882 413
4883 408
4884 406
4885 406
4886 406
4887 406
4888 406
4889 406
4890 406
4891 406
4892 406
4893 406
4894 406
4895 406
4896 406
4897 406
4898 406
4899 406
4900 406
4901 406
4902 406
4903 406
4904 406
4905 406
4906 406
4907 406
4908 406
4909 406
4910 406
4911 406
4912 406
4913 406
4914 406
4915 406
4916 406
4917 406
4918 406
4919 406
4920 406
4921 406
4922 406
4923 406
4924 406
4925 406
4926 406
4927 406
4928 406
4929 406
4930 406
4931 406
4932 406
4933 406
4934 406
4935 406
4936 406
4937 406
4938 406
4939 406
4940 406
4941 406
4942 406
4943 406
4944 406
4945 406
4946 403
4947 395
4948 394
4949 393
4950 393
4951 393
4952 393
4953 393
4954 393
4955 393
4956 393
4957 393
4958 393
4959 393
4960 393
4961 393
4962 393
4963 393
4964 393
4965 393
4966 393
4967 393
4968 393
4969 393
4970 393
4971 393
4972 393
4973 393
4974 393
4975 393
4976 393
4977 393
4978 393
4979 393
4980 393
4981 393
4982 393
4983 393
4984 393
4985 393
4986 393
4987 393
4988 393
4989 393
4990 393
4991 393
4992 393
4993 393
4994 393
4995 393
4996 393
4997 393
4998 393
4999 393
5000 393
5001 393
5002 393
5003 393
5004 393
5005 393
5006 391
5007 387
5008 385
5009 385
5010 385
5011 385
5012 385
5013 385
5014 385
5015 385
5016 385
5017 385
5018 385
5019 385
5020 385
5021 385
5022 385
5023 385
5024 385
5025 385
5026 385
5027 385
5028 385
5029 385
5030 385
5031 385
5032 385
5033 385
5034 385
5035 385
5036 385
5037 385
5038 385
5039 385
5040 385
5041 385
5042 385
5043 385
5044 385
5045 385
5046 385
5047 385
5048 385
5049 385
5050 385
5051 385
5052 385
5053 385
5054 385
5055 385
5056 385
5057 385
5058 385
5059 385
5060 385
5061 385
5062 385
5063 385
5064 385
5065 385
5066 385
5067 385
5068 385
5069 385
5070 385
5071 385
5072 385
5073 384
5074 381
5075 376
5076 371
5077 371
5078 371
5079 371
5080 371
5081 371
5082 371
5083 371
5084 371
5085 371
5086 371
5087 371
5088 371
5089 371
5090 371
5091 371
5092 371
5093 371
5094 371
5095 371
5096 371
5097 371
5098 371
5099 371
5100 371
5101 371
5102 371
5103 371
5104 371
5105 371
5106 371
5107 371
5108 371
5109 371
5110 371
5111 371
5112 371
5113 371
5114 371
5115 371
5116 371
5117 371
5118 371
5119 371
5120 371
5121 371
5122 371
5123 371
5124 371
5125 371
5126 371
5127 371
5128 371
5129 371
5130 371
5131 371
5132 371
5133 371
5134 371
5135 371
5136 371
5137 371
5138 371
5139 371
5140 371
5141 371
5142 371
5143 369
5144 366
5145 362
5146 361
5147 361
5148 361
5149 361
5150 361
5151 361
5152 361
5153 361
5154 361
5155 361
5156 361
5157 361
5158 361
5159 361
5160 361
5161 361
5162 361
5163 361
5164 361
5165 361
5166 361
5167 361
5168 361
5169 361
5170 361
5171 361
5172 361
5173 361
5174 361
5175 361
5176 361
5177 361
5178 361
5179 361
5180 361
5181 361
5182 361
5183 361
5184 361
5185 361
5186 361
5187 361
5188 361
5189 361
5190 361
5191 361
5192 361
5193 361
5194 361
5195 361
5196 361
5197 361
5198 361
5199 361
5200 361
5201 361
5202 361
5203 359
5204 357
5205 355
5206 355
5207 355
5208 355
5209 355
5210 355
5211 355
5212 355
5213 355
5214 355
5215 355
5216 355
5217 355
5218 355
5219 355
5220 355
5221 355
5222 355
5223 355
5224 355
5225 355
5226 355
5227 355
5228 355
5229 355
5230 355
5231 355
5232 355
5233 355
5234 355
5235 355
5236 355
5237 355
5238 355
5239 355
5240 355
5241 355
5242 355
5243 355
5244 355
5245 355
5246 355
5247 355
5248 355
5249 355
5250 355
5251 355
5252 355
5253 355
5254 355
5255 355
5256 355
5257 355
5258 355
5259 355
5260 355
5261 355
5262 355
5263 355
5264 355
5265 355
5266 355
5267 355
5268 355
5269 351
5270 348
5271 347
5272 347
5273 347
5274 347
5275 347
5276 347
5277 347
5278 347
5279 347
5280 347
5281 347
5282 347
5283 347
5284 347
5285 347
5286 347
5287 347
5288 347
5289 347
5290 347
5291 347
5292 347
5293 347
5294 347
5295 347
5296 347
5297 347
5298 347
5299 347
5300 347
5301 347
5302 347
5303 347
5304 347
5305 347
5306 347
5307 347
5308 347
5309 347
5310 347
5311 347
5312 347
5313 347
5314 347
5315 347
5316 347
5317 347
5318 347
5319 347
5320 347
5321 347
5322 347
5323 347
5324 347
5325 347
5326 347
5327 347
5328 347
5329 347
5330 347
5331 347
5332 347
5333 347
5334 347
5335 347
5336 344
5337 341
5338 338
5339 336
5340 336
5341 336
5342 336
5343 336
5344 336
5345 336
5346 336
5347 336
5348 336
5349 336
5350 336
5351 336
5352 336
5353 336
5354 336
5355 336
5356 336
5357 336
5358 336
5359 336
5360 336
5361 336
5362 336
5363 336
5364 336
5365 336
5366 336
5367 336
5368 336
5369 336
5370 336
5371 336
5372 336
5373 336
5374 336
5375 336
5376 336
5377 336
5378 336
5379 336
5380 336
5381 336
5382 336
5383 336
5384 336
5385 336
5386 336
5387 336
5388 336
5389 336
5390 336
5391 336
5392 336
5393 336
5394 336
5395 336
5396 336
5397 336
5398 336
5399 336
5400 336
5401 336
5402 336
5403 336
5404 331
5405 328
5406 327
5407 327
5408 327
5409 327
5410 327
5411 327
5412 327
5413 327
5414 327
5415 327
5416 327
5417 327
5418 327
5419 327
5420 327
5421 327
5422 327
5423 327
5424 327
5425 327
5426 327
5427 327
5428 327
5429 327
5430 327
5431 327
5432 327
5433 327
5434 327
5435 327
5436 327
5437 327
5438 327
5439 327
5440 327
5441 327
5442 327
5443 327
5444 327
5445 327
5446 327
5447 327
5448 327
5449 327
5450 327
5451 327
5452 327
5453 327
5454 327
5455 327
5456 327
5457 327
5458 327
5459 327
5460 327
5461 327
5462 327
5463 327
5464 327
5465 327
5466 327
5467 327
5468 327
5469 327
5470 327
5471 326
5472 322
5473 317
5474 315
5475 315
5476 315
5477 315
5478 315
5479 315
5480 315
5481 315
5482 315
5483 315
5484 315
5485 315
5486 315
5487 315
5488 315
5489 315
5490 315
5491 315
5492 315
5493 315
5494 315
5495 315
5496 315
5497 315
5498 315
5499 315
5500 315
5501 315
5502 315
5503 315
5504 315
5505 315
5506 315
5507 315
5508 315
5509 315
5510 315
5511 315
5512 315
5513 315
5514 315
5515 315
5516 315
5517 315
5518 315
5519 315
5520 315
5521 315
5522 315
5523 315
5524 315
5525 315
5526 315
5527 315
5528 315
5529 315
5530 311
5531 308
5532 305
5533 304
5534 304
5535 304
5536 304
5537 304
5538 304
5539 304
5540 304
5541 304
5542 304
5543 304
5544 304
5545 304
5546 304
5547 304
5548 304
5549 304
5550 304
5551 304
5552 304
5553 304
5554 304
5555 304
5556 304
5557 304
5558 304
5559 304
5560 304
5561 304
5562 304
5563 304
5564 304
5565 304
5566 304
5567 304
5568 304
5569 304
5570 304
5571 304
5572 304
5573 304
5574 304
5575 304
5576 304
5577 304
5578 304
5579 304
5580 304
5581 304
5582 304
5583 304
5584 304
5585 304
5586 304
5587 304
5588 304
5589 304
5590 304
5591 304
5592 304
5593 304
5594 304
5595 304
5596 304
5597 302
5598 299
5599 297
5600 296
5601 296
5602 296
5603 296
5604 296
5605 296
5606 296
5607 296
5608 296
5609 296
5610 296
5611 296
5612 296
5613 296
5614 296
5615 296
5616 296
5617 296
5618 296
5619 296
5620 296
5621 296
5622 296
5623 296
5624 296
5625 296
5626 296
5627 296
5628 296
5629 296
5630 296
5631 296
5632 296
5633 296
5634 296
5635 296
5636 296
5637 296
5638 296
5639 296
5640 296
5641 296
5642 296
5643 296
5644 296
5645 296
5646 296
5647 296
5648 296
5649 296
5650 296
5651 296
5652 296
5653 296
5654 296
5655 296
5656 296
5657 296
5658 296
5659 296
5660 296
5661 296
5662 296
5663 296
5664 296
5665 293
5666 292
5667 290
5668 288
5669 288
5670 288
5671 288
5672 288
5673 288
5674 288
5675 288
5676 288
5677 288
5678 288
5679 288
5680 288
5681 288
5682 288
5683 288
5684 288
5685 288
5686 288
5687 288
5688 288
5689 288
5690 288
5691 288
5692 288
5693 288
5694 288
5695 288
5696 288
5697 288
5698 288
5699 288
5700 288
5701 288
5702 288
5703 288
5704 288
5705 288
5706 288
5707 288
5708 288
5709 288
5710 288
5711 288
5712 288
5713 288
5714 288
5715 288
5716 288
5717 288
5718 288
5719 288
5720 288
5721 288
5722 288
5723 288
5724 288
5725 288
5726 288
5727 288
5728 288
5729 288
5730 288
5731 288
5732 286
5733 284
5734 282
5735 280
5736 280
5737 280
5738 280
5739 280
5740 280
5741 280
5742 280
5743 280
5744 280
5745 280
5746 280
5747 280
5748 280
5749 280
5750 280
5751 280
5752 280
5753 280
5754 280
5755 280
5756 280
5757 280
5758 280
5759 280
5760 280
5761 280
5762 280
5763 280
5764 280
5765 280
5766 280
5767 280
5768 280
5769 280
5770 280
5771 280
5772 280
5773 280
5774 280
5775 280
5776 280
5777 280
5778 280
5779 280
5780 280
5781 280
5782 280
5783 280
5784 280
5785 280
5786 280
5787 280
5788 280
5789 280
5790 280
5791 280
5792 280
5793 276
5794 271
5795 269
5796 269
5797 269
5798 269
5799 269
5800 269
5801 269
5802 269
5803 269
5804 269
5805 269
5806 269
5807 269
5808 269
5809 269
5810 269
5811 269
5812 269
5813 269
5814 269
5815 269
5816 269
5817 269
5818 269
5819 269
5820 269
5821 269
5822 269
5823 269
5824 269
5825 269
5826 269
5827 269
5828 269
5829 269
5830 269
5831 269
5832 269
5833 269
5834 269
5835 269
5836 269
5837 269
5838 269
5839 269
5840 269
5841 269
5842 269
5843 269
5844 269
5845 269
5846 269
5847 269
5848 269
5849 269
5850 269
5851 269
5852 269
5853 269
5854 269
5855 269
5856 268
5857 265
5858 264
5859 262
5860 262
5861 262
5862 262
5863 262
5864 262
5865 272
5866 292
5867 322
5868 341
5869 341
5870 341
5871 341
5872 400
5873 436
5874 481
5875 488
5876 488
5877 488
5878 488
5879 497
5880 517
5881 548
5882 570
5883 569
5884 569
5885 569
5886 569
5887 569
5888 569
5889 569
5890 569
5891 632
5892 665
5893 665
5894 665
5895 671
5896 670
5897 670
5898 711
5899 711
5900 721
5901 777
5902 799
5903 803
5904 803
5905 803
5906 803
5907 812
5908 818
5909 818
5910 818
5911 823
5912 823
5913 823
5914 823
5915 849
5916 869
5917 868
5918 869
5919 868
5920 876
5921 895
5922 939
5923 952
5924 972
5925 971
5926 971
5927 1003
5928 1024
5929 1023
5930 1023
5931 1052
5932 1051
5933 1051
5934 1050
5935 1050
5936 1089
5937 1089
5938 1188
5939 1197
5940 1286
5941 1304
5942 1333
5943 1333
5944 1333
5945 1342
5946 1427
5947 1513
5948 1561
5949 1590
5950 1705
5951 1802
5952 1910
5953 1948
5954 2007
5955 2007
5956 2085
5957 2133
5958 2136
5959 2135
5960 2330
5961 2339
5962 2339
5963 2397
5964 2405
5965 2484
5966 2582
5967 2688
5968 2854
5969 2856
5970 2922
5971 2939
5972 2939
5973 2939
5974 2939
5975 2988
5976 2997
5977 2997
5978 3046
5979 3185
5980 3241
5981 3347
5982 3495
5983 3504
5984 3593
5985 3672
5986 3816
5987 3819
5988 3887
5989 3925
5990 3964
5991 4003
5992 4012
5993 4012
5994 4061
5995 4070
5996 4089
5997 4089
5998 4147
5999 4234
6000 4379
6001 4467
6002 4496
6003 4681
6004 4759
6005 4759
6006 4768
6007 4836
6008 4952
6009 4952
6010 4970
6011 5012
6012 5257
6013 5305
6014 5344
6015 5427
6016 5436
6017 5524
6018 5543
6019 5641
6020 5670
6021 5746
6022 5726
6023 5769
6024 5807
6025 5807
6026 5807
6027 5806
6028 5834
6029 5971
6030 5970
6031 6048
6032 6046
6033 6124
6034 6096
6035 6096
6036 6113
6037 6210
6038 6268
6039 6336
6040 6345
6041 6442
6042 6470
6043 6470
6044 6531
6045 6572
6046 6610
6047 6610
6048 6718
6049 6717
6050 6717
6051 6717
6052 6717
6053 6717
6054 6717
6055 6717
6056 6709
6057 6691
6058 6691
6059 6691
6060 6691
6061 6691
6062 6691
6063 6691
6064 6691
6065 6691
6066 6691
6067 6691
6068 6691
6069 6691
6070 6691
6071 6691
6072 6691
6073 6691
6074 6691
6075 6667
6076 6667
6077 6667
6078 6667
6079 6667
6080 6667
6081 6667
6082 6667
6083 6667
6084 6667
6085 6667
6086 6667
6087 6645
6088 6645
6089 6645
6090 6645
6091 6645
6092 6645
6093 6645
6094 6645
6095 6645
6096 6645
6097 6623
6098 6622
6099 6622
6100 6622
6101 6622
6102 6622
6103 6622
6104 6622
6105 6622
6106 6622
6107 6622
6108 6622
6109 6622
6110 6622
6111 6622
6112 6622
6113 6622
6114 6617
6115 6605
6116 6605
6117 6605
6118 6605
6119 6605
6120 6605
6121 6605
6122 6605
6123 6605
6124 6605
6125 6605
6126 6605
6127 6605
6128 6605
6129 6605
6130 6605
6131 6596
6132 6594
6133 6594
6134 6594
6135 6594
6136 6594
6137 6594
6138 6594
6139 6594
6140 6594
6141 6594
6142 6594
6143 6594
6144 6594
6145 6594
6146 6578
6147 6578
6148 6578
6149 6578
6150 6578
6151 6578
6152 6578
6153 6578
6154 6578
6155 6578
6156 6578
6157 6565
6158 6559
6159 6559
6160 6559
6161 6559
6162 6559
6163 6559
6164 6559
6165 6559
6166 6559
6167 6559
6168 6559
6169 6559
6170 6559
6171 6559
6172 6559
6173 6559
6174 6541
6175 6539
6176 6539
6177 6539
6178 6539
6179 6539
6180 6539
6181 6539
6182 6539
6183 6539
6184 6539
6185 6539
6186 6539
6187 6523
6188 6523
6189 6523
6190 6523
6191 6523
6192 6523
6193 6523
6194 6523
6195 6523
6196 6523
6197 6523
6198 6523
6199 6523
6200 6523
6201 6503
6202 6503
6203 6503
6204 6503
6205 6503
6206 6503
6207 6503
6208 6503
6209 6503
6210 6503
6211 6503
6212 6503
6213 6503
6214 6503
6215 6503
6216 6503
6217 6503
6218 6502
6219 6494
6220 6493
6221 6493
6222 6493
6223 6493
6224 6493
6225 6493
6226 6493
6227 6493
6228 6493
6229 6493
6230 6493
6231 6493
6232 6493
6233 6493
6234 6493
6235 6493
6236 6493
6237 6480
6238 6480
6239 6480
6240 6480
6241 6480
6242 6480
6243 6480
6244 6480
6245 6480
6246 6480
6247 6480
6248 6480
6249 6471
6250 6470
6251 6470
6252 6470
6253 6470
6254 6470
6255 6470
6256 6470
6257 6470
6258 6470
6259 6470
6260 6470
6261 6465
6262 6457
6263 6457
6264 6457
6265 6457
6266 6457
6267 6457
6268 6457
6269 6457
6270 6457
6271 6457
6272 6457
6273 6457
6274 6442
6275 6442
6276 6442
6277 6442
6278 6442
6279 6442
6280 6442
6281 6442
6282 6442
6283 6442
6284 6442
6285 6442
6286 6442
6287 6428
6288 6428
6289 6428
6290 6428
6291 6428
6292 6428
6293 6428
6294 6428
6295 6428
6296 6428
6297 6428
6298 6428
6299 6428
6300 6424
6301 6416
6302 6416
6303 6416
6304 6416
6305 6416
6306 6416
6307 6416
6308 6416
6309 6416
6310 6416
6311 6416
6312 6416
6313 6416
6314 6416
6315 6416
6316 6416
6317 6416
6318 6416
6319 6413
6320 6390
6321 6390
6322 6390
6323 6390
6324 6390
6325 6390
6326 6390
6327 6390
6328 6390
6329 6390
6330 6390
6331 6390
6332 6362
6333 6362
6334 6362
6335 6362
6336 6362
6337 6362
6338 6362
6339 6362
6340 6362
6341 6362
6342 6362
6343 6362
6344 6362
6345 6355
6346 6339
6347 6339
6348 6339
6349 6339
6350 6339
6351 6339
6352 6339
6353 6339
6354 6339
6355 6339
6356 6339
6357 6339
6358 6339
6359 6339
6360 6339
6361 6339
6362 6339
6363 6339
6364 6339
6365 6339
6366 6339
6367 6333
6368 6314
6369 6314
6370 6314
6371 6314
6372 6314
6373 6314
6374 6314
6375 6314
6376 6314
6377 6314
6378 6314
6379 6314
6380 6314
6381 6314
6382 6314
6383 6314
6384 6314
6385 6314
6386 6314
6387 6314
6388 6306
6389 6303
6390 6303
6391 6303
6392 6303
6393 6303
6394 6303
6395 6303
6396 6303
6397 6303
6398 6303
6399 6303
6400 6303
6401 6303
6402 6303
6403 6303
6404 6303
6405 6303
6406 6303
6407 6303
6408 6303
6409 6303
6410 6303
6411 6303
6412 6303
6413 6295
6414 6295
6415 6295
6416 6295
6417 6295
6418 6295
6419 6295
6420 6295
6421 6295
6422 6295
6423 6295
6424 6295
6425 6295
6426 6295
6427 6295
6428 6295
6429 6295
6430 6295
6431 6295
6432 6295
6433 6295
6434 6295
6435 6292
6436 6290
6437 6290
6438 6290
6439 6290
6440 6290
6441 6290
6442 6290
6443 6290
6444 6290
6445 6290
6446 6290
6447 6290
6448 6290
6449 6290
6450 6290
6451 6290
6452 6282
6453 6276
6454 6276
6455 6276
6456 6276
6457 6276
6458 6276
6459 6276
6460 6276
6461 6276
6462 6276
6463 6276
6464 6276
6465 6276
6466 6276
6467 6276
6468 6276
6469 6276
6470 6276
6471 6276
6472 6273
6473 6265
6474 6265
6475 6265
6476 6265
6477 6265
6478 6265
6479 6265
6480 6265
6481 6265
6482 6265
6483 6265
6484 6265
6485 6265
6486 6265
6487 6265
6488 6265
6489 6265
6490 6261
6491 6257
6492 6257
6493 6257
6494 6257
6495 6257
6496 6257
6497 6257
6498 6257
6499 6257
6500 6257
6501 6257
6502 6249
6503 6243
6504 6243
6505 6243
6506 6243
6507 6243
6508 6243
6509 6243
6510 6243
6511 6243
6512 6243
6513 6243
6514 6243
6515 6243
6516 6243
6517 6235
6518 6229
6519 6229
6520 6229
6521 6229
6522 6229
6523 6229
6524 6229
6525 6229
6526 6229
6527 6229
6528 6229
6529 6229
6530 6229
6531 6229
6532 6229
6533 6229
6534 6221
6535 6221
6536 6221
6537 6221
6538 6221
6539 6221
6540 6221
6541 6221
6542 6221
6543 6221
6544 6221
6545 6221
6546 6221
6547 6221
6548 6221
6549 6221
6550 6216
6551 6211
6552 6211
6553 6211
6554 6211
6555 6211
6556 6211
6557 6211
6558 6211
6559 6211
6560 6211
6561 6211
6562 6211
6563 6211
6564 6211
6565 6211
6566 6211
6567 6211
6568 6208
6569 6194
6570 6194
6571 6194
6572 6194
6573 6194
6574 6194
6575 6194
6576 6194
6577 6194
6578 6194
6579 6194
6580 6194
6581 6194
6582 6194
6583 6194
6584 6194
6585 6194
6586 6194
6587 6194
6588 6194
6589 6183
6590 6182
6591 6182
6592 6182
6593 6182
6594 6182
6595 6182
6596 6182
6597 6182
6598 6182
6599 6182
6600 6182
6601 6182
6602 6182
6603 6182
6604 6182
6605 6182
6606 6182
6607 6182
6608 6182
6609 6182
6610 6180
6611 6176
6612 6176
6613 6176
6614 6176
6615 6176
6616 6176
6617 6176
6618 6176
6619 6176
6620 6176
6621 6176
6622 6176
6623 6176
6624 6176
6625 6176
6626 6176
6627 6176
6628 6176
6629 6176
6630 6168
6631 6168
6632 6168
6633 6168
6634 6168
6635 6168
6636 6168
6637 6168
6638 6168
6639 6168
6640 6168
6641 6168
6642 6168
6643 6168
6644 6168
6645 6168
6646 6168
6647 6168
6648 6167
6649 6157
6650 6157
6651 6156
6652 6156
6653 6156
6654 6156
6655 6153
6656 6152
6657 6152
6658 6152
6659 6151
6660 6150
6661 6147
6662 6141
6663 6140
6664 6136
6665 6135
6666 6134
6667 6133
6668 6132
6669 6132
6670 6132
6671 6131
6672 6127
6673 6125
6674 6106
6675 6105
6676 6103
6677 6101
6678 6098
6679 6098
6680 6097
6681 6096
6682 6095
6683 6095
6684 6093
6685 6092
6686 6091
6687 6078
6688 6063
6689 6061
6690 6058
6691 6057
6692 6056
6693 6052
6694 6048
6695 6046
6696 6045
6697 6039
6698 6036
6699 6032
6700 6017
6701 6009
6702 6005
6703 6003
6704 5997
6705 5993
6706 5988
6707 5984
6708 5980
6709 5973
6710 5967
6711 5940
6712 5936
6713 5935
6714 5933
6715 5930
6716 5921
6717 5916
6718 5911
6719 5902
6720 5898
6721 5876
6722 5863
6723 5858
6724 5854
6725 5849
6726 5842
6727 5836
6728 5828
6729 5821
6730 5816
6731 5806
6732 5764
6733 5760
6734 5754
6735 5748
6736 5738
6737 5730
6738 5725
6739 5716
6740 5710
6741 5700
6742 5660
6743 5643
6744 5639
6745 5632
6746 5621
6747 5607
6748 5598
6749 5591
6750 5579
6751 5568
6752 5557
6753 5514
6754 5505
6755 5499
6756 5497
6757 5494
6758 5489
6759 5484
6760 5476
6761 5465
6762 5459
6763 5418
6764 5408
6765 5396
6766 5386
6767 5377
6768 5368
6769 5361
6770 5353
6771 5343
6772 5336
6773 5328
6774 5276
6775 5270
6776 5267
6777 5260
6778 5250
6779 5247
6780 5245
6781 5239
6782 5234
6783 5229
6784 5182
6785 5174
6786 5167
6787 5161
6788 5152
6789 5148
6790 5138
6791 5131
6792 5122
6793 5116
6794 5108
6795 5053
6796 5048
6797 5045
6798 5038
6799 5033
6800 5032
6801 5027
6802 5018
6803 5013
6804 5007
6805 4957
6806 4949
6807 4946
6808 4941
6809 4934
6810 4929
6811 4924
6812 4920
6813 4915
6814 4912
6815 4910
6816 4853
6817 4848
6818 4847
6819 4846
6820 4843
6821 4841
6822 4840
6823 4836
6824 4834
6825 4832
6826 4780
6827 4773
6828 4773
6829 4772
6830 4769
6831 4768
6832 4768
6833 4765
6834 4764
6835 4762
6836 4761
6837 4700
6838 4700
6839 4700
6840 4700
6841 4698
6842 4696
6843 4695
6844 4694
6845 4693
6846 4693
6847 4634
6848 4625
6849 4625
6850 4623
6851 4623
6852 4623
6853 4621
6854 4621
6855 4621
6856 4621
6857 4621
6858 4561
6859 4561
6860 4561
6861 4561
6862 4561
6863 4561
6864 4561
6865 4561
6866 4561
6867 4561
6868 4512
6869 4505
6870 4505
6871 4505
6872 4505
6873 4505
6874 4505
6875 4505
6876 4505
6877 4505
6878 4505
6879 4444
6880 4444
6881 4444
6882 4444
6883 4444
6884 4444
6885 4444
6886 4444
6887 4444
6888 4444
6889 4395
6890 4390
6891 4390
6892 4390
6893 4390
6894 4390
6895 4390
6896 4390
6897 4390
6898 4390
6899 4390
6900 4335
6901 4335
6902 4335
6903 4335
6904 4335
6905 4335
6906 4335
6907 4335
6908 4335
6909 4335
6910 4287
6911 4281
6912 4281
6913 4281
6914 4281
6915 4281
6916 4281
6917 4281
6918 4281
6919 4281
6920 4281
6921 4236
6922 4236
6923 4236
6924 4236
6925 4236
6926 4236
6927 4236
6928 4236
6929 4236
6930 4236
6931 4195
6932 4190
6933 4190
6934 4190
6935 4190
6936 4190
6937 4190
6938 4190
6939 4190
6940 4190
6941 4190
6942 4146
6943 4146
6944 4146
6945 4146
6946 4146
6947 4146
6948 4146
6949 4146
6950 4146
6951 4146
6952 4116
6953 4112
6954 4112
6955 4112
6956 4112
6957 4112
6958 4112
6959 4112
6960 4112
6961 4112
6962 4112
6963 4072
6964 4072
6965 4072
6966 4072
6967 4072
6968 4072
6969 4072
6970 4072
6971 4072
6972 4072
6973 4041
6974 4038
6975 4038
6976 4038
6977 4038
6978 4038
6979 4038
6980 4038
6981 4038
6982 4038
6983 4038
6984 3985
6985 3985
6986 3985
6987 3985
6988 3985
6989 3985
6990 3985
6991 3985
6992 3985
