1 1
2 73
3 129
4 181
5 204
6 204
7 204
8 204
9 204
10 204
11 204
12 204
13 204
14 204
15 204
16 204
17 204
18 204
19 204
20 204
21 204
22 204
23 204
24 204
25 204
26 204
27 204
28 204
29 204
30 204
31 204
32 204
33 204
34 204
35 204
36 204
37 204
38 204
39 204
40 204
41 204
42 204
43 204
44 204
45 204
46 204
47 204
48 204
49 204
50 204
51 204
52 204
53 204
54 204
55 204
56 204
57 204
58 204
59 204
60 204
61 204
62 204
63 204
64 204
65 204
66 204
67 204
68 204
69 204
70 204
71 204
72 204
73 204
74 204
75 204
76 204
77 204
78 204
