1 10
2 2928
3 2928
4 2928
5 2928
6 2928
7 2928
8 2928
9 2928
10 2928
11 2928
12 2928
13 2928
14 2928
15 2928
16 2928
17 2928
18 2928
19 2928
20 2928
21 2928
22 2928
23 2928
24 2928
25 2928
26 2928
27 2928
28 2928
29 2928
30 2928
31 2928
32 2928
33 2928
34 2928
35 2928
36 2928
37 2928
38 2928
39 2928
40 2928
41 2928
42 2928
43 2928
44 2928
45 2928
46 2928
47 2928
48 2928
49 2928
50 2928
51 2928
52 2928
53 2928
54 2928
55 2928
56 2928
57 2928
58 2928
59 2928
60 2928
61 2928
62 2928
63 2928
64 2928
65 2928
66 2928
67 2928
68 2928
69 2928
70 2928
71 2928
72 2928
73 2928
74 2928
75 2928
76 2928
77 2928
78 2928
79 2928
80 2928
81 2928
82 2928
83 2928
84 2928
85 2928
86 2928
87 2928
88 2928
89 2928
90 2928
91 2928
92 2928
93 2928
94 2928
95 2928
96 2928
97 2928
98 2928
99 2928
100 2928
101 2928
102 2928
103 2928
104 2928
105 2928
106 2928
107 2928
108 2928
109 2928
110 2928
111 2928
112 2928
113 2928
114 2928
115 2928
116 2928
117 2928
118 2928
119 2928
120 2928
121 2928
122 2928
123 2928
124 2928
125 2928
126 2928
127 2928
128 2928
129 2928
130 2928
131 2928
132 2928
133 2928
134 2928
135 2928
136 2928
137 2928
138 2928
139 2928
140 2928
141 2928
142 2928
143 2928
144 2928
145 2928
146 2928
147 2928
148 2928
149 2928
150 2928
151 2928
152 2928
153 2928
154 2928
155 2928
156 2928
157 2928
158 2928
159 2928
160 2928
161 2928
162 2928
163 2928
164 2928
165 2928
166 2928
167 2928
168 2928
169 2928
170 2928
171 2928
172 2928
173 2928
174 2928
175 2928
176 2928
177 2928
178 2928
179 2928
180 2928
181 2928
182 2928
183 2928
184 2928
185 2928
186 2928
187 2928
188 2928
189 2928
190 2928
191 2928
192 2928
193 2928
194 2928
195 2928
196 2928
197 2928
198 2928
199 2928
200 2928
201 2928
202 2928
203 2928
204 2928
205 2928
206 2928
207 2928
208 2928
209 2928
210 2928
211 2928
212 2928
213 2928
214 2928
215 2928
216 2928
217 2928
218 2928
219 2928
220 2928
221 2928
222 2928
223 2928
224 2928
225 2928
226 2928
227 2928
228 2928
229 2928
230 2928
231 2928
232 2928
233 2928
234 2928
235 2928
236 2928
237 2928
238 2928
239 2928
240 2928
241 2928
242 2928
243 2928
244 2928
245 2928
246 2928
247 2928
248 2928
249 2928
250 2928
251 2928
252 2928
253 2928
254 2928
255 2928
256 2928
257 2928
258 2928
259 2928
260 2928
261 2928
262 2928
263 2928
264 2928
265 2928
266 2928
267 2928
268 2928
269 2928
270 2928
271 2928
272 2928
273 2928
274 2928
275 2928
276 2928
277 2928
278 2928
279 2928
280 2928
281 2928
282 2928
283 2928
284 2928
285 2928
286 2928
287 2928
288 2928
289 2928
290 2928
291 2928
292 2928
293 2928
294 2928
295 2928
296 2928
297 2928
298 2928
299 2928
300 2928
301 2928
302 2928
303 2928
304 2928
305 2928
306 2928
307 2928
308 2928
309 2928
310 2928
311 2928
312 2928
313 2928
314 2928
315 2928
316 2928
317 2928
318 2928
319 2928
320 2928
321 2928
322 2928
323 2928
324 2928
325 2928
326 2928
327 2928
328 2928
329 2928
330 2928
331 2928
332 2928
333 2928
334 2928
335 2928
336 2928
337 2928
338 2928
339 2928
340 2928
341 2928
342 2928
343 2928
344 2928
345 2928
346 2928
347 2928
348 2928
349 2928
350 2928
351 2928
352 2928
353 2928
354 2928
355 2928
356 2928
357 2928
358 2928
359 2928
360 2928
361 2928
362 2928
363 2928
364 2928
365 2928
366 2928
367 2928
368 2928
369 2928
370 2928
371 2928
372 2928
373 2928
374 2928
375 2928
376 2928
377 2928
378 2928
379 2928
380 2928
381 2928
382 2928
383 2928
384 2928
385 2928
386 2928
387 2928
388 2928
389 2928
390 2928
391 2928
392 2928
393 2928
394 2928
395 2928
396 2928
397 2928
398 2928
399 2928
400 2928
401 2928
402 2928
403 2928
404 2928
405 2928
406 2928
407 2928
408 2928
409 2928
410 2928
411 2928
412 2928
413 2928
414 2928
415 2928
416 2928
417 2928
418 2928
419 2928
420 2928
421 2928
422 2928
423 2928
424 2928
425 2928
426 2928
427 2928
428 2928
429 2928
430 2928
431 2928
432 2928
433 2928
434 2928
435 2928
436 2928
437 2928
438 2928
439 2928
440 2928
441 2928
442 2928
443 2928
444 2928
445 2928
446 2928
447 2928
448 2928
449 2928
450 2928
451 2928
452 2928
453 2928
454 2928
455 2928
456 2928
457 2928
458 2928
459 2928
460 2928
461 2928
462 2928
463 2928
464 2928
465 2928
466 2928
467 2928
468 2928
469 2928
470 2928
471 2928
472 2928
473 2928
474 2928
475 2928
476 2928
477 2928
478 2928
479 2928
480 2928
481 2928
482 2928
483 2928
484 2928
485 2928
486 2928
487 2928
488 2928
489 2928
490 2928
491 2928
492 2928
493 2928
494 2928
495 2928
496 2928
497 2928
498 2928
499 2928
500 2928
501 2928
502 2928
503 2928
504 2928
505 2928
506 2928
507 2928
508 2928
509 2928
510 2928
511 2928
512 2928
513 2928
514 2928
515 2928
516 2928
517 2928
518 2928
519 2928
520 2928
521 2928
522 2928
523 2928
524 2928
525 2928
526 2928
527 2928
528 2928
529 2928
530 2928
531 2928
532 2928
533 2928
534 2928
535 2928
536 2928
537 2928
538 2928
539 2928
540 2928
541 2928
542 2928
543 2928
544 2928
545 2928
546 2928
547 2928
548 2928
549 2928
550 2928
551 2928
552 2928
553 2928
554 2928
555 2928
556 2928
557 2928
558 2928
559 2928
560 2928
561 2928
562 2928
563 2928
564 2928
565 2928
566 2928
567 2928
568 2928
569 2928
570 2928
571 2928
572 2928
573 2928
574 2928
575 2928
576 2928
577 2928
578 2928
579 2928
580 2928
581 2928
582 2928
583 2928
584 2928
585 2928
586 2928
587 2928
588 2928
589 2928
590 2928
591 2928
592 2928
593 2928
594 2928
595 2928
596 2928
597 2928
598 2928
599 2928
600 2928
601 2928
602 2928
603 2928
604 2928
605 2928
606 2928
607 2928
608 2928
609 2928
610 2928
611 2928
612 2928
613 2928
614 2928
615 2928
616 2928
617 2928
618 2928
619 2928
620 2928
621 2928
622 2928
623 2928
624 2928
625 2928
626 2928
627 2928
628 2928
629 2928
630 2928
631 2928
632 2928
633 2928
634 2928
635 2928
636 2928
637 2928
638 2928
639 2928
640 2928
641 2928
642 2928
643 2928
644 2928
645 2928
646 2928
647 2928
648 2928
649 2928
650 2928
651 2928
652 2928
653 2928
654 2928
655 2928
656 2928
657 2928
658 2928
659 2928
660 2928
661 2928
662 2928
663 2928
664 2928
665 2928
666 2928
667 2928
668 2928
669 2928
670 2928
671 2928
672 2928
673 2928
674 2928
675 2928
676 2928
677 2928
678 2928
679 2928
680 2928
681 2928
682 2928
683 2928
684 2928
685 2928
686 2928
687 2928
688 2928
689 2928
690 2928
691 2928
692 2928
693 2928
694 2928
695 2928
696 2928
697 2928
698 2928
699 2928
700 2928
701 2928
702 2928
703 2928
704 2928
705 2928
706 2928
707 2928
708 2928
709 2928
710 2928
711 2928
712 2928
713 2928
714 2928
715 2928
716 2928
717 2928
718 2928
719 2928
720 2928
721 2928
722 2928
723 2928
724 2928
725 2928
726 2928
727 2928
728 2928
729 2928
730 2928
731 2928
732 2928
733 2928
734 2928
735 2928
736 2928
737 2928
738 2928
739 2928
740 2928
741 2928
742 2928
743 2928
744 2928
745 2928
746 2928
747 2928
748 2928
749 2928
750 2928
751 2928
752 2928
753 2928
754 2928
755 2928
756 2928
757 2928
758 2928
759 2928
760 2928
761 2928
762 2928
763 2928
764 2928
765 2928
766 2928
767 2928
768 2928
769 2928
770 2928
771 2928
772 2928
773 2928
774 2928
775 2928
776 2928
777 2928
778 2928
779 2928
780 2928
781 2928
782 2928
783 2928
784 2928
785 2928
786 2928
787 2928
788 2928
789 2928
790 2928
791 2928
792 2928
793 2928
794 2928
795 2928
796 2928
797 2928
798 2928
799 2928
800 2928
801 2928
802 2928
803 2928
804 2928
805 2928
806 2928
807 2928
808 2928
809 2928
810 2928
811 2928
812 2928
813 2928
814 2928
815 2928
816 2928
817 2928
818 2928
819 2928
820 2928
821 2928
822 2928
823 2928
824 2928
825 2928
826 2928
827 2928
828 2928
829 2928
830 2928
831 2928
832 2928
833 2928
834 2928
835 2928
836 2928
837 2928
838 2928
839 2928
840 2928
841 2928
842 2928
843 2928
844 2928
845 2928
846 2928
847 2928
848 2928
849 2928
850 2928
851 2928
852 2928
853 2928
854 2928
855 2928
856 2928
857 2928
858 2928
859 2928
860 2928
861 2928
862 2928
863 2928
864 2928
865 2928
866 2928
867 2928
868 2928
869 2928
870 2928
871 2928
872 2928
873 2928
874 2928
875 2928
876 2928
877 2928
878 2928
879 2928
880 2928
881 2928
882 2928
883 2928
884 2928
885 2928
886 2928
887 2928
888 2928
889 2928
890 2928
891 2928
892 2928
893 2928
894 2928
895 2928
896 2928
897 2928
898 2928
899 2928
900 2928
901 2928
902 2928
903 2928
904 2928
905 2928
906 2928
907 2928
908 2928
909 2928
910 2928
911 2928
912 2928
913 2928
914 2928
915 2928
916 2928
917 2928
918 2928
919 2928
920 2928
921 2928
922 2928
923 2928
924 2928
925 2928
926 2928
927 2928
928 2928
929 2928
930 2928
931 2928
932 2928
933 2928
934 2928
935 2928
936 2928
937 2928
938 2928
939 2928
940 2928
941 2928
942 2928
943 2928
944 2928
945 2928
946 2928
947 2928
948 2928
949 2928
950 2928
951 2928
952 2928
953 2928
954 2928
955 2928
956 2928
957 2928
958 2928
959 2928
960 2928
961 2928
962 2928
963 2928
964 2928
965 2928
966 2928
967 2928
968 2928
969 2928
970 2928
971 2928
972 2928
973 2928
974 2928
975 2928
976 2928
977 2928
978 2928
979 2928
980 2928
981 2928
982 2928
983 2928
984 2928
985 2928
986 2928
987 2928
988 2928
989 2928
990 2928
991 2928
992 2928
993 2928
994 2928
995 2928
996 2928
997 2928
998 2928
999 2928
1000 2928
1001 2928
1002 2928
1003 2928
1004 2928
1005 2928
1006 2928
1007 2928
1008 2928
1009 2928
1010 2928
1011 2928
1012 2928
1013 2928
1014 2928
1015 2928
1016 2928
1017 2928
1018 2928
1019 2928
1020 2928
1021 2928
1022 2928
1023 2928
1024 2928
1025 2928
1026 2928
1027 2928
1028 2928
1029 2928
1030 2928
1031 2928
1032 2928
1033 2928
1034 2928
1035 2928
1036 2928
1037 2928
1038 2928
1039 2928
1040 2928
1041 2928
1042 2928
1043 2928
1044 2928
1045 2928
1046 2928
1047 2928
1048 2928
1049 2928
1050 2928
1051 2928
1052 2928
1053 2928
1054 2928
1055 2928
1056 2928
1057 2928
1058 2928
1059 2928
1060 2928
1061 2928
1062 2928
1063 2928
1064 2928
1065 2928
1066 2928
1067 2928
1068 2928
1069 2928
1070 2928
1071 2928
1072 2928
1073 2928
1074 2928
1075 2928
1076 2928
1077 2928
1078 2928
1079 2928
1080 2928
1081 2928
1082 2928
1083 2928
1084 2928
1085 2928
1086 2928
1087 2928
1088 2928
1089 2928
1090 2928
1091 2928
1092 2928
1093 2928
1094 2928
1095 2928
1096 2928
1097 2928
1098 2928
1099 2928
1100 2928
1101 2928
1102 2928
1103 2928
1104 2928
1105 2928
1106 2928
1107 2928
1108 2928
1109 2928
1110 2928
1111 2928
1112 2928
1113 2928
1114 2928
1115 2928
1116 2928
1117 2928
1118 2928
1119 2928
1120 2928
1121 2928
1122 2928
1123 2928
1124 2928
1125 2928
1126 2928
1127 2928
1128 2928
1129 2928
1130 2928
1131 2928
1132 2928
1133 2928
1134 2928
1135 2928
1136 2928
1137 2928
1138 2928
1139 2928
1140 2928
1141 2928
1142 2928
1143 2928
1144 2928
1145 2928
1146 2928
1147 2928
1148 2928
1149 2928
1150 2928
1151 2928
1152 2928
1153 2928
1154 2928
1155 2928
1156 2928
1157 2928
1158 2928
1159 2928
1160 2928
1161 2928
1162 2928
1163 2928
1164 2928
1165 2928
1166 2928
1167 2928
1168 2928
1169 2928
1170 2928
1171 2928
1172 2928
1173 2928
1174 2928
1175 2928
1176 2928
1177 2928
1178 2928
1179 2928
1180 2928
1181 2928
1182 2928
1183 2928
1184 2928
1185 2928
1186 2928
1187 2928
1188 2928
1189 2928
1190 2928
1191 2928
1192 2928
1193 2928
1194 2928
1195 2928
1196 2928
1197 2928
1198 2928
1199 2928
1200 2928
1201 2928
1202 2928
1203 2928
1204 2928
1205 2928
1206 2928
1207 2928
1208 2928
1209 2928
1210 2928
1211 2928
1212 2928
1213 2928
1214 2928
1215 2928
1216 2928
1217 2928
1218 2928
1219 2928
1220 2928
1221 2928
1222 2928
1223 2928
1224 2928
1225 2928
1226 2928
1227 2928
1228 2928
1229 2928
1230 2928
1231 2928
1232 2928
1233 2928
1234 2928
1235 2928
1236 2928
1237 2928
1238 2928
1239 2928
1240 2928
1241 2928
1242 2928
1243 2928
1244 2928
1245 2928
1246 2928
1247 2928
1248 2928
1249 2928
1250 2928
1251 2928
1252 2928
1253 2928
1254 2928
1255 2928
1256 2928
1257 2928
1258 2928
1259 2928
1260 2928
1261 2928
1262 2928
1263 2928
1264 2928
1265 2928
1266 2928
1267 2928
1268 2928
1269 2928
1270 2928
1271 2928
1272 2928
1273 2928
1274 2928
1275 2928
1276 2928
1277 2928
1278 2928
1279 2928
1280 2928
1281 2928
1282 2928
1283 2928
1284 2928
1285 2928
1286 2928
1287 2928
1288 2928
1289 2928
1290 2928
1291 2928
1292 2928
1293 2928
1294 2928
1295 2928
1296 2928
1297 2928
1298 2928
1299 2928
1300 2928
1301 2928
1302 2928
1303 2928
1304 2928
1305 2928
1306 2928
1307 2928
1308 2928
1309 2928
1310 2928
1311 2928
1312 2928
1313 2928
1314 2928
1315 2928
1316 2928
1317 2928
1318 2928
1319 2928
1320 2928
1321 2928
1322 2928
1323 2928
1324 2928
1325 2928
1326 2928
1327 2928
1328 2928
1329 2928
1330 2928
1331 2928
1332 2928
1333 2928
1334 2928
1335 2928
1336 2928
1337 2928
1338 2928
1339 2928
1340 2928
1341 2928
1342 2928
1343 2928
1344 2928
1345 2928
1346 2928
1347 2928
1348 2928
1349 2928
1350 2928
1351 2928
1352 2928
1353 2928
1354 2928
1355 2928
1356 2928
1357 2928
1358 2928
1359 2928
1360 2928
1361 2928
1362 2928
1363 2928
1364 2928
1365 2928
1366 2928
1367 2928
1368 2928
1369 2928
1370 2928
1371 2928
1372 2928
1373 2928
1374 2928
1375 2928
1376 2928
1377 2928
1378 2928
1379 2928
1380 2928
1381 2928
1382 2928
1383 2928
1384 2928
1385 2928
1386 2928
1387 2928
1388 2928
1389 2928
1390 2928
1391 2928
1392 2928
1393 2928
1394 2928
1395 2928
1396 2928
1397 2928
1398 2928
1399 2928
1400 2928
1401 2928
1402 2928
1403 2928
1404 2928
1405 2928
1406 2928
1407 2928
1408 2928
1409 2928
1410 2928
1411 2928
1412 2928
1413 2928
1414 2928
1415 2928
1416 2928
1417 2928
1418 2928
1419 2928
1420 2928
1421 2928
1422 2928
1423 2928
1424 2928
1425 2928
1426 2928
1427 2928
1428 2928
1429 2928
1430 2928
1431 2928
1432 2928
1433 2928
1434 2928
1435 2928
1436 2928
1437 2928
1438 2928
1439 2928
1440 2928
1441 2928
1442 2928
1443 2928
1444 2928
1445 2928
1446 2928
1447 2928
1448 2928
1449 2928
1450 2928
1451 2928
1452 2928
1453 2928
1454 2928
1455 2928
1456 2928
1457 2928
1458 2928
1459 2928
1460 2928
1461 2928
1462 2928
1463 2928
1464 2928
1465 2928
1466 2928
1467 2928
1468 2928
1469 2928
1470 2928
1471 2928
1472 2928
1473 2928
1474 2928
1475 2928
1476 2928
1477 2928
1478 2928
1479 2928
1480 2928
1481 2928
1482 2928
1483 2928
1484 2928
1485 2928
1486 2928
1487 2928
1488 2928
1489 2928
1490 2928
1491 2928
1492 2928
1493 2928
1494 2928
1495 2928
1496 2928
1497 2928
1498 2928
1499 2928
1500 2928
1501 2928
1502 2928
1503 2928
1504 2928
1505 2928
1506 2928
1507 2928
1508 2928
1509 2928
1510 2928
1511 2928
1512 2928
1513 2928
1514 2928
1515 2928
1516 2928
1517 2928
1518 2928
1519 2928
1520 2928
1521 2928
1522 2928
1523 2928
1524 2928
1525 2928
1526 2928
1527 2928
1528 2928
1529 2928
1530 2928
1531 2928
1532 2928
1533 2928
1534 2928
1535 2928
1536 2928
1537 2928
1538 2928
1539 2928
1540 2928
1541 2928
1542 2928
1543 2928
1544 2928
1545 2928
1546 2928
1547 2928
1548 2928
1549 2928
1550 2928
1551 2928
1552 2928
1553 2928
1554 2928
1555 2928
1556 2928
1557 2928
1558 2928
1559 2928
1560 2928
1561 2928
1562 2928
1563 2928
1564 2928
1565 2928
1566 2928
1567 2928
1568 2928
1569 2928
1570 2928
1571 2928
1572 2928
1573 2928
1574 2928
1575 2928
1576 2928
1577 2928
1578 2928
1579 2928
1580 2928
1581 2928
1582 2928
1583 2928
1584 2928
1585 2928
1586 2928
1587 2928
1588 2928
1589 2928
1590 2928
1591 2928
1592 2928
1593 2928
1594 2928
1595 2928
1596 2928
1597 2928
1598 2928
1599 2928
1600 2928
1601 2928
1602 2928
1603 2928
1604 2928
1605 2928
1606 2928
1607 2928
1608 2928
1609 2928
1610 2928
1611 2928
1612 2928
1613 2928
1614 2928
1615 2928
1616 2928
1617 2928
1618 2928
1619 2928
1620 2928
1621 2928
1622 2928
1623 2928
1624 2928
1625 2928
1626 2928
1627 2928
1628 2928
1629 2928
1630 2928
1631 2928
1632 2928
1633 2928
1634 2928
1635 2928
1636 2928
1637 2928
1638 2928
1639 2928
1640 2928
1641 2928
1642 2928
1643 2928
1644 2928
1645 2928
1646 2928
1647 2928
1648 2928
1649 2928
1650 2928
1651 2928
1652 2928
1653 2928
1654 2928
1655 2928
1656 2928
1657 2928
1658 2928
1659 2928
1660 2928
1661 2928
1662 2928
1663 2928
1664 2928
1665 2928
1666 2928
1667 2928
1668 2928
1669 2928
1670 2928
1671 2928
1672 2928
1673 2928
1674 2928
1675 2928
1676 2928
1677 2928
1678 2928
1679 2928
1680 2928
1681 2928
1682 2928
1683 2928
1684 2928
1685 2928
1686 2928
1687 2928
1688 2928
1689 2928
1690 2928
1691 2928
1692 2928
1693 2928
1694 2928
1695 2928
1696 2928
1697 2928
1698 2928
1699 2928
1700 2928
1701 2928
1702 2928
1703 2928
1704 2928
1705 2928
1706 2928
1707 2928
1708 2928
1709 2928
1710 2928
1711 2928
1712 2928
1713 2928
1714 2928
1715 2928
1716 2928
1717 2928
1718 2928
1719 2928
1720 2928
1721 2928
1722 2928
1723 2928
1724 2928
1725 2928
1726 2928
1727 2928
1728 2928
1729 2928
1730 2928
1731 2928
1732 2928
1733 2928
1734 2928
1735 2928
1736 2928
1737 2928
1738 2928
1739 2928
1740 2928
1741 2928
1742 2928
1743 2928
1744 2928
1745 2928
1746 2928
1747 2928
1748 2928
1749 2928
1750 2928
1751 2928
1752 2928
1753 2928
1754 2928
1755 2928
1756 2928
1757 2928
1758 2928
1759 2928
1760 2928
1761 2928
1762 2928
1763 2928
1764 2928
1765 2928
1766 2928
1767 2928
1768 2928
1769 2928
1770 2928
1771 2928
1772 2928
1773 2928
1774 2928
1775 2928
1776 2928
1777 2928
1778 2928
1779 2928
1780 2928
1781 2928
1782 2928
1783 2928
1784 2928
1785 2928
1786 2928
1787 2928
1788 2928
1789 2928
1790 2928
1791 2928
1792 2928
1793 2928
1794 2928
1795 2928
1796 2928
1797 2928
1798 2928
1799 2928
1800 2928
1801 2928
1802 2928
1803 2928
1804 2928
1805 2928
1806 2928
1807 2928
1808 2928
1809 2928
1810 2928
1811 2928
1812 2928
1813 2928
1814 2928
1815 2928
1816 2928
1817 2928
1818 2928
1819 2928
1820 2928
1821 2928
1822 2928
1823 2928
1824 2928
1825 2928
1826 2928
1827 2928
1828 2928
1829 2928
1830 2928
1831 2928
1832 2928
1833 2928
1834 2928
1835 2928
1836 2928
1837 2928
1838 2928
1839 2928
1840 2928
1841 2928
1842 2928
1843 2928
1844 2928
1845 2928
1846 2928
1847 2928
1848 2928
1849 2928
1850 2928
1851 2928
1852 2928
1853 2928
1854 2928
1855 2928
1856 2928
1857 2928
1858 2928
1859 2928
1860 2928
1861 2928
1862 2928
1863 2928
1864 2928
1865 2928
1866 2928
1867 2928
1868 2928
1869 2928
1870 2928
1871 2928
1872 2928
1873 2928
1874 2928
1875 2928
1876 2928
1877 2928
1878 2928
1879 2928
1880 2928
1881 2928
1882 2928
1883 2928
1884 2928
1885 2928
1886 2928
1887 2928
1888 2928
1889 2928
1890 2928
1891 2928
1892 2928
1893 2928
1894 2928
1895 2928
1896 2928
1897 2928
1898 2928
1899 2928
1900 2928
1901 2928
1902 2928
1903 2928
1904 2928
1905 2928
1906 2928
1907 2928
1908 2928
1909 2928
1910 2928
1911 2928
1912 2928
1913 2928
1914 2928
1915 2928
1916 2928
1917 2928
1918 2928
1919 2928
1920 2928
1921 2928
1922 2928
1923 2928
1924 2928
1925 2928
1926 2928
1927 2928
1928 2928
1929 2928
1930 2928
1931 2928
1932 2928
1933 2928
1934 2928
1935 2928
1936 2928
1937 2928
1938 2928
1939 2928
1940 2928
1941 2928
1942 2928
1943 2928
1944 2928
1945 2928
1946 2928
1947 2928
1948 2928
1949 2928
1950 2928
1951 2928
1952 2928
1953 2928
1954 2928
1955 2928
1956 2928
1957 2928
1958 2928
1959 2928
1960 2928
1961 2928
1962 2928
1963 2928
1964 2928
1965 2928
1966 2928
1967 2928
1968 2928
1969 2928
1970 2928
1971 2928
1972 2928
1973 2928
1974 2928
1975 2928
1976 2928
1977 2928
1978 2928
1979 2928
1980 2928
1981 2928
1982 2928
1983 2928
1984 2928
1985 2928
1986 2928
1987 2928
1988 2928
1989 2928
1990 2928
1991 2928
1992 2928
1993 2928
1994 2928
1995 2928
1996 2928
1997 2928
1998 2928
1999 2928
2000 2928
2001 2928
2002 2928
2003 2928
2004 2928
2005 2928
2006 2928
2007 2928
2008 2928
2009 2928
2010 2928
2011 2928
2012 2928
2013 2928
2014 2928
2015 2928
2016 2928
2017 2928
2018 2928
2019 2928
2020 2928
2021 2928
2022 2928
2023 2928
2024 2928
2025 2928
2026 2928
2027 2928
2028 2928
2029 2928
2030 2928
2031 2928
2032 2928
2033 2928
2034 2928
2035 2928
2036 2928
2037 2928
2038 2928
2039 2928
2040 2928
2041 2928
2042 2928
2043 2928
2044 2928
2045 2928
2046 2928
2047 2928
2048 2928
2049 2928
2050 2928
2051 2928
2052 2928
2053 2928
2054 2928
2055 2928
2056 2928
2057 2928
2058 2928
2059 2928
2060 2928
2061 2928
2062 2928
2063 2928
2064 2928
2065 2928
2066 2928
2067 2928
2068 2928
2069 2928
2070 2928
2071 2928
2072 2928
2073 2928
2074 2928
2075 2928
2076 2928
2077 2928
2078 2928
2079 2928
2080 2928
2081 2928
2082 2928
2083 2928
2084 2928
2085 2928
2086 2928
2087 2928
2088 2928
2089 2928
2090 2928
2091 2928
2092 2928
2093 2928
2094 2928
2095 2928
2096 2928
2097 2928
2098 2928
2099 2928
2100 2928
2101 2928
2102 2928
2103 2928
2104 2928
2105 2928
2106 2928
2107 2928
2108 2928
2109 2928
2110 2928
2111 2928
2112 2928
2113 2928
2114 2928
2115 2928
2116 2928
2117 2928
2118 2928
2119 2928
2120 2928
2121 2928
2122 2928
2123 2928
2124 2928
2125 2928
2126 2928
2127 2928
2128 2928
2129 2928
2130 2928
2131 2928
2132 2928
2133 2928
2134 2928
2135 2928
2136 2928
2137 2928
2138 2928
2139 2928
2140 2928
2141 2928
2142 2928
2143 2928
2144 2928
2145 2928
2146 2928
2147 2928
2148 2928
2149 2928
2150 2928
2151 2928
2152 2928
2153 2928
2154 2928
2155 2928
2156 2928
2157 2928
2158 2928
2159 2928
2160 2928
2161 2928
2162 2928
2163 2928
2164 2928
2165 2928
2166 2928
2167 2928
2168 2928
2169 2928
2170 2928
2171 2928
2172 2928
2173 2928
2174 2928
2175 2928
2176 2928
2177 2928
2178 2928
2179 2928
2180 2928
2181 2928
2182 2928
2183 2928
2184 2928
2185 2928
2186 2928
2187 2928
2188 2928
2189 2928
2190 2928
2191 2928
2192 2928
2193 2928
2194 2928
2195 2928
2196 2928
2197 2928
2198 2928
2199 2928
2200 2928
2201 2928
2202 2928
2203 2928
2204 2928
2205 2928
2206 2928
2207 2928
2208 2928
2209 2928
2210 2928
2211 2928
2212 2928
2213 2928
2214 2928
2215 2928
2216 2928
2217 2928
2218 2928
2219 2928
2220 2928
2221 2928
2222 2928
2223 2928
2224 2928
2225 2928
2226 2928
2227 2928
2228 2928
2229 2928
2230 2928
2231 2928
2232 2928
2233 2928
2234 2928
2235 2928
2236 2928
2237 2928
2238 2928
2239 2928
2240 2928
2241 2928
2242 2928
2243 2928
2244 2928
2245 2928
2246 2928
2247 2928
2248 2928
2249 2928
2250 2928
2251 2928
2252 2928
2253 2928
2254 2928
2255 2928
2256 2928
2257 2928
2258 2928
2259 2928
2260 2928
2261 2928
2262 2928
2263 2928
2264 2928
2265 2928
2266 2928
2267 2928
2268 2928
2269 2928
2270 2928
2271 2928
2272 2928
2273 2928
2274 2928
2275 2928
2276 2928
2277 2928
2278 2928
2279 2928
2280 2928
2281 2928
2282 2928
2283 2928
2284 2928
2285 2928
2286 2928
2287 2928
2288 2928
2289 2928
2290 2928
2291 2928
2292 2928
2293 2928
2294 2928
2295 2928
2296 2928
2297 2928
2298 2928
2299 2928
2300 2928
2301 2928
2302 2928
2303 2928
2304 2928
2305 2928
2306 2928
2307 2928
2308 2928
2309 2928
2310 2928
2311 2928
2312 2928
2313 2928
2314 2928
2315 2928
2316 2928
2317 2928
2318 2928
2319 2928
2320 2928
2321 2928
2322 2928
2323 2928
2324 2928
2325 2928
2326 2928
2327 2928
2328 2928
2329 2928
2330 2928
2331 2928
2332 2928
2333 2928
2334 2928
2335 2928
2336 2928
2337 2928
2338 2928
2339 2928
2340 2928
2341 2928
2342 2928
2343 2928
2344 2928
2345 2928
2346 2928
2347 2928
2348 2928
2349 2928
2350 2928
2351 2928
2352 2928
2353 2928
2354 2928
2355 2928
2356 2928
2357 2928
2358 2928
2359 2928
2360 2928
2361 2928
2362 2928
2363 2928
2364 2928
2365 2928
2366 2928
2367 2928
2368 2928
2369 2928
2370 2928
2371 2928
2372 2928
2373 2928
2374 2928
2375 2928
2376 2928
2377 2928
2378 2928
2379 2928
2380 2928
2381 2928
2382 2928
2383 2928
2384 2928
2385 2928
2386 2928
2387 2928
2388 2928
2389 2928
2390 2928
2391 2928
2392 2928
2393 2928
2394 2928
2395 2928
2396 2928
2397 2928
2398 2928
2399 2928
2400 2928
2401 2928
2402 2928
2403 2928
2404 2928
2405 2928
2406 2928
2407 2928
2408 2928
2409 2928
2410 2928
2411 2928
2412 2928
2413 2928
2414 2928
2415 2928
2416 2928
2417 2928
2418 2928
2419 2928
2420 2928
2421 2928
2422 2928
2423 2928
2424 2928
2425 2928
2426 2928
2427 2928
2428 2928
2429 2928
2430 2928
2431 2928
2432 2928
2433 2928
2434 2928
2435 2928
2436 2928
2437 2928
2438 2928
2439 2928
2440 2928
2441 2928
2442 2928
2443 2928
2444 2928
2445 2928
2446 2928
2447 2928
2448 2928
2449 2928
2450 2928
2451 2928
2452 2928
2453 2928
2454 2928
2455 2928
2456 2928
2457 2928
2458 2928
2459 2928
2460 2928
2461 2928
2462 2928
2463 2928
2464 2928
2465 2928
2466 2928
2467 2928
2468 2928
2469 2928
2470 2928
2471 2928
2472 2928
2473 2928
2474 2928
2475 2928
2476 2928
2477 2928
2478 2928
2479 2928
2480 2928
2481 2928
2482 2928
2483 2928
2484 2928
2485 2928
2486 2928
2487 2928
2488 2928
2489 2928
2490 2928
2491 2928
2492 2928
2493 2928
2494 2928
2495 2928
2496 2928
2497 2928
2498 2928
2499 2928
2500 2928
2501 2928
2502 2928
2503 2928
2504 2928
2505 2928
2506 2928
2507 2928
2508 2928
2509 2928
2510 2928
2511 2928
2512 2928
2513 2928
2514 2928
2515 2928
2516 2928
2517 2928
2518 2928
2519 2928
2520 2928
2521 2928
2522 2928
2523 2928
2524 2928
2525 2928
2526 2928
2527 2928
2528 2928
2529 2928
2530 2928
2531 2928
2532 2928
2533 2928
2534 2928
2535 2928
2536 2928
2537 2928
2538 2928
2539 2928
2540 2928
2541 2928
2542 2928
2543 2928
2544 2928
2545 2928
2546 2928
2547 2928
2548 2928
2549 2928
2550 2928
2551 2928
2552 2928
2553 2928
2554 2928
2555 2928
2556 2928
2557 2928
2558 2928
2559 2928
2560 2928
2561 2928
2562 2928
2563 2928
2564 2928
2565 2928
2566 2928
2567 2928
2568 2928
2569 2928
2570 2928
2571 2928
2572 2928
2573 2928
2574 2928
2575 2928
2576 2928
2577 2928
2578 2928
2579 2928
2580 2928
2581 2928
2582 2928
2583 2928
2584 2928
2585 2928
2586 2928
2587 2928
2588 2928
2589 2928
2590 2928
2591 2928
2592 2928
2593 2928
2594 2928
2595 2928
2596 2928
2597 2928
2598 2928
2599 2928
2600 2928
2601 2928
2602 2928
2603 2928
2604 2928
2605 2928
2606 2928
2607 2928
2608 2928
2609 2928
2610 2928
2611 2928
2612 2928
2613 2928
2614 2928
2615 2928
2616 2928
2617 2928
2618 2928
2619 2928
2620 2928
2621 2928
2622 2928
2623 2928
2624 2928
2625 2928
2626 2928
2627 2928
2628 2928
2629 2928
2630 2928
2631 2928
2632 2928
2633 2928
2634 2928
2635 2928
2636 2928
2637 2928
2638 2928
2639 2928
2640 2928
2641 2928
2642 2928
2643 2928
2644 2928
2645 2928
2646 2928
2647 2928
2648 2928
2649 2928
2650 2928
2651 2928
2652 2928
2653 2928
2654 2928
2655 2928
2656 2928
2657 2928
2658 2928
2659 2928
2660 2928
2661 2928
2662 2928
2663 2928
2664 2928
2665 2928
2666 2928
2667 2928
2668 2928
2669 2928
2670 2928
2671 2928
2672 2928
2673 2928
2674 2928
2675 2928
2676 2928
2677 2928
2678 2928
2679 2927
2680 2927
2681 2927
2682 2927
2683 2927
2684 2925
2685 2924
2686 2924
2687 2924
2688 2924
2689 2923
2690 2923
2691 2923
2692 2923
2693 2922
2694 2922
2695 2922
2696 2911
2697 2901
2698 2889
2699 2888
2700 2888
2701 2888
2702 2887
2703 2887
2704 2886
2705 2886
2706 2886
2707 2886
2708 2886
2709 2886
2710 2886
2711 2886
2712 2886
2713 2886
2714 2886
2715 2885
2716 2885
2717 2885
2718 2885
2719 2885
2720 2883
2721 2883
2722 2882
2723 2881
2724 2881
2725 2881
2726 2881
2727 2880
2728 2880
2729 2879
2730 2878
2731 2878
2732 2878
2733 2878
2734 2878
2735 2878
2736 2877
2737 2877
2738 2876
2739 2876
2740 2875
2741 2875
2742 2875
2743 2875
2744 2875
2745 2875
2746 2874
2747 2874
2748 2874
2749 2874
2750 2838
2751 2802
2752 2786
2753 2785
2754 2785
2755 2785
2756 2784
2757 2784
2758 2784
2759 2784
2760 2784
2761 2783
2762 2782
2763 2782
2764 2782
2765 2782
2766 2782
2767 2781
2768 2781
2769 2781
2770 2781
2771 2780
2772 2779
2773 2779
2774 2778
2775 2778
2776 2778
2777 2777
2778 2777
2779 2776
2780 2776
2781 2776
2782 2776
2783 2775
2784 2775
2785 2775
2786 2775
2787 2775
2788 2775
2789 2775
2790 2775
2791 2775
2792 2775
2793 2775
2794 2773
2795 2773
2796 2773
2797 2773
2798 2773
2799 2773
2800 2772
2801 2715
2802 2677
2803 2637
2804 2637
2805 2636
2806 2636
2807 2636
2808 2636
2809 2636
2810 2636
2811 2636
2812 2636
2813 2636
2814 2636
2815 2636
2816 2635
2817 2634
2818 2634
2819 2634
2820 2634
2821 2634
2822 2634
2823 2634
2824 2634
2825 2634
2826 2634
2827 2633
2828 2633
2829 2633
2830 2633
2831 2633
2832 2633
2833 2633
2834 2632
2835 2632
2836 2632
2837 2632
2838 2632
2839 2631
2840 2631
2841 2631
2842 2631
2843 2629
2844 2629
2845 2629
2846 2629
2847 2629
2848 2629
2849 2627
2850 2626
2851 2626
2852 2626
2853 2626
2854 2567
2855 2499
2856 2468
2857 2467
2858 2467
2859 2467
2860 2467
2861 2467
2862 2467
2863 2467
2864 2467
2865 2467
2866 2466
2867 2466
2868 2466
2869 2466
2870 2466
2871 2466
2872 2466
2873 2466
2874 2466
2875 2466
2876 2466
2877 2465
2878 2464
2879 2464
2880 2464
2881 2464
2882 2464
2883 2464
2884 2464
2885 2464
2886 2464
2887 2464
2888 2464
2889 2464
2890 2464
2891 2464
2892 2463
2893 2463
2894 2462
2895 2462
2896 2461
2897 2461
2898 2460
2899 2459
2900 2458
2901 2457
2902 2457
2903 2457
2904 2457
2905 2457
2906 2457
2907 2411
2908 2343
2909 2276
2910 2276
2911 2275
2912 2275
2913 2273
2914 2273
2915 2272
2916 2271
2917 2271
2918 2270
2919 2270
2920 2270
2921 2270
2922 2269
2923 2269
2924 2269
2925 2269
2926 2268
2927 2267
2928 2267
2929 2267
2930 2267
2931 2267
2932 2267
2933 2267
2934 2265
2935 2265
2936 2265
2937 2265
2938 2263
2939 2263
2940 2263
2941 2262
2942 2262
2943 2260
2944 2259
2945 2259
2946 2259
2947 2259
2948 2259
2949 2258
2950 2258
2951 2257
2952 2257
2953 2257
2954 2256
2955 2231
2956 2136
2957 2045
2958 2045
2959 2045
2960 2044
2961 2042
2962 2041
2963 2041
2964 2041
2965 2040
2966 2040
2967 2039
2968 2039
2969 2039
2970 2039
2971 2038
2972 2038
2973 2038
2974 2038
2975 2038
2976 2038
2977 2036
2978 2036
2979 2035
2980 2035
2981 2035
2982 2035
2983 2034
2984 2034
2985 2033
2986 2031
2987 2030
2988 2030
2989 2029
2990 2029
2991 2029
2992 2028
2993 2028
2994 2028
2995 2028
2996 2028
2997 2028
2998 2028
2999 2028
3000 2027
3001 2027
3002 2027
3003 2026
3004 2024
3005 1974
3006 1907
3007 1820
3008 1819
3009 1819
3010 1819
3011 1819
3012 1819
3013 1818
3014 1817
3015 1816
3016 1816
3017 1816
3018 1816
3019 1816
3020 1816
3021 1816
3022 1816
3023 1815
3024 1815
3025 1814
3026 1814
3027 1814
3028 1814
3029 1814
3030 1814
3031 1813
3032 1813
3033 1813
3034 1812
3035 1812
3036 1812
3037 1812
3038 1812
3039 1812
3040 1812
3041 1810
3042 1810
3043 1810
3044 1810
3045 1810
3046 1808
3047 1808
3048 1808
3049 1806
3050 1806
3051 1806
3052 1806
3053 1805
3054 1805
3055 1804
3056 1729
3057 1659
3058 1599
3059 1599
3060 1599
3061 1598
3062 1598
3063 1598
3064 1598
3065 1598
3066 1598
3067 1598
3068 1597
3069 1596
3070 1595
3071 1594
3072 1594
3073 1593
3074 1593
3075 1592
3076 1592
3077 1592
3078 1592
3079 1591
3080 1591
3081 1590
3082 1588
3083 1587
3084 1584
3085 1584
3086 1583
3087 1582
3088 1582
3089 1582
3090 1582
3091 1582
3092 1580
3093 1580
3094 1580
3095 1580
3096 1580
3097 1580
3098 1580
3099 1580
3100 1580
3101 1580
3102 1580
3103 1580
3104 1580
3105 1580
3106 1580
3107 1580
3108 1579
3109 1577
3110 1577
3111 1576
3112 1487
3113 1357
3114 1328
3115 1327
3116 1326
3117 1325
3118 1325
3119 1325
3120 1325
3121 1325
3122 1325
3123 1325
3124 1324
3125 1323
3126 1323
3127 1323
3128 1323
3129 1323
3130 1322
3131 1322
3132 1322
3133 1322
3134 1321
3135 1321
3136 1320
3137 1320
3138 1320
3139 1319
3140 1318
3141 1318
3142 1318
3143 1318
3144 1318
3145 1318
3146 1318
3147 1318
3148 1317
3149 1317
3150 1317
3151 1316
3152 1316
3153 1316
3154 1316
3155 1316
3156 1316
3157 1316
3158 1316
3159 1316
3160 1316
3161 1315
3162 1314
3163 1314
3164 1314
3165 1234
3166 1103
3167 1077
3168 1077
3169 1077
3170 1076
3171 1076
3172 1076
3173 1076
3174 1076
3175 1075
3176 1075
3177 1075
3178 1075
3179 1075
3180 1075
3181 1075
3182 1074
3183 1074
3184 1073
3185 1073
3186 1073
3187 1073
3188 1072
3189 1072
3190 1072
3191 1072
3192 1070
3193 1070
3194 1070
3195 1069
3196 1069
3197 1069
3198 1068
3199 1068
3200 1068
3201 1068
3202 1068
3203 1067
3204 1066
3205 1066
3206 1066
3207 1066
3208 1066
3209 1066
3210 1066
3211 1066
3212 1066
3213 1066
3214 1066
3215 1066
3216 1066
3217 1066
3218 1066
3219 1066
3220 1066
3221 1066
3222 1066
3223 1066
3224 979
3225 878
3226 829
3227 829
3228 829
3229 829
3230 829
3231 829
3232 829
3233 829
3234 829
3235 829
3236 829
3237 829
3238 829
3239 829
3240 829
3241 829
3242 829
3243 829
3244 829
3245 829
3246 829
3247 829
3248 829
3249 829
3250 829
3251 829
3252 829
3253 829
3254 829
3255 829
3256 829
3257 829
3258 829
3259 829
3260 829
3261 829
3262 829
3263 829
3264 829
3265 829
3266 829
3267 829
3268 829
3269 829
3270 829
3271 829
3272 829
3273 829
3274 829
3275 829
3276 829
3277 829
3278 829
3279 829
3280 829
3281 829
3282 829
3283 829
3284 829
3285 829
3286 829
3287 829
3288 829
3289 808
3290 770
3291 729
3292 640
3293 640
3294 640
3295 640
3296 640
3297 640
3298 640
3299 640
3300 640
3301 640
3302 640
3303 640
3304 640
3305 640
3306 640
3307 640
3308 640
3309 640
3310 640
3311 640
3312 640
3313 640
3314 640
3315 640
3316 640
3317 640
3318 640
3319 640
3320 640
3321 640
3322 640
3323 640
3324 640
3325 640
3326 640
3327 640
3328 640
3329 640
3330 640
3331 640
3332 640
3333 640
3334 640
3335 640
3336 640
3337 640
3338 640
3339 640
3340 640
3341 640
3342 640
3343 640
3344 640
3345 640
3346 640
3347 640
3348 640
3349 640
3350 640
3351 640
3352 640
3353 623
3354 573
3355 548
3356 502
3357 502
3358 502
3359 502
3360 502
3361 502
3362 502
3363 502
3364 502
3365 502
3366 502
3367 502
3368 502
3369 502
3370 502
3371 502
3372 502
3373 502
3374 502
3375 502
3376 502
3377 502
3378 502
3379 502
3380 502
3381 502
3382 502
3383 502
3384 502
3385 502
3386 502
3387 502
3388 502
3389 502
3390 502
3391 502
3392 502
3393 502
3394 502
3395 502
3396 502
3397 502
3398 502
3399 502
3400 502
3401 502
3402 502
3403 502
3404 502
3405 502
3406 502
3407 502
3408 502
3409 502
3410 502
3411 502
3412 502
3413 502
3414 502
3415 502
3416 502
3417 502
3418 476
3419 452
3420 411
3421 397
3422 397
3423 397
3424 397
3425 397
3426 397
3427 397
3428 397
3429 397
3430 397
3431 397
3432 397
3433 397
3434 397
3435 397
3436 397
3437 397
3438 397
3439 397
3440 397
3441 397
3442 397
3443 397
3444 397
3445 397
3446 397
3447 397
3448 397
3449 397
3450 397
3451 397
3452 397
3453 397
3454 397
3455 397
3456 397
3457 397
3458 397
3459 397
3460 397
3461 397
3462 397
3463 397
3464 397
3465 397
3466 397
3467 397
3468 397
3469 397
3470 397
3471 397
3472 397
3473 397
3474 397
3475 397
3476 397
3477 397
3478 397
3479 397
3480 397
3481 397
3482 397
3483 397
3484 397
3485 397
3486 397
3487 375
3488 339
3489 311
3490 311
3491 311
3492 311
3493 311
3494 311
3495 311
3496 311
3497 311
3498 311
3499 311
3500 311
3501 311
3502 311
3503 311
3504 311
3505 311
3506 311
3507 311
3508 311
3509 311
3510 311
3511 311
3512 311
3513 311
3514 311
3515 311
3516 311
3517 311
3518 311
3519 311
3520 311
3521 311
3522 311
3523 311
3524 311
3525 311
3526 311
3527 311
3528 311
3529 311
3530 311
3531 311
3532 311
3533 311
3534 311
3535 311
3536 311
3537 311
3538 311
3539 311
3540 311
3541 311
3542 311
3543 311
3544 311
3545 311
3546 311
3547 311
3548 311
3549 311
3550 311
3551 311
3552 311
3553 311
3554 311
3555 311
3556 277
3557 250
3558 235
3559 235
3560 235
3561 235
3562 235
3563 235
3564 235
3565 235
3566 235
3567 235
3568 235
3569 235
3570 235
3571 235
3572 235
3573 235
3574 235
3575 235
3576 235
3577 235
3578 235
3579 235
3580 235
3581 235
3582 235
3583 235
3584 235
3585 235
3586 235
3587 235
3588 235
3589 235
3590 235
3591 235
3592 235
3593 235
3594 235
3595 235
3596 235
3597 235
3598 235
3599 235
3600 235
3601 235
3602 235
3603 235
3604 235
3605 235
3606 235
3607 235
3608 235
3609 235
3610 235
3611 235
3612 235
3613 235
3614 235
3615 235
3616 235
3617 235
3618 235
3619 235
3620 235
3621 235
3622 221
3623 211
3624 196
3625 191
3626 191
3627 191
3628 191
3629 191
3630 191
3631 191
3632 191
3633 191
3634 191
3635 191
3636 191
3637 191
3638 191
3639 191
3640 191
3641 191
3642 191
3643 191
3644 191
3645 191
3646 191
3647 191
3648 191
3649 191
3650 191
3651 191
3652 191
3653 191
3654 191
3655 191
3656 191
3657 191
3658 191
3659 191
3660 191
3661 191
3662 191
3663 191
3664 191
3665 191
3666 191
3667 191
3668 191
3669 191
3670 191
3671 191
3672 191
3673 191
3674 191
3675 191
3676 191
3677 191
3678 191
3679 191
3680 191
3681 191
3682 191
3683 191
3684 191
3685 191
3686 191
3687 191
3688 191
3689 191
3690 178
3691 166
3692 154
3693 151
3694 151
3695 151
3696 151
3697 151
3698 151
3699 151
3700 151
3701 151
3702 151
3703 151
3704 151
3705 151
3706 151
3707 151
3708 151
3709 151
3710 151
3711 151
3712 151
3713 151
3714 151
3715 151
3716 151
3717 151
3718 151
3719 151
3720 151
3721 151
3722 151
3723 151
3724 151
3725 151
3726 151
3727 151
3728 151
3729 151
3730 151
3731 151
3732 151
3733 151
3734 151
3735 151
3736 151
3737 151
3738 151
3739 151
3740 151
3741 151
3742 151
3743 151
3744 151
3745 151
3746 151
3747 151
3748 151
3749 151
3750 151
3751 151
3752 151
3753 151
3754 151
3755 151
3756 151
3757 151
3758 151
3759 151
3760 146
3761 137
3762 130
3763 121
3764 121
3765 121
3766 121
3767 121
3768 121
3769 121
3770 121
3771 121
3772 121
3773 121
3774 121
3775 121
3776 121
3777 121
3778 121
3779 121
3780 121
3781 121
3782 121
3783 121
3784 121
3785 121
3786 121
3787 121
3788 121
3789 121
3790 121
3791 121
3792 121
3793 121
3794 121
3795 121
3796 121
3797 121
3798 121
3799 121
3800 121
3801 121
3802 121
3803 121
3804 121
3805 121
3806 121
3807 121
3808 121
3809 121
3810 121
3811 121
3812 121
3813 121
3814 121
3815 121
3816 121
3817 121
3818 121
3819 121
3820 121
3821 121
3822 121
3823 121
3824 121
3825 121
3826 121
3827 121
3828 121
3829 121
3830 121
3831 113
3832 104
3833 98
3834 96
3835 96
3836 96
3837 96
3838 96
3839 96
3840 96
3841 96
3842 96
3843 96
3844 96
3845 96
3846 96
3847 96
3848 96
3849 96
3850 96
3851 96
3852 96
3853 96
3854 96
3855 96
3856 96
3857 96
3858 96
3859 96
3860 96
3861 96
3862 96
3863 96
3864 96
3865 96
3866 96
3867 96
3868 96
3869 96
3870 96
3871 96
3872 96
3873 96
3874 96
3875 96
3876 96
3877 96
3878 96
3879 96
3880 96
3881 96
3882 96
3883 96
3884 96
3885 96
3886 96
3887 96
3888 96
3889 96
3890 96
3891 96
3892 96
3893 96
3894 96
3895 96
3896 96
3897 96
3898 96
3899 96
3900 94
3901 91
3902 83
3903 78
3904 78
3905 78
3906 78
3907 78
3908 78
3909 78
3910 78
3911 78
3912 78
3913 78
3914 78
3915 78
3916 78
3917 78
3918 78
3919 78
3920 78
3921 78
3922 78
3923 78
3924 78
3925 78
3926 78
3927 78
3928 78
3929 78
3930 78
3931 78
3932 78
3933 78
3934 78
3935 78
3936 78
3937 78
3938 78
3939 78
3940 78
3941 78
3942 78
3943 78
3944 78
3945 78
3946 78
3947 78
3948 78
3949 78
3950 78
3951 78
3952 78
3953 78
3954 78
3955 78
3956 78
3957 78
3958 78
3959 78
3960 78
3961 78
3962 78
3963 78
3964 78
3965 78
3966 78
3967 78
3968 78
3969 77
3970 72
3971 71
3972 70
3973 70
3974 70
3975 70
3976 70
3977 70
3978 70
3979 70
3980 70
3981 70
3982 70
3983 70
3984 70
3985 70
3986 70
3987 70
3988 70
3989 70
3990 70
3991 70
3992 70
3993 70
3994 70
3995 70
3996 70
3997 70
3998 70
3999 70
4000 70
4001 70
4002 70
4003 70
4004 70
4005 70
4006 70
4007 70
4008 70
4009 70
4010 70
4011 70
4012 70
4013 70
4014 70
4015 70
4016 70
4017 70
4018 70
4019 70
4020 70
4021 70
4022 70
4023 70
4024 70
4025 70
4026 70
4027 70
4028 70
4029 70
4030 70
4031 70
4032 70
4033 70
4034 70
4035 70
4036 70
4037 70
4038 70
4039 67
4040 63
4041 61
4042 58
4043 58
4044 58
4045 58
4046 58
4047 58
4048 58
4049 58
4050 58
4051 58
4052 58
4053 58
4054 58
4055 58
4056 58
4057 58
4058 58
4059 58
4060 58
4061 58
4062 58
4063 58
4064 58
4065 58
4066 58
4067 58
4068 58
4069 58
4070 58
4071 58
4072 58
4073 58
4074 58
4075 58
4076 58
4077 58
4078 58
4079 58
4080 58
4081 58
4082 58
4083 58
4084 58
4085 58
4086 58
4087 58
4088 58
4089 58
4090 58
4091 58
4092 58
4093 58
4094 58
4095 58
4096 58
4097 58
4098 58
4099 58
4100 58
4101 58
4102 58
4103 58
4104 58
4105 58
4106 58
4107 58
4108 58
4109 57
4110 53
4111 49
4112 46
4113 46
4114 46
4115 46
4116 46
4117 46
4118 46
4119 46
4120 46
4121 46
4122 46
4123 46
4124 46
4125 46
4126 46
4127 46
4128 46
4129 46
4130 46
4131 46
4132 46
4133 46
4134 46
4135 46
4136 46
4137 46
4138 46
4139 46
4140 46
4141 46
4142 46
4143 46
4144 46
4145 46
4146 46
4147 46
4148 46
4149 46
4150 46
4151 46
4152 46
4153 46
4154 46
4155 46
4156 46
4157 46
4158 46
4159 46
4160 46
4161 46
4162 46
4163 46
4164 46
4165 46
4166 46
4167 46
4168 46
4169 46
4170 46
4171 46
4172 46
4173 46
4174 46
4175 46
4176 46
4177 46
4178 43
4179 38
4180 36
4181 35
4182 35
4183 35
4184 35
4185 35
4186 35
4187 35
4188 35
4189 35
4190 35
4191 35
4192 35
4193 35
4194 35
4195 35
4196 35
4197 35
4198 35
4199 35
4200 35
4201 35
4202 35
4203 35
4204 35
4205 35
4206 35
4207 35
4208 35
4209 35
4210 35
4211 35
4212 35
4213 35
4214 35
4215 35
4216 35
4217 35
4218 35
4219 35
4220 35
4221 35
4222 35
4223 35
4224 35
4225 35
4226 35
4227 35
4228 35
4229 35
4230 35
4231 35
4232 35
4233 35
4234 35
4235 35
4236 35
4237 35
4238 35
4239 35
4240 35
4241 35
4242 35
4243 35
4244 35
4245 35
4246 35
4247 35
4248 35
4249 35
4250 35
4251 31
4252 31
4253 31
4254 31
4255 31
4256 31
4257 31
4258 31
4259 31
4260 31
4261 31
4262 31
4263 31
4264 31
4265 31
4266 31
4267 31
4268 31
4269 31
4270 31
4271 31
4272 31
4273 31
4274 31
4275 31
4276 31
4277 31
4278 31
4279 31
4280 31
4281 31
4282 31
4283 31
4284 31
4285 31
4286 31
4287 31
4288 31
4289 31
4290 31
4291 31
4292 31
4293 31
4294 31
4295 31
4296 31
4297 31
4298 31
4299 31
4300 31
4301 31
4302 31
4303 31
4304 31
4305 31
4306 31
4307 31
4308 31
4309 31
4310 31
4311 31
4312 31
4313 31
4314 31
4315 31
4316 31
4317 31
4318 31
4319 31
4320 31
4321 30
4322 28
4323 28
4324 28
4325 28
4326 28
4327 28
4328 28
4329 28
4330 28
4331 28
4332 28
4333 28
4334 28
4335 28
4336 28
4337 28
4338 28
4339 28
4340 28
4341 28
4342 28
4343 28
4344 28
4345 28
4346 28
4347 28
4348 28
4349 28
4350 28
4351 28
4352 28
4353 28
4354 28
4355 28
4356 28
4357 28
4358 28
4359 28
4360 28
4361 28
4362 28
4363 28
4364 28
4365 28
4366 28
4367 28
4368 28
4369 28
4370 28
4371 28
4372 28
4373 28
4374 28
4375 28
4376 28
4377 28
4378 28
4379 28
4380 28
4381 28
4382 28
4383 28
4384 28
4385 28
4386 28
4387 28
4388 28
4389 28
4390 28
4391 28
4392 26
4393 26
4394 24
4395 24
4396 24
4397 24
4398 24
4399 24
4400 24
4401 24
4402 24
4403 24
4404 24
4405 24
4406 24
4407 24
4408 24
4409 24
4410 24
4411 24
4412 24
4413 24
4414 24
4415 24
4416 24
4417 24
4418 24
4419 24
4420 24
4421 24
4422 24
4423 24
4424 24
4425 24
4426 24
4427 24
4428 24
4429 24
4430 24
4431 24
4432 24
4433 24
4434 24
4435 24
4436 24
4437 24
4438 24
4439 24
4440 24
4441 24
4442 24
4443 24
4444 24
4445 24
4446 24
4447 24
4448 24
4449 24
4450 24
4451 24
4452 24
4453 24
4454 24
4455 24
4456 24
4457 24
4458 24
4459 24
4460 24
4461 24
4462 24
4463 24
4464 24
4465 22
4466 22
4467 22
4468 22
4469 22
4470 22
4471 22
4472 22
4473 22
4474 22
4475 22
4476 22
4477 22
4478 22
4479 22
4480 22
4481 22
4482 22
4483 22
4484 22
4485 22
4486 22
4487 22
4488 22
4489 22
4490 22
4491 22
4492 22
4493 22
4494 22
4495 22
4496 22
4497 22
4498 22
4499 22
4500 22
4501 22
4502 22
4503 22
4504 22
4505 22
4506 22
4507 22
4508 22
4509 22
4510 22
4511 22
4512 22
4513 22
4514 22
4515 22
4516 22
4517 22
4518 22
4519 22
4520 22
4521 22
4522 22
4523 22
4524 22
4525 22
4526 22
4527 22
4528 22
4529 22
4530 22
4531 22
4532 19
4533 16
4534 16
4535 16
4536 16
4537 16
4538 16
4539 16
4540 16
4541 16
4542 16
4543 16
4544 16
4545 16
4546 16
4547 16
4548 16
4549 16
4550 16
4551 16
4552 16
4553 16
4554 16
4555 16
4556 16
4557 16
4558 16
4559 16
4560 16
4561 16
4562 16
4563 16
4564 16
4565 16
4566 16
4567 16
4568 16
4569 16
4570 16
4571 16
4572 16
4573 16
4574 16
4575 16
4576 16
4577 16
4578 16
4579 16
4580 16
4581 16
4582 16
4583 16
4584 16
4585 16
4586 16
4587 16
4588 16
4589 16
4590 16
4591 16
4592 16
4593 16
4594 16
4595 16
4596 16
4597 16
4598 16
4599 16
4600 16
4601 15
4602 14
4603 14
4604 14
4605 14
4606 14
4607 14
4608 14
4609 14
4610 14
4611 14
4612 14
4613 14
4614 14
4615 14
4616 14
4617 14
4618 14
4619 14
4620 14
4621 14
4622 14
4623 14
4624 14
4625 14
4626 14
4627 14
4628 14
4629 14
4630 14
4631 14
4632 14
4633 14
4634 14
4635 14
4636 14
4637 14
4638 14
4639 14
4640 14
4641 14
4642 14
4643 14
4644 14
4645 14
4646 14
4647 14
4648 14
4649 14
4650 14
4651 14
4652 14
4653 14
4654 14
4655 14
4656 14
4657 14
4658 14
4659 14
4660 14
4661 14
4662 14
4663 14
4664 14
4665 14
4666 14
4667 14
4668 14
4669 14
4670 14
4671 13
4672 13
4673 13
4674 13
4675 13
4676 13
4677 13
4678 13
4679 13
4680 13
4681 13
4682 13
4683 13
4684 13
4685 13
4686 13
4687 13
4688 13
4689 13
4690 13
4691 13
4692 13
4693 13
4694 13
4695 13
4696 13
4697 13
4698 13
4699 13
4700 13
4701 13
4702 13
4703 13
4704 13
4705 13
4706 13
4707 13
4708 13
4709 13
4710 13
4711 13
4712 13
4713 13
4714 13
4715 13
4716 13
4717 13
4718 13
4719 13
4720 13
4721 13
4722 13
4723 13
4724 13
4725 13
4726 13
4727 13
4728 13
4729 13
4730 13
4731 13
4732 13
4733 13
4734 13
4735 13
4736 13
4737 13
4738 13
4739 13
4740 13
4741 13
4742 12
4743 12
4744 11
4745 10
4746 10
4747 10
4748 10
4749 10
4750 10
4751 10
4752 10
4753 10
4754 10
4755 10
4756 10
4757 10
4758 10
4759 10
4760 10
4761 10
4762 10
4763 10
4764 10
4765 10
4766 10
4767 10
4768 10
4769 10
4770 10
4771 10
4772 10
4773 10
4774 10
4775 10
4776 10
4777 10
4778 10
4779 10
4780 10
4781 10
4782 10
4783 10
4784 10
4785 10
4786 10
4787 10
4788 10
4789 10
4790 10
4791 10
4792 10
4793 10
4794 10
4795 10
4796 10
4797 10
4798 10
4799 10
4800 10
4801 10
4802 10
4803 10
4804 10
4805 10
4806 10
4807 10
4808 10
4809 10
4810 10
4811 10
4812 10
4813 9
4814 9
4815 9
4816 9
4817 9
4818 9
4819 9
4820 9
4821 9
4822 9
4823 9
4824 9
4825 9
4826 9
4827 9
4828 9
4829 9
4830 9
4831 9
4832 9
4833 9
4834 9
4835 9
4836 9
4837 9
4838 9
4839 9
4840 9
4841 9
4842 9
4843 9
4844 9
4845 9
4846 9
4847 9
4848 9
4849 9
4850 9
4851 9
4852 9
4853 9
4854 9
4855 9
4856 9
4857 9
4858 9
4859 9
4860 9
4861 9
4862 9
4863 9
4864 9
4865 9
4866 9
4867 9
4868 9
4869 9
4870 9
4871 9
4872 9
4873 9
4874 9
4875 9
4876 9
4877 9
4878 9
4879 9
4880 9
4881 9
4882 9
4883 8
4884 7
4885 5
4886 5
4887 5
4888 5
4889 5
4890 5
4891 5
4892 5
4893 5
4894 5
4895 5
4896 5
4897 5
4898 5
4899 5
4900 5
4901 5
4902 5
4903 5
4904 5
4905 5
4906 5
4907 5
4908 5
4909 5
4910 5
4911 5
4912 5
4913 5
4914 5
4915 5
4916 5
4917 5
4918 5
4919 5
4920 5
4921 5
4922 5
4923 5
4924 5
4925 5
4926 5
4927 5
4928 5
4929 5
4930 5
4931 5
4932 5
4933 5
4934 5
4935 5
4936 5
4937 5
4938 5
4939 5
4940 5
4941 5
4942 5
4943 5
4944 5
4945 5
4946 5
4947 5
4948 5
4949 5
4950 5
4951 5
4952 4
4953 4
4954 4
4955 4
4956 4
4957 4
4958 4
4959 4
4960 4
4961 4
4962 4
4963 4
4964 4
4965 4
4966 4
4967 4
4968 4
4969 4
4970 4
4971 4
4972 4
4973 4
4974 4
4975 4
4976 4
4977 4
4978 4
4979 4
4980 4
4981 4
4982 4
4983 4
4984 4
4985 4
4986 4
4987 4
4988 4
4989 4
4990 4
4991 4
4992 4
4993 4
4994 4
4995 4
4996 4
4997 4
4998 4
4999 4
5000 4
5001 4
5002 4
5003 4
5004 4
5005 4
5006 4
5007 4
5008 4
5009 4
5010 4
5011 4
5012 4
5013 4
5014 4
5015 4
5016 4
5017 4
5018 4
5019 4
5020 4
5021 4
5022 4
5023 4
5024 4
5025 3
5026 3
5027 3
5028 3
5029 3
5030 3
5031 3
5032 3
5033 3
5034 3
5035 3
5036 3
5037 3
5038 3
5039 3
5040 3
5041 3
5042 3
5043 3
5044 3
5045 3
5046 3
5047 3
5048 3
5049 3
5050 3
5051 3
5052 3
5053 3
5054 3
5055 3
5056 3
5057 3
5058 3
5059 3
5060 3
5061 3
5062 3
5063 3
5064 3
5065 3
5066 3
5067 3
5068 3
5069 3
5070 3
5071 3
5072 3
5073 3
5074 3
5075 3
5076 3
5077 3
5078 3
5079 3
5080 3
5081 3
5082 3
5083 3
5084 3
5085 3
5086 3
5087 3
5088 3
5089 3
5090 3
5091 3
5092 3
5093 3
5094 2
5095 2
5096 2
5097 2
5098 2
5099 2
5100 2
5101 2
5102 2
5103 2
5104 2
5105 2
5106 2
5107 2
5108 2
5109 2
5110 2
5111 2
5112 2
5113 2
5114 2
5115 2
5116 2
5117 2
5118 2
5119 2
5120 2
5121 2
5122 2
5123 2
5124 2
5125 2
5126 2
5127 2
5128 2
5129 2
5130 2
5131 2
5132 2
5133 2
5134 2
5135 2
5136 2
5137 2
5138 2
5139 2
5140 2
5141 2
5142 2
5143 2
5144 2
5145 2
5146 2
5147 2
5148 2
5149 2
5150 2
5151 2
5152 2
5153 2
5154 2
5155 2
5156 2
5157 2
5158 2
5159 2
5160 2
5161 2
5162 1
5163 1
5164 1
5165 1
5166 1
5167 1
5168 1
5169 1
5170 1
5171 1
5172 1
5173 1
5174 1
5175 1
5176 1
5177 1
5178 1
5179 1
5180 1
5181 1
5182 1
5183 1
5184 1
5185 1
5186 1
5187 1
5188 1
5189 1
5190 1
5191 1
5192 1
5193 1
5194 1
5195 1
5196 1
5197 1
5198 1
5199 1
5200 1
5201 1
5202 1
5203 1
5204 1
5205 1
5206 1
5207 1
5208 1
5209 1
5210 1
5211 1
5212 1
5213 1
5214 1
5215 1
5216 1
5217 1
5218 1
5219 1
5220 1
5221 1
5222 1
5223 1
5224 1
5225 1
5226 1
5227 1
5228 1
5229 1
5230 1
5231 1
5232 1
5233 1
5234 1
5235 1
5236 1
5237 1
5238 1
5239 1
5240 1
5241 1
5242 1
5243 1
5244 1
5245 1
5246 1
5247 1
5248 1
5249 1
5250 1
5251 1
5252 1
5253 1
5254 1
5255 1
5256 1
5257 1
5258 1
5259 1
5260 1
5261 1
5262 1
5263 1
5264 1
5265 1
5266 1
5267 1
5268 1
5269 1
5270 1
5271 1
5272 1
5273 1
5274 1
5275 1
5276 1
5277 1
5278 1
5279 1
5280 1
5281 1
5282 1
5283 1
5284 1
5285 1
5286 1
5287 1
5288 1
5289 1
5290 1
5291 1
5292 1
5293 1
5294 1
5295 1
5296 1
5297 1
5298 1
5299 1
5300 1
5301 1
5302 1
5303 1
5304 1
5305 1
5306 1
5307 1
5308 1
5309 1
5310 1
5311 1
5312 1
5313 1
5314 1
5315 1
5316 1
5317 1
5318 1
5319 1
5320 1
5321 1
5322 1
5323 1
5324 1
5325 1
5326 1
5327 1
5328 1
5329 1
5330 1
5331 1
5332 1
5333 1
5334 1
5335 1
5336 1
5337 1
5338 1
5339 1
5340 1
5341 1
5342 1
5343 1
5344 1
5345 1
5346 1
5347 1
5348 1
5349 1
5350 1
5351 1
5352 1
5353 1
5354 1
5355 1
5356 1
5357 1
5358 1
5359 1
5360 1
5361 1
5362 1
5363 1
5364 1
5365 1
5366 1
5367 1
5368 1
5369 1
5370 1
5371 1
5372 1
5373 1
5374 1
5375 1
5376 1
5377 1
5378 1
5379 1
5380 1
5381 1
5382 1
5383 1
5384 1
5385 1
5386 1
5387 1
5388 1
5389 1
5390 1
5391 1
5392 1
5393 1
5394 1
5395 1
5396 1
5397 1
5398 1
5399 1
5400 1
5401 1
5402 1
5403 1
5404 1
5405 1
5406 1
5407 1
5408 1
5409 1
5410 1
5411 1
5412 1
5413 1
5414 1
5415 1
5416 1
5417 1
5418 1
5419 1
5420 1
5421 1
5422 1
5423 1
5424 1
5425 1
5426 1
5427 1
5428 1
5429 1
5430 1
5431 1
5432 1
5433 1
5434 1
5435 1
5436 1
5437 1
5438 1
5439 1
5440 1
5441 1
5442 1
5443 1
5444 1
5445 1
5446 1
5447 1
5448 1
5449 1
5450 1
5451 1
5452 1
5453 1
5454 1
5455 1
5456 1
5457 1
5458 1
5459 1
5460 1
5461 1
5462 1
5463 1
5464 1
5465 1
5466 1
5467 1
5468 1
5469 1
5470 1
5471 1
5472 1
5473 1
5474 1
5475 1
5476 1
5477 1
5478 1
5479 1
5480 1
5481 1
5482 1
5483 1
5484 1
5485 1
5486 1
5487 1
5488 1
5489 1
5490 1
5491 1
5492 1
5493 1
5494 1
5495 1
5496 1
5497 1
5498 1
5499 1
5500 1
5501 1
5502 1
5503 1
5504 1
5505 1
5506 1
5507 1
5508 1
5509 1
5510 1
5511 1
5512 1
5513 1
5514 1
5515 1
5516 1
5517 1
5518 1
5519 1
5520 1
5521 1
5522 1
5523 1
5524 1
5525 1
5526 1
5527 1
5528 1
5529 1
5530 1
5531 1
5532 1
5533 1
5534 1
5535 1
5536 1
5537 1
5538 1
5539 1
5540 1
5541 1
5542 1
5543 1
5544 1
5545 1
5546 1
5547 1
5548 1
5549 1
5550 1
5551 1
5552 1
5553 1
5554 1
5555 1
5556 1
5557 1
5558 1
5559 1
5560 1
5561 1
5562 1
5563 1
5564 1
5565 1
5566 1
5567 1
5568 1
5569 1
5570 1
5571 1
5572 1
5573 1
5574 1
5575 1
5576 1
5577 1
5578 1
5579 1
5580 1
5581 1
5582 1
5583 1
5584 1
5585 1
5586 1
5587 1
5588 1
5589 1
5590 1
5591 1
5592 1
5593 1
5594 1
5595 1
5596 1
5597 1
5598 1
5599 1
5600 1
5601 1
5602 1
5603 1
5604 1
5605 1
5606 1
5607 1
5608 1
5609 1
5610 1
5611 1
5612 1
5613 1
5614 1
5615 1
5616 1
5617 1
5618 1
5619 1
5620 1
5621 1
5622 1
5623 1
5624 1
5625 1
5626 1
5627 1
5628 1
5629 1
5630 1
5631 1
5632 1
5633 1
5634 1
5635 1
5636 1
5637 1
5638 1
5639 1
5640 1
5641 1
5642 1
5643 1
5644 1
5645 1
5646 1
5647 1
5648 1
5649 1
5650 1
5651 1
5652 1
5653 1
5654 1
5655 1
5656 1
5657 1
5658 1
5659 1
5660 1
5661 1
5662 1
5663 1
5664 1
5665 1
5666 1
5667 1
5668 1
5669 1
5670 1
5671 1
5672 1
5673 1
5674 1
5675 1
5676 1
5677 1
5678 1
5679 1
5680 1
5681 1
5682 1
5683 1
5684 1
5685 1
5686 1
5687 1
5688 1
5689 1
5690 1
5691 1
5692 1
5693 1
5694 1
5695 1
5696 1
5697 1
5698 1
5699 1
5700 1
5701 1
5702 1
5703 1
5704 1
5705 1
5706 1
5707 1
5708 1
5709 1
5710 1
5711 1
5712 1
5713 1
5714 1
5715 1
5716 1
5717 1
5718 1
5719 1
5720 1
5721 1
5722 1
5723 1
5724 1
5725 1
5726 1
5727 1
5728 1
5729 1
5730 1
5731 1
5732 1
5733 1
5734 1
5735 1
5736 1
5737 1
5738 1
5739 1
5740 1
5741 1
5742 1
5743 1
5744 1
5745 1
5746 1
5747 1
5748 1
5749 1
5750 1
5751 1
5752 1
5753 1
5754 1
5755 1
5756 1
5757 1
5758 1
5759 1
5760 1
5761 1
5762 1
5763 1
5764 1
5765 1
5766 1
5767 1
5768 1
5769 1
5770 1
5771 1
5772 1
5773 1
5774 1
5775 1
5776 1
5777 1
5778 1
5779 1
5780 1
5781 1
5782 1
5783 1
5784 1
5785 1
5786 1
5787 1
5788 1
5789 1
5790 1
5791 1
5792 1
5793 1
5794 1
5795 1
5796 1
5797 1
5798 1
5799 1
5800 1
5801 1
5802 1
5803 1
5804 1
5805 1
5806 1
5807 1
5808 1
5809 1
5810 1
5811 1
5812 1
5813 1
5814 1
5815 1
5816 1
5817 1
5818 1
5819 1
5820 1
5821 1
5822 1
5823 1
5824 1
5825 1
5826 1
5827 1
5828 1
5829 1
5830 1
5831 1
5832 1
5833 1
5834 1
5835 1
5836 1
5837 1
5838 1
5839 1
5840 1
5841 1
5842 1
5843 1
5844 1
5845 1
5846 1
5847 1
5848 1
5849 1
5850 1
5851 1
5852 1
5853 1
5854 1
5855 1
5856 1
5857 1
5858 1
5859 1
5860 1
5861 1
5862 1
5863 1
5864 1
5865 1
5866 1
5867 1
5868 1
5869 1
5870 1
5871 1
5872 1
5873 1
5874 1
5875 1
5876 1
5877 1
5878 1
5879 1
5880 1
5881 1
5882 1
5883 1
5884 1
5885 1
5886 1
5887 1
5888 1
5889 1
5890 1
5891 1
5892 1
5893 1
5894 1
5895 1
5896 1
5897 1
5898 1
5899 1
5900 1
5901 1
5902 1
5903 1
5904 1
5905 1
5906 1
5907 1
5908 1
5909 1
5910 1
5911 1
5912 1
5913 1
5914 1
5915 1
5916 1
5917 1
5918 1
5919 1
5920 1
5921 1
5922 1
5923 1
5924 1
5925 1
5926 1
5927 1
5928 1
5929 1
5930 1
5931 1
5932 1
5933 1
5934 1
5935 1
5936 1
5937 1
5938 1
5939 1
5940 1
5941 1
5942 1
5943 1
5944 1
5945 1
5946 1
5947 1
5948 1
5949 1
5950 1
5951 1
5952 1
5953 1
5954 1
5955 1
5956 1
5957 1
5958 1
5959 1
5960 1
5961 1
5962 1
5963 1
5964 1
5965 1
5966 1
5967 1
5968 1
5969 1
5970 1
5971 1
5972 1
5973 1
5974 1
5975 1
5976 1
5977 1
5978 1
5979 1
5980 1
5981 1
5982 1
5983 1
5984 1
5985 1
5986 1
5987 1
5988 1
5989 1
5990 1
5991 1
5992 1
5993 1
5994 1
5995 1
5996 1
5997 1
5998 1
5999 1
6000 1
6001 1
6002 1
6003 1
6004 1
6005 1
6006 1
6007 1
6008 1
6009 1
6010 1
6011 1
6012 1
6013 1
6014 1
6015 1
6016 1
6017 1
6018 1
6019 1
6020 1
6021 1
6022 1
6023 1
6024 1
6025 1
6026 1
6027 1
6028 1
6029 1
6030 1
6031 1
6032 1
6033 1
6034 1
6035 1
6036 1
6037 1
6038 1
6039 1
6040 1
6041 1
6042 1
6043 1
6044 1
6045 1
6046 1
6047 1
6048 1
6049 1
6050 1
6051 1
6052 1
6053 1
6054 1
6055 1
6056 1
6057 1
6058 1
6059 1
6060 1
6061 1
6062 1
6063 1
6064 1
6065 1
6066 1
6067 1
6068 1
6069 1
6070 1
6071 1
6072 1
6073 1
6074 1
6075 1
6076 1
6077 1
6078 1
6079 1
6080 1
6081 1
6082 1
6083 1
6084 1
6085 1
6086 1
6087 1
6088 1
6089 1
6090 1
6091 1
6092 1
6093 0
6094 0
6095 0
6096 0
6097 0
6098 0
6099 0
6100 0
6101 0
6102 0
6103 0
6104 0
6105 0
6106 0
6107 0
6108 0
6109 0
6110 0
6111 0
6112 0
6113 0
6114 0
6115 0
6116 0
6117 0
6118 0
6119 0
6120 0
6121 0
6122 0
6123 0
6124 0
6125 0
6126 0
6127 0
6128 0
6129 0
6130 0
6131 0
6132 0
6133 0
6134 0
6135 0
6136 0
6137 0
6138 0
6139 0
6140 0
6141 0
6142 0
6143 0
6144 0
6145 0
6146 0
6147 0
6148 0
6149 0
6150 0
6151 0
6152 0
6153 0
6154 0
6155 0
6156 0
6157 0
6158 0
6159 0
6160 0
6161 0
6162 0
6163 0
6164 0
6165 0
6166 0
6167 0
6168 0
6169 0
6170 0
6171 0
6172 0
6173 0
6174 0
6175 0
6176 0
6177 0
6178 0
6179 0
6180 0
6181 0
6182 0
6183 0
6184 0
6185 0
6186 0
6187 0
6188 0
6189 0
6190 0
6191 0
6192 0
6193 0
6194 0
6195 0
6196 0
6197 0
6198 0
6199 0
6200 0
6201 0
6202 0
6203 0
6204 0
6205 0
6206 0
6207 0
6208 0
6209 0
6210 0
6211 0
6212 0
6213 0
6214 0
6215 0
6216 0
6217 0
6218 0
6219 0
6220 0
6221 0
6222 0
6223 0
6224 0
6225 0
6226 0
6227 0
6228 0
6229 0
6230 0
6231 0
6232 0
6233 0
6234 0
6235 0
6236 0
6237 0
6238 0
6239 0
6240 0
6241 0
6242 0
6243 0
6244 0
6245 0
6246 0
6247 0
6248 0
6249 0
6250 0
6251 0
6252 0
6253 0
6254 0
6255 0
6256 0
6257 0
6258 0
6259 0
6260 0
6261 0
6262 0
6263 0
6264 0
6265 0
6266 0
6267 0
6268 0
6269 0
6270 0
6271 0
6272 0
6273 0
6274 0
6275 0
6276 0
6277 0
6278 0
6279 0
6280 0
6281 0
6282 0
6283 0
6284 0
6285 0
6286 0
6287 0
6288 0
6289 0
6290 0
6291 0
6292 0
6293 0
6294 0
6295 0
6296 0
6297 0
6298 0
6299 0
6300 0
6301 0
6302 0
6303 0
6304 0
6305 0
6306 0
6307 0
6308 0
6309 0
6310 0
6311 0
6312 0
6313 0
6314 0
6315 0
6316 0
6317 0
6318 0
6319 0
6320 0
6321 0
6322 0
6323 0
6324 0
6325 0
6326 0
6327 0
6328 0
6329 0
6330 0
6331 0
6332 0
6333 0
6334 0
6335 0
6336 0
6337 0
6338 0
6339 0
6340 0
6341 0
6342 0
6343 0
6344 0
6345 0
6346 0
6347 0
6348 0
6349 0
6350 0
6351 0
6352 0
6353 0
6354 0
6355 0
6356 0
6357 0
6358 0
6359 0
6360 0
6361 0
6362 0
6363 0
6364 0
6365 0
6366 0
6367 0
6368 0
6369 0
6370 0
6371 0
6372 0
6373 0
6374 0
6375 0
6376 0
6377 0
6378 0
6379 0
6380 0
6381 0
6382 0
6383 0
6384 0
6385 0
6386 0
6387 0
6388 0
