1 10
2 2232
3 2232
4 2232
5 2232
6 2232
7 2232
8 2232
9 2232
10 2232
11 2232
12 2232
13 2232
14 2232
15 2232
16 2232
17 2232
18 2232
19 2232
20 2232
21 2232
22 2232
23 2232
24 2232
25 2232
26 2232
27 2232
28 2232
29 2232
30 2232
31 2232
32 2232
33 2232
34 2232
35 2232
36 2232
37 2232
38 2232
39 2232
40 2232
41 2232
42 2232
43 2232
44 2232
45 2232
46 2232
47 2232
48 2232
49 2232
50 2232
51 2232
52 2232
53 2232
54 2232
55 2232
56 2232
57 2232
58 2232
59 2232
60 2232
61 2232
62 2232
63 2232
64 2232
65 2232
66 2232
67 2232
68 2232
69 2232
70 2232
71 2232
72 2232
73 2232
74 2232
75 2232
76 2232
77 2232
78 2232
79 2232
80 2232
81 2232
82 2232
83 2232
84 2232
85 2232
86 2232
87 2232
88 2232
89 2232
90 2232
91 2232
92 2232
93 2232
94 2232
95 2232
96 2232
97 2232
98 2232
99 2232
100 2232
101 2232
102 2232
103 2232
104 2232
105 2232
106 2232
107 2232
108 2232
109 2232
110 2232
111 2232
112 2232
113 2232
114 2232
115 2232
116 2232
117 2232
118 2232
119 2232
120 2232
121 2232
122 2232
123 2232
124 2232
125 2232
126 2232
127 2232
128 2232
129 2232
130 2232
131 2232
132 2232
133 2232
134 2232
135 2232
136 2232
137 2232
138 2232
139 2232
140 2232
141 2232
142 2232
143 2232
144 2232
145 2232
146 2232
147 2232
148 2232
149 2232
150 2232
151 2232
152 2232
153 2232
154 2232
155 2232
156 2232
157 2232
158 2232
159 2232
160 2232
161 2232
162 2232
163 2232
164 2232
165 2232
166 2232
167 2232
168 2232
169 2232
170 2232
171 2232
172 2232
173 2232
174 2232
175 2232
176 2232
177 2232
178 2232
179 2232
180 2232
181 2232
182 2232
183 2232
184 2232
185 2232
186 2232
187 2232
188 2232
189 2232
190 2232
191 2232
192 2232
193 2232
194 2232
195 2232
196 2232
197 2232
198 2232
199 2232
200 2232
201 2232
202 2232
203 2232
204 2232
205 2232
206 2232
207 2232
208 2232
209 2232
210 2232
211 2232
212 2232
213 2232
214 2232
215 2232
216 2232
217 2232
218 2232
219 2232
220 2232
221 2232
222 2232
223 2232
224 2232
225 2232
226 2232
227 2232
228 2232
229 2232
230 2232
231 2232
232 2232
233 2232
234 2232
235 2232
236 2232
237 2232
238 2232
239 2232
240 2232
241 2232
242 2232
243 2232
244 2232
245 2232
246 2232
247 2232
248 2232
249 2232
250 2232
251 2232
252 2232
253 2232
254 2232
255 2232
256 2232
257 2232
258 2232
259 2232
260 2232
261 2232
262 2232
263 2232
264 2232
265 2232
266 2232
267 2232
268 2232
269 2232
270 2232
271 2232
272 2232
273 2232
274 2232
275 2232
276 2232
277 2232
278 2232
279 2232
280 2232
281 2232
282 2232
283 2232
284 2232
285 2232
286 2232
287 2232
288 2232
289 2232
290 2232
291 2232
292 2232
293 2232
294 2232
295 2232
296 2232
297 2232
298 2232
299 2232
300 2232
301 2232
302 2232
303 2232
304 2232
305 2232
306 2232
307 2232
308 2232
309 2232
310 2232
311 2232
312 2232
313 2232
314 2232
315 2232
316 2232
317 2232
318 2232
319 2232
320 2232
321 2232
322 2232
323 2232
324 2232
325 2232
326 2232
327 2232
328 2232
329 2232
330 2232
331 2232
332 2232
333 2232
334 2232
335 2232
336 2232
337 2232
338 2232
339 2232
340 2232
341 2232
342 2232
343 2232
344 2232
345 2232
346 2232
347 2232
348 2232
349 2232
350 2232
351 2232
352 2232
353 2232
354 2232
355 2232
356 2232
357 2232
358 2232
359 2232
360 2232
361 2232
362 2232
363 2232
364 2232
365 2232
366 2232
367 2232
368 2232
369 2232
370 2232
371 2232
372 2232
373 2232
374 2232
375 2232
376 2232
377 2232
378 2232
379 2232
380 2232
381 2232
382 2232
383 2232
384 2232
385 2232
386 2232
387 2232
388 2232
389 2232
390 2232
391 2232
392 2232
393 2232
394 2232
395 2232
396 2232
397 2232
398 2232
399 2232
400 2232
401 2232
402 2232
403 2232
404 2232
405 2232
406 2232
407 2232
408 2232
409 2232
410 2232
411 2232
412 2232
413 2232
414 2232
415 2232
416 2232
417 2232
418 2232
419 2232
420 2232
421 2232
422 2232
423 2232
424 2232
425 2232
426 2232
427 2232
428 2232
429 2232
430 2232
431 2232
432 2232
433 2232
434 2232
435 2232
436 2232
437 2232
438 2232
439 2232
440 2232
441 2232
442 2232
443 2232
444 2232
445 2232
446 2232
447 2232
448 2232
449 2232
450 2232
451 2232
452 2232
453 2232
454 2232
455 2232
456 2232
457 2232
458 2232
459 2232
460 2232
461 2232
462 2232
463 2232
464 2232
465 2232
466 2232
467 2232
468 2232
469 2232
470 2232
471 2232
472 2232
473 2232
474 2232
475 2232
476 2232
477 2232
478 2232
479 2232
480 2232
481 2232
482 2232
483 2232
484 2232
485 2232
486 2232
487 2232
488 2232
489 2232
490 2232
491 2232
492 2232
493 2232
494 2232
495 2232
496 2232
497 2232
498 2232
499 2232
500 2232
501 2232
502 2232
503 2232
504 2232
505 2232
506 2232
507 2232
508 2232
509 2232
510 2232
511 2232
512 2232
513 2232
514 2232
515 2232
516 2232
517 2232
518 2232
519 2232
520 2232
521 2232
522 2232
523 2232
524 2232
525 2232
526 2232
527 2232
528 2232
529 2232
530 2232
531 2232
532 2232
533 2232
534 2232
535 2232
536 2232
537 2232
538 2232
539 2232
540 2232
541 2232
542 2232
543 2232
544 2232
545 2232
546 2232
547 2232
548 2232
549 2232
550 2232
551 2232
552 2232
553 2232
554 2232
555 2232
556 2232
557 2232
558 2232
559 2232
560 2232
561 2232
562 2232
563 2232
564 2232
565 2232
566 2232
567 2232
568 2232
569 2232
570 2232
571 2232
572 2232
573 2232
574 2232
575 2232
576 2232
577 2232
578 2232
579 2232
580 2232
581 2232
582 2232
583 2232
584 2232
585 2232
586 2232
587 2232
588 2232
589 2232
590 2232
591 2232
592 2232
593 2232
594 2232
595 2232
596 2232
597 2232
598 2232
599 2232
600 2232
601 2232
602 2232
603 2232
604 2232
605 2232
606 2232
607 2232
608 2232
609 2232
610 2232
611 2232
612 2232
613 2232
614 2232
615 2232
616 2232
617 2232
618 2232
619 2232
620 2232
621 2232
622 2232
623 2232
624 2232
625 2232
626 2232
627 2232
628 2232
629 2232
630 2232
631 2232
632 2232
633 2232
634 2232
635 2232
636 2232
637 2232
638 2232
639 2232
640 2232
641 2232
642 2232
643 2232
644 2232
645 2232
646 2232
647 2232
648 2232
649 2232
650 2232
651 2232
652 2232
653 2232
654 2232
655 2232
656 2232
657 2232
658 2232
659 2232
660 2232
661 2232
662 2232
663 2232
664 2232
665 2232
666 2232
667 2232
668 2232
669 2232
670 2232
671 2232
672 2232
673 2232
674 2232
675 2232
676 2232
677 2232
678 2232
679 2232
680 2232
681 2232
682 2232
683 2232
684 2232
685 2232
686 2232
687 2232
688 2232
689 2232
690 2232
691 2232
692 2232
693 2232
694 2232
695 2232
696 2232
697 2232
698 2232
699 2232
700 2232
701 2232
702 2232
703 2232
704 2232
705 2232
706 2232
707 2232
708 2232
709 2232
710 2232
711 2232
712 2232
713 2232
714 2232
715 2232
716 2232
717 2232
718 2232
719 2232
720 2232
721 2232
722 2232
723 2232
724 2232
725 2232
726 2232
727 2232
728 2232
729 2232
730 2232
731 2232
732 2232
733 2232
734 2232
735 2232
736 2232
737 2232
738 2232
739 2232
740 2232
741 2232
742 2232
743 2232
744 2232
745 2232
746 2232
747 2232
748 2232
749 2232
750 2232
751 2232
752 2232
753 2232
754 2232
755 2232
756 2232
757 2232
758 2232
759 2232
760 2232
761 2232
762 2232
763 2232
764 2232
765 2232
766 2232
767 2232
768 2232
769 2232
770 2232
771 2232
772 2232
773 2232
774 2232
775 2232
776 2232
777 2232
778 2232
779 2232
780 2232
781 2232
782 2232
783 2232
784 2232
785 2232
786 2232
787 2232
788 2232
789 2232
790 2232
791 2232
792 2232
793 2232
794 2232
795 2232
796 2232
797 2232
798 2232
799 2232
800 2232
801 2232
802 2232
803 2232
804 2232
805 2232
806 2232
807 2232
808 2232
809 2232
810 2232
811 2232
812 2232
813 2232
814 2232
815 2232
816 2232
817 2232
818 2232
819 2232
820 2232
821 2232
822 2232
823 2232
824 2232
825 2232
826 2232
827 2232
828 2232
829 2232
830 2232
831 2232
832 2232
833 2232
834 2232
835 2232
836 2232
837 2232
838 2232
839 2232
840 2232
841 2232
842 2232
843 2232
844 2232
845 2232
846 2232
847 2232
848 2232
849 2232
850 2232
851 2232
852 2232
853 2232
854 2232
855 2232
856 2232
857 2232
858 2232
859 2232
860 2232
861 2232
862 2232
863 2232
864 2232
865 2232
866 2232
867 2232
868 2232
869 2232
870 2232
871 2232
872 2232
873 2232
874 2232
875 2232
876 2232
877 2232
878 2232
879 2232
880 2232
881 2232
882 2232
883 2232
884 2232
885 2232
886 2232
887 2232
888 2232
889 2232
890 2232
891 2232
892 2232
893 2232
894 2232
895 2232
896 2232
897 2232
898 2232
899 2232
900 2232
901 2232
902 2232
903 2232
904 2232
905 2232
906 2232
907 2232
908 2232
909 2232
910 2232
911 2232
912 2232
913 2232
914 2232
915 2232
916 2232
917 2232
918 2232
919 2232
920 2232
921 2232
922 2232
923 2232
924 2232
925 2232
926 2232
927 2232
928 2232
929 2232
930 2232
931 2232
932 2232
933 2232
934 2232
935 2232
936 2232
937 2232
938 2232
939 2232
940 2232
941 2232
942 2232
943 2232
944 2232
945 2232
946 2232
947 2232
948 2232
949 2232
950 2232
951 2232
952 2232
953 2232
954 2232
955 2232
956 2232
957 2232
958 2232
959 2232
960 2232
961 2232
962 2232
963 2232
964 2232
965 2232
966 2232
967 2232
968 2232
969 2232
970 2232
971 2232
972 2232
973 2232
974 2232
975 2232
976 2232
977 2232
978 2232
979 2232
980 2232
981 2232
982 2232
983 2232
984 2232
985 2232
986 2232
987 2232
988 2232
989 2232
990 2232
991 2232
992 2232
993 2232
994 2232
995 2232
996 2232
997 2232
998 2232
999 2232
1000 2232
1001 2232
1002 2232
1003 2232
1004 2232
1005 2232
1006 2232
1007 2232
1008 2232
1009 2232
1010 2232
1011 2232
1012 2232
1013 2232
1014 2232
1015 2232
1016 2232
1017 2232
1018 2232
1019 2232
1020 2232
1021 2232
1022 2232
1023 2232
1024 2232
1025 2232
1026 2232
1027 2232
1028 2232
1029 2232
1030 2232
1031 2232
1032 2232
1033 2232
1034 2232
1035 2232
1036 2232
1037 2232
1038 2232
1039 2232
1040 2232
1041 2232
1042 2232
1043 2232
1044 2232
1045 2232
1046 2232
1047 2232
1048 2232
1049 2232
1050 2232
1051 2232
1052 2232
1053 2232
1054 2232
1055 2232
1056 2232
1057 2232
1058 2232
1059 2232
1060 2232
1061 2232
1062 2232
1063 2232
1064 2232
1065 2232
1066 2232
1067 2232
1068 2232
1069 2232
1070 2232
1071 2232
1072 2232
1073 2232
1074 2232
1075 2232
1076 2232
1077 2232
1078 2232
1079 2232
1080 2232
1081 2232
1082 2232
1083 2232
1084 2232
1085 2232
1086 2232
1087 2232
1088 2232
1089 2232
1090 2232
1091 2232
1092 2232
1093 2232
1094 2232
1095 2232
1096 2232
1097 2232
1098 2232
1099 2232
1100 2232
1101 2232
1102 2232
1103 2232
1104 2232
1105 2232
1106 2232
1107 2232
1108 2232
1109 2232
1110 2232
1111 2232
1112 2232
1113 2232
1114 2232
1115 2232
1116 2232
1117 2232
1118 2232
1119 2232
1120 2232
1121 2232
1122 2232
1123 2232
1124 2232
1125 2232
1126 2232
1127 2232
1128 2232
1129 2232
1130 2232
1131 2232
1132 2232
1133 2232
1134 2232
1135 2232
1136 2232
1137 2232
1138 2232
1139 2232
1140 2232
1141 2232
1142 2232
1143 2232
1144 2232
1145 2232
1146 2232
1147 2232
1148 2232
1149 2232
1150 2232
1151 2232
1152 2232
1153 2232
1154 2232
1155 2232
1156 2232
1157 2232
1158 2232
1159 2232
1160 2232
1161 2232
1162 2232
1163 2232
1164 2232
1165 2232
1166 2232
1167 2232
1168 2232
1169 2232
1170 2232
1171 2232
1172 2232
1173 2232
1174 2232
1175 2232
1176 2232
1177 2232
1178 2232
1179 2232
1180 2232
1181 2232
1182 2232
1183 2232
1184 2232
1185 2232
1186 2232
1187 2232
1188 2232
1189 2232
1190 2232
1191 2232
1192 2232
1193 2232
1194 2232
1195 2232
1196 2232
1197 2232
1198 2232
1199 2232
1200 2232
1201 2232
1202 2232
1203 2232
1204 2232
1205 2232
1206 2232
1207 2232
1208 2232
1209 2232
1210 2232
1211 2232
1212 2232
1213 2232
1214 2232
1215 2232
1216 2232
1217 2232
1218 2232
1219 2232
1220 2232
1221 2232
1222 2232
1223 2232
1224 2232
1225 2232
1226 2232
1227 2232
1228 2232
1229 2232
1230 2232
1231 2232
1232 2232
1233 2232
1234 2232
1235 2232
1236 2232
1237 2232
1238 2232
1239 2232
1240 2232
1241 2232
1242 2232
1243 2232
1244 2232
1245 2232
1246 2232
1247 2232
1248 2232
1249 2232
1250 2232
1251 2232
1252 2232
1253 2232
1254 2232
1255 2232
1256 2232
1257 2232
1258 2232
1259 2232
1260 2232
1261 2232
1262 2232
1263 2232
1264 2232
1265 2232
1266 2232
1267 2232
1268 2232
1269 2232
1270 2232
1271 2232
1272 2232
1273 2232
1274 2232
1275 2232
1276 2232
1277 2232
1278 2232
1279 2232
1280 2232
1281 2232
1282 2232
1283 2232
1284 2232
1285 2232
1286 2232
1287 2232
1288 2232
1289 2232
1290 2232
1291 2232
1292 2232
1293 2232
1294 2232
1295 2232
1296 2232
1297 2232
1298 2232
1299 2232
1300 2232
1301 2232
1302 2232
1303 2232
1304 2232
1305 2232
1306 2232
1307 2232
1308 2232
1309 2232
1310 2232
1311 2232
1312 2232
1313 2232
1314 2232
1315 2232
1316 2232
1317 2232
1318 2232
1319 2232
1320 2232
1321 2232
1322 2232
1323 2232
1324 2232
1325 2232
1326 2232
1327 2232
1328 2232
1329 2232
1330 2232
1331 2232
1332 2232
1333 2232
1334 2232
1335 2232
1336 2232
1337 2232
1338 2232
1339 2232
1340 2232
1341 2232
1342 2232
1343 2232
1344 2232
1345 2232
1346 2232
1347 2232
1348 2232
1349 2232
1350 2232
1351 2232
1352 2232
1353 2232
1354 2232
1355 2232
1356 2232
1357 2232
1358 2232
1359 2232
1360 2232
1361 2232
1362 2232
1363 2232
1364 2232
1365 2232
1366 2232
1367 2232
1368 2232
1369 2232
1370 2232
1371 2232
1372 2232
1373 2232
1374 2232
1375 2232
1376 2232
1377 2232
1378 2232
1379 2232
1380 2232
1381 2232
1382 2232
1383 2232
1384 2232
1385 2232
1386 2232
1387 2232
1388 2232
1389 2232
1390 2232
1391 2232
1392 2232
1393 2232
1394 2232
1395 2232
1396 2232
1397 2232
1398 2232
1399 2232
1400 2232
1401 2232
1402 2232
1403 2232
1404 2232
1405 2232
1406 2232
1407 2232
1408 2232
1409 2232
1410 2232
1411 2232
1412 2232
1413 2232
1414 2232
1415 2232
1416 2232
1417 2232
1418 2232
1419 2232
1420 2232
1421 2232
1422 2232
1423 2232
1424 2232
1425 2232
1426 2232
1427 2232
1428 2232
1429 2232
1430 2232
1431 2232
1432 2232
1433 2232
1434 2232
1435 2232
1436 2232
1437 2232
1438 2232
1439 2232
1440 2232
1441 2232
1442 2232
1443 2232
1444 2232
1445 2232
1446 2232
1447 2232
1448 2232
1449 2232
1450 2232
1451 2232
1452 2232
1453 2232
1454 2232
1455 2232
1456 2232
1457 2232
1458 2232
1459 2232
1460 2232
1461 2232
1462 2232
1463 2232
1464 2232
1465 2232
1466 2232
1467 2232
1468 2232
1469 2232
1470 2232
1471 2232
1472 2232
1473 2232
1474 2232
1475 2232
1476 2232
1477 2232
1478 2232
1479 2232
1480 2232
1481 2232
1482 2232
1483 2232
1484 2232
1485 2232
1486 2232
1487 2232
1488 2232
1489 2232
1490 2232
1491 2232
1492 2232
1493 2232
1494 2232
1495 2232
1496 2232
1497 2232
1498 2232
1499 2232
1500 2232
1501 2232
1502 2232
1503 2232
1504 2232
1505 2232
1506 2232
1507 2232
1508 2232
1509 2232
1510 2232
1511 2232
1512 2232
1513 2232
1514 2232
1515 2232
1516 2232
1517 2232
1518 2232
1519 2232
1520 2232
1521 2232
1522 2232
1523 2232
1524 2232
1525 2232
1526 2232
1527 2232
1528 2232
1529 2232
1530 2232
1531 2232
1532 2232
1533 2232
1534 2232
1535 2232
1536 2232
1537 2232
1538 2232
1539 2232
1540 2232
1541 2232
1542 2232
1543 2232
1544 2232
1545 2232
1546 2232
1547 2232
1548 2232
1549 2232
1550 2232
1551 2232
1552 2232
1553 2232
1554 2232
1555 2232
1556 2232
1557 2232
1558 2232
1559 2232
1560 2232
1561 2232
1562 2232
1563 2232
1564 2232
1565 2232
1566 2232
1567 2232
1568 2232
1569 2232
1570 2232
1571 2232
1572 2232
1573 2232
1574 2232
1575 2232
1576 2232
1577 2232
1578 2232
1579 2232
1580 2232
1581 2232
1582 2232
1583 2232
1584 2232
1585 2232
1586 2232
1587 2232
1588 2232
1589 2232
1590 2232
1591 2232
1592 2232
1593 2232
1594 2232
1595 2232
1596 2232
1597 2232
1598 2232
1599 2232
1600 2232
1601 2232
1602 2232
1603 2232
1604 2232
1605 2232
1606 2232
1607 2232
1608 2232
1609 2232
1610 2232
1611 2232
1612 2232
1613 2232
1614 2232
1615 2232
1616 2232
1617 2232
1618 2232
1619 2232
1620 2232
1621 2232
1622 2232
1623 2232
1624 2232
1625 2232
1626 2232
1627 2232
1628 2232
1629 2232
1630 2232
1631 2232
1632 2232
1633 2232
1634 2232
1635 2232
1636 2232
1637 2232
1638 2232
1639 2232
1640 2232
1641 2232
1642 2232
1643 2232
1644 2232
1645 2232
1646 2232
1647 2232
1648 2232
1649 2232
1650 2232
1651 2232
1652 2232
1653 2232
1654 2232
1655 2232
1656 2232
1657 2232
1658 2232
1659 2232
1660 2232
1661 2232
1662 2232
1663 2232
1664 2232
1665 2232
1666 2232
1667 2232
1668 2232
1669 2232
1670 2232
1671 2232
1672 2232
1673 2232
1674 2232
1675 2232
1676 2232
1677 2232
1678 2232
1679 2232
1680 2232
1681 2232
1682 2232
1683 2232
1684 2232
1685 2232
1686 2232
1687 2232
1688 2232
1689 2232
1690 2232
1691 2232
1692 2232
1693 2232
1694 2232
1695 2232
1696 2232
1697 2232
1698 2232
1699 2232
1700 2232
1701 2232
1702 2232
1703 2232
1704 2232
1705 2232
1706 2232
1707 2232
1708 2232
1709 2232
1710 2232
1711 2232
1712 2232
1713 2232
1714 2232
1715 2232
1716 2232
1717 2232
1718 2232
1719 2232
1720 2232
1721 2232
1722 2232
1723 2232
1724 2232
1725 2232
1726 2232
1727 2232
1728 2232
1729 2232
1730 2232
1731 2232
1732 2232
1733 2232
1734 2232
1735 2232
1736 2232
1737 2232
1738 2232
1739 2232
1740 2232
1741 2232
1742 2232
1743 2232
1744 2232
1745 2232
1746 2232
1747 2232
1748 2232
1749 2232
1750 2232
1751 2232
1752 2232
1753 2232
1754 2232
1755 2232
1756 2232
1757 2232
1758 2232
1759 2232
1760 2232
1761 2232
1762 2232
1763 2232
1764 2232
1765 2232
1766 2232
1767 2232
1768 2232
1769 2232
1770 2232
1771 2232
1772 2232
1773 2232
1774 2232
1775 2232
1776 2232
1777 2232
1778 2232
1779 2232
1780 2232
1781 2232
1782 2232
1783 2232
1784 2232
1785 2232
1786 2232
1787 2232
1788 2232
1789 2232
1790 2232
1791 2232
1792 2232
1793 2232
1794 2232
1795 2232
1796 2232
1797 2232
1798 2232
1799 2232
1800 2232
1801 2232
1802 2232
1803 2232
1804 2232
1805 2232
1806 2232
1807 2232
1808 2232
1809 2232
1810 2232
1811 2232
1812 2232
1813 2232
1814 2232
1815 2232
1816 2232
1817 2232
1818 2232
1819 2232
1820 2232
1821 2232
1822 2232
1823 2232
1824 2232
1825 2232
1826 2232
1827 2232
1828 2232
1829 2232
1830 2232
1831 2232
1832 2232
1833 2232
1834 2232
1835 2232
1836 2232
1837 2232
1838 2232
1839 2232
1840 2232
1841 2232
1842 2232
1843 2232
1844 2232
1845 2232
1846 2232
1847 2232
1848 2232
1849 2232
1850 2232
1851 2232
1852 2232
1853 2232
1854 2232
1855 2232
1856 2232
1857 2232
1858 2232
1859 2232
1860 2232
1861 2232
1862 2232
1863 2232
1864 2232
1865 2232
1866 2232
1867 2232
1868 2232
1869 2232
1870 2232
1871 2232
1872 2232
1873 2232
1874 2232
1875 2232
1876 2232
1877 2232
1878 2232
1879 2232
1880 2232
1881 2232
1882 2232
1883 2232
1884 2232
1885 2232
1886 2232
1887 2232
1888 2232
1889 2232
1890 2232
1891 2232
1892 2232
1893 2232
1894 2232
1895 2232
1896 2232
1897 2232
1898 2232
1899 2232
1900 2232
1901 2232
1902 2232
1903 2232
1904 2232
1905 2232
1906 2232
1907 2232
1908 2232
1909 2232
1910 2232
1911 2232
1912 2232
1913 2232
1914 2232
1915 2232
1916 2232
1917 2232
1918 2232
1919 2232
1920 2232
1921 2232
1922 2232
1923 2232
1924 2232
1925 2232
1926 2232
1927 2232
1928 2232
1929 2232
1930 2232
1931 2232
1932 2232
1933 2232
1934 2232
1935 2232
1936 2232
1937 2232
1938 2232
1939 2232
1940 2232
1941 2232
1942 2232
1943 2232
1944 2232
1945 2232
1946 2232
1947 2232
1948 2232
1949 2232
1950 2232
1951 2232
1952 2232
1953 2232
1954 2232
1955 2232
1956 2232
1957 2232
1958 2232
1959 2232
1960 2232
1961 2232
1962 2232
1963 2232
1964 2232
1965 2232
1966 2232
1967 2232
1968 2232
1969 2232
1970 2232
1971 2232
1972 2232
1973 2232
1974 2232
1975 2232
1976 2232
1977 2232
1978 2232
1979 2232
1980 2232
1981 2232
1982 2232
1983 2232
1984 2232
1985 2232
1986 2232
1987 2232
1988 2232
1989 2232
1990 2232
1991 2232
1992 2232
1993 2232
1994 2232
1995 2232
1996 2232
1997 2232
1998 2232
1999 2232
2000 2232
2001 2232
2002 2232
2003 2232
2004 2232
2005 2232
2006 2232
2007 2232
2008 2232
2009 2232
2010 2232
2011 2232
2012 2232
2013 2232
2014 2232
2015 2232
2016 2232
2017 2232
2018 2232
2019 2232
2020 2232
2021 2232
2022 2232
2023 2232
2024 2232
2025 2232
2026 2232
2027 2232
2028 2232
2029 2232
2030 2232
2031 2232
2032 2232
2033 2232
2034 2232
2035 2232
2036 2232
2037 2232
2038 2232
2039 2232
2040 2232
2041 2232
2042 2232
2043 2232
2044 2232
2045 2232
2046 2232
2047 2232
2048 2232
2049 2232
2050 2232
2051 2232
2052 2232
2053 2232
2054 2232
2055 2232
2056 2232
2057 2232
2058 2232
2059 2232
2060 2232
2061 2232
2062 2232
2063 2232
2064 2232
2065 2232
2066 2232
2067 2232
2068 2232
2069 2232
2070 2232
2071 2232
2072 2232
2073 2232
2074 2232
2075 2232
2076 2232
2077 2232
2078 2232
2079 2232
2080 2232
2081 2232
2082 2232
2083 2232
2084 2232
2085 2232
2086 2232
2087 2232
2088 2232
2089 2232
2090 2232
2091 2232
2092 2232
2093 2232
2094 2232
2095 2232
2096 2232
2097 2232
2098 2232
2099 2232
2100 2232
2101 2232
2102 2232
2103 2232
2104 2232
2105 2232
2106 2232
2107 2232
2108 2232
2109 2232
2110 2232
2111 2232
2112 2232
2113 2232
2114 2232
2115 2232
2116 2232
2117 2232
2118 2232
2119 2232
2120 2232
2121 2232
2122 2232
2123 2232
2124 2232
2125 2232
2126 2232
2127 2232
2128 2232
2129 2232
2130 2232
2131 2232
2132 2232
2133 2232
2134 2232
2135 2232
2136 2232
2137 2232
2138 2232
2139 2232
2140 2232
2141 2232
2142 2232
2143 2232
2144 2232
2145 2232
2146 2232
2147 2232
2148 2232
2149 2232
2150 2232
2151 2232
2152 2232
2153 2232
2154 2232
2155 2232
2156 2232
2157 2232
2158 2232
2159 2232
2160 2232
2161 2232
2162 2232
2163 2232
2164 2232
2165 2232
2166 2232
2167 2232
2168 2232
2169 2232
2170 2232
2171 2232
2172 2232
2173 2232
2174 2232
2175 2232
2176 2232
2177 2232
2178 2232
2179 2232
2180 2232
2181 2232
2182 2232
2183 2232
2184 2232
2185 2232
2186 2232
2187 2232
2188 2232
2189 2232
2190 2232
2191 2232
2192 2232
2193 2232
2194 2232
2195 2232
2196 2232
2197 2232
2198 2232
2199 2232
2200 2232
2201 2232
2202 2232
2203 2232
2204 2232
2205 2232
2206 2232
2207 2232
2208 2232
2209 2232
2210 2232
2211 2232
2212 2232
2213 2232
2214 2232
2215 2232
2216 2232
2217 2232
2218 2232
2219 2232
2220 2232
2221 2232
2222 2232
2223 2232
2224 2232
2225 2232
2226 2232
2227 2232
2228 2232
2229 2232
2230 2232
2231 2232
2232 2232
2233 2232
2234 2232
2235 2232
2236 2232
2237 2232
2238 2232
2239 2232
2240 2232
2241 2232
2242 2232
2243 2232
2244 2232
2245 2232
2246 2232
2247 2232
2248 2232
2249 2232
2250 2232
2251 2232
2252 2232
2253 2232
2254 2232
2255 2232
2256 2232
2257 2232
2258 2232
2259 2232
2260 2232
2261 2232
2262 2232
2263 2232
2264 2232
2265 2232
2266 2232
2267 2232
2268 2232
2269 2232
2270 2232
2271 2232
2272 2232
2273 2232
2274 2232
2275 2232
2276 2232
2277 2232
2278 2232
2279 2232
2280 2232
2281 2232
2282 2232
2283 2232
2284 2232
2285 2232
2286 2232
2287 2232
2288 2232
2289 2232
2290 2232
2291 2232
2292 2232
2293 2232
2294 2232
2295 2232
2296 2232
2297 2232
2298 2232
2299 2232
2300 2232
2301 2232
2302 2232
2303 2232
2304 2232
2305 2232
2306 2232
2307 2232
2308 2232
2309 2232
2310 2232
2311 2232
2312 2232
2313 2232
2314 2232
2315 2232
2316 2232
2317 2232
2318 2232
2319 2232
2320 2232
2321 2232
2322 2232
2323 2232
2324 2232
2325 2232
2326 2232
2327 2232
2328 2232
2329 2232
2330 2232
2331 2232
2332 2232
2333 2232
2334 2232
2335 2232
2336 2232
2337 2232
2338 2232
2339 2232
2340 2232
2341 2232
2342 2232
2343 2232
2344 2232
2345 2232
2346 2232
2347 2232
2348 2232
2349 2232
2350 2232
2351 2232
2352 2232
2353 2232
2354 2232
2355 2232
2356 2232
2357 2232
2358 2232
2359 2232
2360 2232
2361 2232
2362 2232
2363 2232
2364 2232
2365 2232
2366 2232
2367 2232
2368 2232
2369 2232
2370 2232
2371 2232
2372 2232
2373 2232
2374 2232
2375 2232
2376 2232
2377 2232
2378 2232
2379 2232
2380 2232
2381 2232
2382 2232
2383 2232
2384 2232
2385 2232
2386 2232
2387 2232
2388 2232
2389 2232
2390 2232
2391 2232
2392 2232
2393 2232
2394 2232
2395 2232
2396 2232
2397 2232
2398 2232
2399 2232
2400 2232
2401 2232
2402 2232
2403 2232
2404 2232
2405 2232
2406 2232
2407 2232
2408 2232
2409 2232
2410 2232
2411 2232
2412 2232
2413 2232
2414 2232
2415 2232
2416 2232
2417 2232
2418 2232
2419 2232
2420 2232
2421 2232
2422 2232
2423 2232
2424 2232
2425 2232
2426 2232
2427 2232
2428 2232
2429 2232
2430 2232
2431 2232
2432 2232
2433 2232
2434 2232
2435 2232
2436 2232
2437 2232
2438 2232
2439 2232
2440 2232
2441 2232
2442 2232
2443 2232
2444 2232
2445 2232
2446 2232
2447 2232
2448 2232
2449 2232
2450 2232
2451 2232
2452 2232
2453 2232
2454 2232
2455 2232
2456 2232
2457 2232
2458 2232
2459 2232
2460 2232
2461 2232
2462 2232
2463 2232
2464 2232
2465 2232
2466 2232
2467 2232
2468 2232
2469 2232
2470 2232
2471 2232
2472 2232
2473 2232
2474 2232
2475 2232
2476 2232
2477 2232
2478 2232
2479 2232
2480 2232
2481 2232
2482 2232
2483 2232
2484 2232
2485 2232
2486 2232
2487 2232
2488 2232
2489 2232
2490 2232
2491 2232
2492 2232
2493 2232
2494 2232
2495 2232
2496 2232
2497 2232
2498 2232
2499 2232
2500 2232
2501 2232
2502 2232
2503 2232
2504 2232
2505 2232
2506 2232
2507 2232
2508 2232
2509 2232
2510 2232
2511 2232
2512 2232
2513 2232
2514 2232
2515 2232
2516 2232
2517 2232
2518 2232
2519 2232
2520 2232
2521 2232
2522 2232
2523 2232
2524 2232
2525 2232
2526 2232
2527 2232
2528 2232
2529 2232
2530 2232
2531 2232
2532 2232
2533 2232
2534 2232
2535 2232
2536 2232
2537 2232
2538 2232
2539 2232
2540 2232
2541 2232
2542 2232
2543 2232
2544 2232
2545 2232
2546 2232
2547 2232
2548 2232
2549 2232
2550 2232
2551 2232
2552 2232
2553 2232
2554 2232
2555 2232
2556 2232
2557 2232
2558 2232
2559 2232
2560 2232
2561 2232
2562 2232
2563 2232
2564 2232
2565 2232
2566 2232
2567 2232
2568 2232
2569 2232
2570 2232
2571 2232
2572 2232
2573 2232
2574 2232
2575 2232
2576 2232
2577 2232
2578 2232
2579 2232
2580 2232
2581 2232
2582 2232
2583 2232
2584 2232
2585 2232
2586 2232
2587 2232
2588 2232
2589 2232
2590 2232
2591 2232
2592 2232
2593 2232
2594 2232
2595 2232
2596 2232
2597 2232
2598 2232
2599 2232
2600 2232
2601 2232
2602 2232
2603 2232
2604 2232
2605 2232
2606 2232
2607 2232
2608 2232
2609 2232
2610 2232
2611 2232
2612 2232
2613 2232
2614 2232
2615 2232
2616 2232
2617 2232
2618 2232
2619 2232
2620 2232
2621 2232
2622 2232
2623 2232
2624 2232
2625 2232
2626 2232
2627 2232
2628 2232
2629 2232
2630 2232
2631 2232
2632 2232
2633 2232
2634 2232
2635 2232
2636 2232
2637 2232
2638 2232
2639 2232
2640 2232
2641 2232
2642 2232
2643 2232
2644 2232
2645 2232
2646 2232
2647 2232
2648 2232
2649 2232
2650 2232
2651 2232
2652 2232
2653 2232
2654 2232
2655 2232
2656 2232
2657 2232
2658 2232
2659 2232
2660 2232
2661 2232
2662 2232
2663 2232
2664 2232
2665 2232
2666 2232
2667 2232
2668 2232
2669 2232
2670 2232
2671 2232
2672 2232
2673 2232
2674 2232
2675 2232
2676 2232
2677 2232
2678 2232
2679 2232
2680 2232
2681 2232
2682 2232
2683 2232
2684 2232
2685 2232
2686 2232
2687 2232
2688 2232
2689 2232
2690 2232
2691 2232
2692 2232
2693 2232
2694 2232
2695 2232
2696 2232
2697 2232
2698 2232
2699 2232
2700 2232
2701 2232
2702 2232
2703 2232
2704 2232
2705 2232
2706 2232
2707 2232
2708 2232
2709 2232
2710 2232
2711 2232
2712 2232
2713 2232
2714 2232
2715 2232
2716 2232
2717 2232
2718 2232
2719 2232
2720 2232
2721 2232
2722 2232
2723 2232
2724 2232
2725 2232
2726 2232
2727 2232
2728 2232
2729 2232
2730 2232
2731 2232
2732 2232
2733 2232
2734 2232
2735 2232
2736 2232
2737 2232
2738 2232
2739 2232
2740 2232
2741 2232
2742 2232
2743 2232
2744 2232
2745 2232
2746 2232
2747 2232
2748 2232
2749 2232
2750 2232
2751 2232
2752 2232
2753 2232
2754 2232
2755 2232
2756 2232
2757 2232
2758 2232
2759 2232
2760 2232
2761 2232
2762 2232
2763 2232
2764 2232
2765 2232
2766 2232
2767 2232
2768 2232
2769 2232
2770 2232
2771 2232
2772 2232
2773 2232
2774 2232
2775 2232
2776 2232
2777 2232
2778 2232
2779 2232
2780 2232
2781 2232
2782 2232
2783 2232
2784 2232
2785 2232
2786 2232
2787 2232
2788 2232
2789 2232
2790 2232
2791 2232
2792 2232
2793 2232
2794 2232
2795 2232
2796 2232
2797 2232
2798 2232
2799 2232
2800 2232
2801 2232
2802 2232
2803 2232
2804 2232
2805 2232
2806 2232
2807 2232
2808 2232
2809 2232
2810 2232
2811 2232
2812 2232
2813 2232
2814 2232
2815 2232
2816 2232
2817 2232
2818 2232
2819 2232
2820 2232
2821 2232
2822 2232
2823 2232
2824 2232
2825 2232
2826 2232
2827 2232
2828 2232
2829 2232
2830 2232
2831 2232
2832 2232
2833 2232
2834 2232
2835 2232
2836 2232
2837 2232
2838 2232
2839 2232
2840 2232
2841 2232
2842 2232
2843 2232
2844 2232
2845 2232
2846 2232
2847 2232
2848 2232
2849 2232
2850 2232
2851 2232
2852 2232
2853 2232
2854 2232
2855 2232
2856 2232
2857 2232
2858 2232
2859 2232
2860 2232
2861 2232
2862 2232
2863 2232
2864 2232
2865 2232
2866 2232
2867 2232
2868 2232
2869 2232
2870 2232
2871 2232
2872 2232
2873 2232
2874 2232
2875 2232
2876 2232
2877 2232
2878 2232
2879 2232
2880 2232
2881 2232
2882 2232
2883 2232
2884 2232
2885 2232
2886 2232
2887 2232
2888 2232
2889 2232
2890 2232
2891 2232
2892 2232
2893 2232
2894 2232
2895 2232
2896 2232
2897 2232
2898 2232
2899 2232
2900 2232
2901 2232
2902 2232
2903 2232
2904 2232
2905 2232
2906 2232
2907 2232
2908 2232
2909 2232
2910 2232
2911 2232
2912 2232
2913 2232
2914 2232
2915 2232
2916 2232
2917 2232
2918 2232
2919 2232
2920 2232
2921 2232
2922 2232
2923 2232
2924 2232
2925 2232
2926 2232
2927 2232
2928 2232
2929 2232
2930 2232
2931 2232
2932 2232
2933 2232
2934 2232
2935 2232
2936 2232
2937 2232
2938 2232
2939 2232
2940 2232
2941 2232
2942 2232
2943 2232
2944 2232
2945 2232
2946 2232
2947 2232
2948 2232
2949 2232
2950 2232
2951 2232
2952 2232
2953 2232
2954 2232
2955 2232
2956 2232
2957 2232
2958 2232
2959 2232
2960 2232
2961 2232
2962 2232
2963 2232
2964 2232
2965 2232
2966 2232
2967 2232
2968 2232
2969 2232
2970 2232
2971 2232
2972 2232
2973 2232
2974 2232
2975 2232
2976 2232
2977 2232
2978 2232
2979 2232
2980 2232
2981 2232
2982 2232
2983 2232
2984 2232
2985 2232
2986 2232
2987 2232
2988 2231
2989 2230
2990 2230
2991 2229
2992 2228
2993 2228
2994 2228
2995 2228
2996 2228
2997 2228
2998 2227
2999 2227
3000 2224
3001 2224
3002 2224
3003 2223
3004 2223
3005 2223
3006 2222
3007 2222
3008 2222
3009 2218
3010 2212
3011 2206
3012 2201
3013 2201
3014 2200
3015 2200
3016 2199
3017 2198
3018 2198
3019 2197
3020 2197
3021 2195
3022 2191
3023 2191
3024 2190
3025 2189
3026 2188
3027 2187
3028 2187
3029 2187
3030 2187
3031 2186
3032 2185
3033 2185
3034 2184
3035 2182
3036 2181
3037 2181
3038 2181
3039 2180
3040 2179
3041 2179
3042 2177
3043 2177
3044 2176
3045 2173
3046 2173
3047 2171
3048 2170
3049 2169
3050 2169
3051 2168
3052 2168
3053 2168
3054 2168
3055 2168
3056 2167
3057 2167
3058 2167
3059 2167
3060 2166
3061 2166
3062 2166
3063 2165
3064 2165
3065 2164
3066 2164
3067 2164
3068 2164
3069 2164
3070 2163
3071 2163
3072 2163
3073 2162
3074 2156
3075 2140
3076 2120
3077 2107
3078 2105
3079 2105
3080 2102
3081 2102
3082 2102
3083 2102
3084 2101
3085 2100
3086 2098
3087 2095
3088 2094
3089 2093
3090 2093
3091 2093
3092 2093
3093 2092
3094 2090
3095 2089
3096 2088
3097 2088
3098 2088
3099 2086
3100 2086
3101 2085
3102 2084
3103 2084
3104 2084
3105 2084
3106 2084
3107 2083
3108 2083
3109 2082
3110 2080
3111 2078
3112 2078
3113 2076
3114 2074
3115 2074
3116 2074
3117 2074
3118 2072
3119 2072
3120 2070
3121 2068
3122 2067
3123 2067
3124 2067
3125 2067
3126 2067
3127 2066
3128 2065
3129 2064
3130 2063
3131 2063
3132 2062
3133 2061
3134 2060
3135 2060
3136 2059
3137 2058
3138 2058
3139 2040
3140 2024
3141 1998
3142 1982
3143 1980
3144 1980
3145 1978
3146 1976
3147 1976
3148 1975
3149 1975
3150 1974
3151 1974
3152 1974
3153 1973
3154 1973
3155 1972
3156 1971
3157 1971
3158 1970
3159 1968
3160 1967
3161 1966
3162 1966
3163 1965
3164 1965
3165 1965
3166 1964
3167 1964
3168 1964
3169 1963
3170 1963
3171 1959
3172 1958
3173 1957
3174 1957
3175 1957
3176 1956
3177 1954
3178 1954
3179 1953
3180 1953
3181 1953
3182 1953
3183 1953
3184 1953
3185 1953
3186 1953
3187 1953
3188 1952
3189 1952
3190 1952
3191 1952
3192 1951
3193 1951
3194 1950
3195 1950
3196 1950
3197 1949
3198 1949
3199 1949
3200 1948
3201 1948
3202 1931
3203 1903
3204 1864
3205 1835
3206 1834
3207 1833
3208 1831
3209 1831
3210 1830
3211 1827
3212 1826
3213 1824
3214 1821
3215 1821
3216 1821
3217 1821
3218 1820
3219 1820
3220 1818
3221 1817
3222 1817
3223 1816
3224 1816
3225 1815
3226 1815
3227 1815
3228 1815
3229 1815
3230 1813
3231 1812
3232 1812
3233 1812
3234 1812
3235 1811
3236 1811
3237 1811
3238 1810
3239 1810
3240 1810
3241 1809
3242 1808
3243 1807
3244 1806
3245 1806
3246 1806
3247 1806
3248 1804
3249 1804
3250 1804
3251 1803
3252 1802
3253 1802
3254 1801
3255 1799
3256 1799
3257 1798
3258 1798
3259 1797
3260 1797
3261 1797
3262 1797
3263 1797
3264 1759
3265 1714
3266 1698
3267 1685
3268 1685
3269 1684
3270 1683
3271 1682
3272 1682
3273 1681
3274 1681
3275 1680
3276 1679
3277 1679
3278 1678
3279 1678
3280 1678
3281 1678
3282 1678
3283 1678
3284 1676
3285 1676
3286 1676
3287 1676
3288 1676
3289 1676
3290 1676
3291 1676
3292 1675
3293 1675
3294 1675
3295 1674
3296 1674
3297 1674
3298 1673
3299 1671
3300 1671
3301 1669
3302 1669
3303 1669
3304 1668
3305 1668
3306 1668
3307 1667
3308 1667
3309 1666
3310 1664
3311 1664
3312 1664
3313 1663
3314 1663
3315 1663
3316 1662
3317 1662
3318 1660
3319 1659
3320 1658
3321 1657
3322 1655
3323 1655
3324 1652
3325 1652
3326 1652
3327 1651
3328 1651
3329 1611
3330 1567
3331 1508
3332 1508
3333 1507
3334 1507
3335 1507
3336 1507
3337 1507
3338 1507
3339 1506
3340 1506
3341 1505
3342 1505
3343 1505
3344 1505
3345 1505
3346 1505
3347 1505
3348 1505
3349 1503
3350 1503
3351 1502
3352 1502
3353 1500
3354 1500
3355 1500
3356 1499
3357 1499
3358 1498
3359 1497
3360 1496
3361 1494
3362 1493
3363 1493
3364 1491
3365 1490
3366 1489
3367 1488
3368 1488
3369 1487
3370 1487
3371 1486
3372 1485
3373 1485
3374 1485
3375 1484
3376 1484
3377 1484
3378 1484
3379 1483
3380 1482
3381 1481
3382 1481
3383 1480
3384 1480
3385 1479
3386 1478
3387 1475
3388 1475
3389 1475
3390 1475
3391 1475
3392 1439
3393 1407
3394 1358
3395 1330
3396 1329
3397 1329
3398 1329
3399 1328
3400 1328
3401 1328
3402 1327
3403 1326
3404 1326
3405 1326
3406 1325
3407 1324
3408 1323
3409 1322
3410 1322
3411 1319
3412 1318
3413 1318
3414 1318
3415 1318
3416 1318
3417 1316
3418 1316
3419 1314
3420 1314
3421 1314
3422 1312
3423 1311
3424 1311
3425 1311
3426 1311
3427 1311
3428 1311
3429 1310
3430 1309
3431 1309
3432 1309
3433 1307
3434 1307
3435 1305
3436 1305
3437 1305
3438 1305
3439 1304
3440 1304
3441 1304
3442 1304
3443 1303
3444 1303
3445 1303
3446 1302
3447 1300
3448 1300
3449 1299
3450 1299
3451 1299
3452 1298
3453 1298
3454 1296
3455 1296
3456 1295
3457 1295
3458 1294
3459 1255
3460 1227
3461 1181
3462 1160
3463 1159
3464 1159
3465 1159
3466 1159
3467 1159
3468 1159
3469 1159
3470 1159
3471 1159
3472 1158
3473 1158
3474 1158
3475 1158
3476 1158
3477 1157
3478 1156
3479 1155
3480 1154
3481 1154
3482 1154
3483 1152
3484 1151
3485 1150
3486 1149
3487 1148
3488 1148
3489 1147
3490 1147
3491 1147
3492 1147
3493 1146
3494 1144
3495 1144
3496 1144
3497 1143
3498 1143
3499 1143
3500 1143
3501 1143
3502 1143
3503 1143
3504 1143
3505 1143
3506 1143
3507 1140
3508 1140
3509 1139
3510 1139
3511 1138
3512 1137
3513 1136
3514 1135
3515 1134
3516 1133
3517 1132
3518 1131
3519 1131
3520 1131
3521 1131
3522 1129
3523 1128
3524 1126
3525 1057
3526 1024
3527 996
3528 964
3529 964
3530 962
3531 962
3532 962
3533 960
3534 960
3535 960
3536 960
3537 960
3538 960
3539 960
3540 960
3541 960
3542 960
3543 960
3544 960
3545 960
3546 960
3547 960
3548 960
3549 959
3550 958
3551 958
3552 958
3553 958
3554 957
3555 957
3556 957
3557 956
3558 956
3559 955
3560 955
3561 954
3562 954
3563 954
3564 954
3565 954
3566 953
3567 952
3568 950
3569 950
3570 950
3571 950
3572 950
3573 950
3574 950
3575 949
3576 947
3577 946
3578 946
3579 946
3580 946
3581 946
3582 946
3583 946
3584 946
3585 946
3586 945
3587 945
3588 944
3589 926
3590 886
3591 849
3592 819
3593 807
3594 806
3595 806
3596 806
3597 806
3598 806
3599 805
3600 805
3601 804
3602 803
3603 803
3604 802
3605 802
3606 802
3607 801
3608 800
3609 798
3610 798
3611 798
3612 796
3613 796
3614 796
3615 794
3616 794
3617 793
3618 792
3619 792
3620 791
3621 790
3622 790
3623 790
3624 790
3625 790
3626 790
3627 788
3628 786
3629 786
3630 786
3631 786
3632 785
3633 784
3634 784
3635 784
3636 784
3637 784
3638 783
3639 783
3640 783
3641 782
3642 782
3643 782
3644 782
3645 782
3646 782
3647 782
3648 782
3649 782
3650 782
3651 782
3652 782
3653 782
3654 782
3655 782
3656 782
3657 746
3658 691
3659 655
3660 627
3661 627
3662 627
3663 627
3664 627
3665 627
3666 627
3667 627
3668 627
3669 627
3670 627
3671 627
3672 627
3673 627
3674 627
3675 627
3676 627
3677 627
3678 627
3679 627
3680 627
3681 627
3682 627
3683 627
3684 627
3685 627
3686 627
3687 627
3688 627
3689 627
3690 627
3691 627
3692 627
3693 627
3694 627
3695 627
3696 627
3697 627
3698 627
3699 627
3700 627
3701 627
3702 627
3703 627
3704 627
3705 627
3706 627
3707 627
3708 627
3709 627
3710 627
3711 627
3712 627
3713 627
3714 627
3715 627
3716 627
3717 627
3718 627
3719 627
3720 627
3721 627
3722 627
3723 627
3724 627
3725 627
3726 627
3727 627
3728 611
3729 574
3730 539
3731 520
3732 520
3733 520
3734 520
3735 520
3736 520
3737 520
3738 520
3739 520
3740 520
3741 520
3742 520
3743 520
3744 520
3745 520
3746 520
3747 520
3748 520
3749 520
3750 520
3751 520
3752 520
3753 520
3754 520
3755 520
3756 520
3757 520
3758 520
3759 520
3760 520
3761 520
3762 520
3763 520
3764 520
3765 520
3766 520
3767 520
3768 520
3769 520
3770 520
3771 520
3772 520
3773 520
3774 520
3775 520
3776 520
3777 520
3778 520
3779 520
3780 520
3781 520
3782 520
3783 520
3784 520
3785 520
3786 520
3787 520
3788 520
3789 520
3790 520
3791 520
3792 520
3793 520
3794 520
3795 520
3796 520
3797 520
3798 520
3799 486
3800 464
3801 440
3802 417
3803 417
3804 417
3805 417
3806 417
3807 417
3808 417
3809 417
3810 417
3811 417
3812 417
3813 417
3814 417
3815 417
3816 417
3817 417
3818 417
3819 417
3820 417
3821 417
3822 417
3823 417
3824 417
3825 417
3826 417
3827 417
3828 417
3829 417
3830 417
3831 417
3832 417
3833 417
3834 417
3835 417
3836 417
3837 417
3838 417
3839 417
3840 417
3841 417
3842 417
3843 417
3844 417
3845 417
3846 417
3847 417
3848 417
3849 417
3850 417
3851 417
3852 417
3853 417
3854 417
3855 417
3856 417
3857 417
3858 417
3859 417
3860 417
3861 417
3862 417
3863 417
3864 417
3865 417
3866 417
3867 417
3868 417
3869 407
3870 377
3871 353
3872 337
3873 337
3874 337
3875 337
3876 337
3877 337
3878 337
3879 337
3880 337
3881 337
3882 337
3883 337
3884 337
3885 337
3886 337
3887 337
3888 337
3889 337
3890 337
3891 337
3892 337
3893 337
3894 337
3895 337
3896 337
3897 337
3898 337
3899 337
3900 337
3901 337
3902 337
3903 337
3904 337
3905 337
3906 337
3907 337
3908 337
3909 337
3910 337
3911 337
3912 337
3913 337
3914 337
3915 337
3916 337
3917 337
3918 337
3919 337
3920 337
3921 337
3922 337
3923 337
3924 337
3925 337
3926 337
3927 337
3928 337
3929 337
3930 337
3931 337
3932 337
3933 337
3934 337
3935 337
3936 337
3937 337
3938 337
3939 337
3940 309
3941 299
3942 277
3943 277
3944 277
3945 277
3946 277
3947 277
3948 277
3949 277
3950 277
3951 277
3952 277
3953 277
3954 277
3955 277
3956 277
3957 277
3958 277
3959 277
3960 277
3961 277
3962 277
3963 277
3964 277
3965 277
3966 277
3967 277
3968 277
3969 277
3970 277
3971 277
3972 277
3973 277
3974 277
3975 277
3976 277
3977 277
3978 277
3979 277
3980 277
3981 277
3982 277
3983 277
3984 277
3985 277
3986 277
3987 277
3988 277
3989 277
3990 277
3991 277
3992 277
3993 277
3994 277
3995 277
3996 277
3997 277
3998 277
3999 277
4000 277
4001 277
4002 277
4003 277
4004 277
4005 277
4006 277
4007 277
4008 277
4009 277
4010 277
4011 264
4012 253
4013 238
4014 234
4015 234
4016 234
4017 234
4018 234
4019 234
4020 234
4021 234
4022 234
4023 234
4024 234
4025 234
4026 234
4027 234
4028 234
4029 234
4030 234
4031 234
4032 234
4033 234
4034 234
4035 234
4036 234
4037 234
4038 234
4039 234
4040 234
4041 234
4042 234
4043 234
4044 234
4045 234
4046 234
4047 234
4048 234
4049 234
4050 234
4051 234
4052 234
4053 234
4054 234
4055 234
4056 234
4057 234
4058 234
4059 234
4060 234
4061 234
4062 234
4063 234
4064 234
4065 234
4066 234
4067 234
4068 234
4069 234
4070 234
4071 234
4072 234
4073 234
4074 234
4075 234
4076 234
4077 234
4078 234
4079 234
4080 234
4081 234
4082 222
4083 212
4084 202
4085 197
4086 197
4087 197
4088 197
4089 197
4090 197
4091 197
4092 197
4093 197
4094 197
4095 197
4096 197
4097 197
4098 197
4099 197
4100 197
4101 197
4102 197
4103 197
4104 197
4105 197
4106 197
4107 197
4108 197
4109 197
4110 197
4111 197
4112 197
4113 197
4114 197
4115 197
4116 197
4117 197
4118 197
4119 197
4120 197
4121 197
4122 197
4123 197
4124 197
4125 197
4126 197
4127 197
4128 197
4129 197
4130 197
4131 197
4132 197
4133 197
4134 197
4135 197
4136 197
4137 197
4138 197
4139 197
4140 197
4141 197
4142 197
4143 197
4144 197
4145 197
4146 197
4147 197
4148 197
4149 197
4150 197
4151 197
4152 197
4153 197
4154 192
4155 187
4156 179
4157 168
4158 168
4159 168
4160 168
4161 168
4162 168
4163 168
4164 168
4165 168
4166 168
4167 168
4168 168
4169 168
4170 168
4171 168
4172 168
4173 168
4174 168
4175 168
4176 168
4177 168
4178 168
4179 168
4180 168
4181 168
4182 168
4183 168
4184 168
4185 168
4186 168
4187 168
4188 168
4189 168
4190 168
4191 168
4192 168
4193 168
4194 168
4195 168
4196 168
4197 168
4198 168
4199 168
4200 168
4201 168
4202 168
4203 168
4204 168
4205 168
4206 168
4207 168
4208 168
4209 168
4210 168
4211 168
4212 168
4213 168
4214 168
4215 168
4216 168
4217 168
4218 168
4219 168
4220 168
4221 168
4222 168
4223 168
4224 168
4225 168
4226 168
4227 160
4228 147
4229 144
4230 140
4231 140
4232 140
4233 140
4234 140
4235 140
4236 140
4237 140
4238 140
4239 140
4240 140
4241 140
4242 140
4243 140
4244 140
4245 140
4246 140
4247 140
4248 140
4249 140
4250 140
4251 140
4252 140
4253 140
4254 140
4255 140
4256 140
4257 140
4258 140
4259 140
4260 140
4261 140
4262 140
4263 140
4264 140
4265 140
4266 140
4267 140
4268 140
4269 140
4270 140
4271 140
4272 140
4273 140
4274 140
4275 140
4276 140
4277 140
4278 140
4279 140
4280 140
4281 140
4282 140
4283 140
4284 140
4285 140
4286 140
4287 140
4288 140
4289 140
4290 140
4291 140
4292 140
4293 140
4294 140
4295 140
4296 140
4297 140
4298 140
4299 138
4300 130
4301 127
4302 123
4303 123
4304 123
4305 123
4306 123
4307 123
4308 123
4309 123
4310 123
4311 123
4312 123
4313 123
4314 123
4315 123
4316 123
4317 123
4318 123
4319 123
4320 123
4321 123
4322 123
4323 123
4324 123
4325 123
4326 123
4327 123
4328 123
4329 123
4330 123
4331 123
4332 123
4333 123
4334 123
4335 123
4336 123
4337 123
4338 123
4339 123
4340 123
4341 123
4342 123
4343 123
4344 123
4345 123
4346 123
4347 123
4348 123
4349 123
4350 123
4351 123
4352 123
4353 123
4354 123
4355 123
4356 123
4357 123
4358 123
4359 123
4360 123
4361 123
4362 123
4363 123
4364 123
4365 123
4366 123
4367 123
4368 123
4369 123
4370 123
4371 117
4372 109
4373 103
4374 99
4375 99
4376 99
4377 99
4378 99
4379 99
4380 99
4381 99
4382 99
4383 99
4384 99
4385 99
4386 99
4387 99
4388 99
4389 99
4390 99
4391 99
4392 99
4393 99
4394 99
4395 99
4396 99
4397 99
4398 99
4399 99
4400 99
4401 99
4402 99
4403 99
4404 99
4405 99
4406 99
4407 99
4408 99
4409 99
4410 99
4411 99
4412 99
4413 99
4414 99
4415 99
4416 99
4417 99
4418 99
4419 99
4420 99
4421 99
4422 99
4423 99
4424 99
4425 99
4426 99
4427 99
4428 99
4429 99
4430 99
4431 99
4432 99
4433 99
4434 99
4435 99
4436 99
4437 99
4438 99
4439 99
4440 99
4441 99
4442 99
4443 98
4444 96
4445 94
4446 94
4447 94
4448 94
4449 94
4450 94
4451 94
4452 94
4453 94
4454 94
4455 94
4456 94
4457 94
4458 94
4459 94
4460 94
4461 94
4462 94
4463 94
4464 94
4465 94
4466 94
4467 94
4468 94
4469 94
4470 94
4471 94
4472 94
4473 94
4474 94
4475 94
4476 94
4477 94
4478 94
4479 94
4480 94
4481 94
4482 94
4483 94
4484 94
4485 94
4486 94
4487 94
4488 94
4489 94
4490 94
4491 94
4492 94
4493 94
4494 94
4495 94
4496 94
4497 94
4498 94
4499 94
4500 94
4501 94
4502 94
4503 94
4504 94
4505 94
4506 94
4507 94
4508 94
4509 94
4510 94
4511 94
4512 94
4513 94
4514 94
4515 91
4516 81
4517 78
4518 78
4519 78
4520 78
4521 78
4522 78
4523 78
4524 78
4525 78
4526 78
4527 78
4528 78
4529 78
4530 78
4531 78
4532 78
4533 78
4534 78
4535 78
4536 78
4537 78
4538 78
4539 78
4540 78
4541 78
4542 78
4543 78
4544 78
4545 78
4546 78
4547 78
4548 78
4549 78
4550 78
4551 78
4552 78
4553 78
4554 78
4555 78
4556 78
4557 78
4558 78
4559 78
4560 78
4561 78
4562 78
4563 78
4564 78
4565 78
4566 78
4567 78
4568 78
4569 78
4570 78
4571 78
4572 78
4573 78
4574 78
4575 78
4576 78
4577 78
4578 78
4579 78
4580 78
4581 78
4582 78
4583 78
4584 78
4585 78
4586 78
4587 76
4588 70
4589 70
4590 66
4591 66
4592 66
4593 66
4594 66
4595 66
4596 66
4597 66
4598 66
4599 66
4600 66
4601 66
4602 66
4603 66
4604 66
4605 66
4606 66
4607 66
4608 66
4609 66
4610 66
4611 66
4612 66
4613 66
4614 66
4615 66
4616 66
4617 66
4618 66
4619 66
4620 66
4621 66
4622 66
4623 66
4624 66
4625 66
4626 66
4627 66
4628 66
4629 66
4630 66
4631 66
4632 66
4633 66
4634 66
4635 66
4636 66
4637 66
4638 66
4639 66
4640 66
4641 66
4642 66
4643 66
4644 66
4645 66
4646 66
4647 66
4648 66
4649 66
4650 66
4651 66
4652 66
4653 66
4654 66
4655 66
4656 66
4657 66
4658 66
4659 66
4660 66
4661 61
4662 57
4663 55
4664 54
4665 54
4666 54
4667 54
4668 54
4669 54
4670 54
4671 54
4672 54
4673 54
4674 54
4675 54
4676 54
4677 54
4678 54
4679 54
4680 54
4681 54
4682 54
4683 54
4684 54
4685 54
4686 54
4687 54
4688 54
4689 54
4690 54
4691 54
4692 54
4693 54
4694 54
4695 54
4696 54
4697 54
4698 54
4699 54
4700 54
4701 54
4702 54
4703 54
4704 54
4705 54
4706 54
4707 54
4708 54
4709 54
4710 54
4711 54
4712 54
4713 54
4714 54
4715 54
4716 54
4717 54
4718 54
4719 54
4720 54
4721 54
4722 54
4723 54
4724 54
4725 54
4726 54
4727 54
4728 54
4729 54
4730 54
4731 54
4732 54
4733 54
4734 50
4735 48
4736 48
4737 48
4738 48
4739 48
4740 48
4741 48
4742 48
4743 48
4744 48
4745 48
4746 48
4747 48
4748 48
4749 48
4750 48
4751 48
4752 48
4753 48
4754 48
4755 48
4756 48
4757 48
4758 48
4759 48
4760 48
4761 48
4762 48
4763 48
4764 48
4765 48
4766 48
4767 48
4768 48
4769 48
4770 48
4771 48
4772 48
4773 48
4774 48
4775 48
4776 48
4777 48
4778 48
4779 48
4780 48
4781 48
4782 48
4783 48
4784 48
4785 48
4786 48
4787 48
4788 48
4789 48
4790 48
4791 48
4792 48
4793 48
4794 48
4795 48
4796 48
4797 48
4798 48
4799 48
4800 48
4801 48
4802 48
4803 48
4804 48
4805 47
4806 46
4807 46
4808 44
4809 44
4810 44
4811 44
4812 44
4813 44
4814 44
4815 44
4816 44
4817 44
4818 44
4819 44
4820 44
4821 44
4822 44
4823 44
4824 44
4825 44
4826 44
4827 44
4828 44
4829 44
4830 44
4831 44
4832 44
4833 44
4834 44
4835 44
4836 44
4837 44
4838 44
4839 44
4840 44
4841 44
4842 44
4843 44
4844 44
4845 44
4846 44
4847 44
4848 44
4849 44
4850 44
4851 44
4852 44
4853 44
4854 44
4855 44
4856 44
4857 44
4858 44
4859 44
4860 44
4861 44
4862 44
4863 44
4864 44
4865 44
4866 44
4867 44
4868 44
4869 44
4870 44
4871 44
4872 44
4873 44
4874 44
4875 44
4876 43
4877 41
4878 36
4879 36
4880 36
4881 36
4882 36
4883 36
4884 36
4885 36
4886 36
4887 36
4888 36
4889 36
4890 36
4891 36
4892 36
4893 36
4894 36
4895 36
4896 36
4897 36
4898 36
4899 36
4900 36
4901 36
4902 36
4903 36
4904 36
4905 36
4906 36
4907 36
4908 36
4909 36
4910 36
4911 36
4912 36
4913 36
4914 36
4915 36
4916 36
4917 36
4918 36
4919 36
4920 36
4921 36
4922 36
4923 36
4924 36
4925 36
4926 36
4927 36
4928 36
4929 36
4930 36
4931 36
4932 36
4933 36
4934 36
4935 36
4936 36
4937 36
4938 36
4939 36
4940 36
4941 36
4942 36
4943 36
4944 36
4945 36
4946 36
4947 36
4948 35
4949 35
4950 33
4951 32
4952 32
4953 32
4954 32
4955 32
4956 32
4957 32
4958 32
4959 32
4960 32
4961 32
4962 32
4963 32
4964 32
4965 32
4966 32
4967 32
4968 32
4969 32
4970 32
4971 32
4972 32
4973 32
4974 32
4975 32
4976 32
4977 32
4978 32
4979 32
4980 32
4981 32
4982 32
4983 32
4984 32
4985 32
4986 32
4987 32
4988 32
4989 32
4990 32
4991 32
4992 32
4993 32
4994 32
4995 32
4996 32
4997 32
4998 32
4999 32
5000 32
5001 32
5002 32
5003 32
5004 32
5005 32
5006 32
5007 32
5008 32
5009 32
5010 32
5011 32
5012 32
5013 32
5014 32
5015 32
5016 32
5017 32
5018 32
5019 32
5020 29
5021 27
5022 27
5023 27
5024 27
5025 27
5026 27
5027 27
5028 27
5029 27
5030 27
5031 27
5032 27
5033 27
5034 27
5035 27
5036 27
5037 27
5038 27
5039 27
5040 27
5041 27
5042 27
5043 27
5044 27
5045 27
5046 27
5047 27
5048 27
5049 27
5050 27
5051 27
5052 27
5053 27
5054 27
5055 27
5056 27
5057 27
5058 27
5059 27
5060 27
5061 27
5062 27
5063 27
5064 27
5065 27
5066 27
5067 27
5068 27
5069 27
5070 27
5071 27
5072 27
5073 27
5074 27
5075 27
5076 27
5077 27
5078 27
5079 27
5080 27
5081 27
5082 27
5083 27
5084 27
5085 27
5086 27
5087 27
5088 27
5089 27
5090 27
5091 27
5092 27
5093 27
5094 27
5095 27
5096 27
5097 27
5098 27
5099 27
5100 27
5101 27
5102 27
5103 27
5104 27
5105 27
5106 27
5107 27
5108 27
5109 27
5110 27
5111 27
5112 27
5113 27
5114 27
5115 27
5116 27
5117 27
5118 27
5119 27
5120 27
5121 27
5122 27
5123 27
5124 27
5125 27
5126 27
5127 27
5128 27
5129 27
5130 27
5131 27
5132 27
5133 27
5134 27
5135 27
5136 27
5137 27
5138 27
5139 27
5140 27
5141 27
5142 27
5143 27
5144 27
5145 27
5146 27
5147 27
5148 27
5149 27
5150 27
5151 27
5152 27
5153 27
5154 27
5155 27
5156 27
5157 27
5158 27
5159 27
5160 27
5161 27
5162 27
5163 27
5164 27
5165 27
5166 24
5167 24
5168 24
5169 24
5170 24
5171 24
5172 24
5173 24
5174 24
5175 24
5176 24
5177 24
5178 24
5179 24
5180 24
5181 24
5182 24
5183 24
5184 24
5185 24
5186 24
5187 24
5188 24
5189 24
5190 24
5191 24
5192 24
5193 24
5194 24
5195 24
5196 24
5197 24
5198 24
5199 24
5200 24
5201 24
5202 24
5203 24
5204 24
5205 24
5206 24
5207 24
5208 24
5209 24
5210 24
5211 24
5212 24
5213 24
5214 24
5215 24
5216 24
5217 24
5218 24
5219 24
5220 24
5221 24
5222 24
5223 24
5224 24
5225 24
5226 24
5227 24
5228 24
5229 24
5230 24
5231 24
5232 24
5233 24
5234 24
5235 24
5236 23
5237 23
5238 23
5239 22
5240 22
5241 22
5242 22
5243 22
5244 22
5245 22
5246 22
5247 22
5248 22
5249 22
5250 22
5251 22
5252 22
5253 22
5254 22
5255 22
5256 22
5257 22
5258 22
5259 22
5260 22
5261 22
5262 22
5263 22
5264 22
5265 22
5266 22
5267 22
5268 22
5269 22
5270 22
5271 22
5272 22
5273 22
5274 22
5275 22
5276 22
5277 22
5278 22
5279 22
5280 22
5281 22
5282 22
5283 22
5284 22
5285 22
5286 22
5287 22
5288 22
5289 22
5290 22
5291 22
5292 22
5293 22
5294 22
5295 22
5296 22
5297 22
5298 22
5299 22
5300 22
5301 22
5302 22
5303 22
5304 22
5305 22
5306 22
5307 22
5308 21
5309 21
5310 21
5311 21
5312 21
5313 21
5314 21
5315 21
5316 21
5317 21
5318 21
5319 21
5320 21
5321 21
5322 21
5323 21
5324 21
5325 21
5326 21
5327 21
5328 21
5329 21
5330 21
5331 21
5332 21
5333 21
5334 21
5335 21
5336 21
5337 21
5338 21
5339 21
5340 21
5341 21
5342 21
5343 21
5344 21
5345 21
5346 21
5347 21
5348 21
5349 21
5350 21
5351 21
5352 21
5353 21
5354 21
5355 21
5356 21
5357 21
5358 21
5359 21
5360 21
5361 21
5362 21
5363 21
5364 21
5365 21
5366 21
5367 21
5368 21
5369 21
5370 21
5371 21
5372 21
5373 21
5374 21
5375 21
5376 21
5377 21
5378 21
5379 21
5380 21
5381 20
5382 18
5383 17
5384 14
5385 14
5386 14
5387 14
5388 14
5389 14
5390 14
5391 14
5392 14
5393 14
5394 14
5395 14
5396 14
5397 14
5398 14
5399 14
5400 14
5401 14
5402 14
5403 14
5404 14
5405 14
5406 14
5407 14
5408 14
5409 14
5410 14
5411 14
5412 14
5413 14
5414 14
5415 14
5416 14
5417 14
5418 14
5419 14
5420 14
5421 14
5422 14
5423 14
5424 14
5425 14
5426 14
5427 14
5428 14
5429 14
5430 14
5431 14
5432 14
5433 14
5434 14
5435 14
5436 14
5437 14
5438 14
5439 14
5440 14
5441 14
5442 14
5443 14
5444 14
5445 14
5446 14
5447 14
5448 14
5449 14
5450 14
5451 14
5452 14
5453 14
5454 13
5455 12
5456 12
5457 12
5458 12
5459 12
5460 12
5461 12
5462 12
5463 12
5464 12
5465 12
5466 12
5467 12
5468 12
5469 12
5470 12
5471 12
5472 12
5473 12
5474 12
5475 12
5476 12
5477 12
5478 12
5479 12
5480 12
5481 12
5482 12
5483 12
5484 12
5485 12
5486 12
5487 12
5488 12
5489 12
5490 12
5491 12
5492 12
5493 12
5494 12
5495 12
5496 12
5497 12
5498 12
5499 12
5500 12
5501 12
5502 12
5503 12
5504 12
5505 12
5506 12
5507 12
5508 12
5509 12
5510 12
5511 12
5512 12
5513 12
5514 12
5515 12
5516 12
5517 12
5518 12
5519 12
5520 12
5521 12
5522 12
5523 12
5524 12
5525 12
5526 12
5527 12
5528 10
5529 10
5530 10
5531 10
5532 10
5533 10
5534 10
5535 10
5536 10
5537 10
5538 10
5539 10
5540 10
5541 10
5542 10
5543 10
5544 10
5545 10
5546 10
5547 10
5548 10
5549 10
5550 10
5551 10
5552 10
5553 10
5554 10
5555 10
5556 10
5557 10
5558 10
5559 10
5560 10
5561 10
5562 10
5563 10
5564 10
5565 10
5566 10
5567 10
5568 10
5569 10
5570 10
5571 10
5572 10
5573 10
5574 10
5575 10
5576 10
5577 10
5578 10
5579 10
5580 10
5581 10
5582 10
5583 10
5584 10
5585 10
5586 10
5587 10
5588 10
5589 10
5590 10
5591 10
5592 10
5593 10
5594 10
5595 10
5596 10
5597 9
5598 9
5599 9
5600 9
5601 9
5602 9
5603 9
5604 9
5605 9
5606 9
5607 9
5608 9
5609 9
5610 9
5611 9
5612 9
5613 9
5614 9
5615 9
5616 9
5617 9
5618 9
5619 9
5620 9
5621 9
5622 9
5623 9
5624 9
5625 9
5626 9
5627 9
5628 9
5629 9
5630 9
5631 9
5632 9
5633 9
5634 9
5635 9
5636 9
5637 9
5638 9
5639 9
5640 9
5641 9
5642 9
5643 9
5644 9
5645 9
5646 9
5647 9
5648 9
5649 9
5650 9
5651 9
5652 9
5653 9
5654 9
5655 9
5656 9
5657 9
5658 9
5659 9
5660 9
5661 9
5662 9
5663 9
5664 9
5665 9
5666 9
5667 9
5668 9
5669 9
5670 9
5671 9
5672 9
5673 9
5674 9
5675 9
5676 9
5677 9
5678 9
5679 9
5680 9
5681 9
5682 9
5683 9
5684 9
5685 9
5686 9
5687 9
5688 9
5689 9
5690 9
5691 9
5692 9
5693 9
5694 9
5695 9
5696 9
5697 9
5698 9
5699 9
5700 9
5701 9
5702 9
5703 9
5704 9
5705 9
5706 9
5707 9
5708 9
5709 9
5710 9
5711 9
5712 9
5713 9
5714 9
5715 9
5716 9
5717 9
5718 9
5719 9
5720 9
5721 9
5722 9
5723 9
5724 9
5725 9
5726 9
5727 9
5728 9
5729 9
5730 9
5731 9
5732 9
5733 9
5734 9
5735 9
5736 9
5737 9
5738 9
5739 9
5740 9
5741 9
5742 9
5743 9
5744 9
5745 9
5746 9
5747 9
5748 9
5749 9
5750 9
5751 9
5752 9
5753 9
5754 9
5755 9
5756 9
5757 9
5758 9
5759 9
5760 9
5761 9
5762 9
5763 9
5764 9
5765 9
5766 9
5767 9
5768 9
5769 9
5770 9
5771 9
5772 9
5773 9
5774 9
5775 9
5776 9
5777 9
5778 9
5779 9
5780 9
5781 9
5782 9
5783 9
5784 9
5785 9
5786 9
5787 9
5788 9
5789 9
5790 9
5791 9
5792 9
5793 9
5794 9
5795 9
5796 9
5797 9
5798 9
5799 9
5800 9
5801 9
5802 9
5803 9
5804 9
5805 9
5806 9
5807 9
5808 9
5809 9
5810 9
5811 9
5812 9
5813 9
5814 9
5815 9
5816 9
5817 9
5818 9
5819 9
5820 9
5821 9
5822 9
5823 9
5824 9
5825 9
5826 9
5827 9
5828 9
5829 9
5830 9
5831 9
5832 9
5833 9
5834 9
5835 9
5836 9
5837 9
5838 9
5839 9
5840 9
5841 9
5842 9
5843 9
5844 9
5845 9
5846 9
5847 9
5848 9
5849 9
5850 9
5851 9
5852 9
5853 9
5854 9
5855 9
5856 9
5857 9
5858 9
5859 9
5860 9
5861 9
5862 9
5863 9
5864 9
5865 9
5866 9
5867 9
5868 9
5869 9
5870 9
5871 9
5872 9
5873 9
5874 9
5875 9
5876 9
5877 9
5878 9
5879 9
5880 9
5881 9
5882 9
5883 9
5884 9
5885 9
5886 8
5887 7
5888 7
5889 7
5890 7
5891 7
5892 7
5893 7
5894 7
5895 7
5896 7
5897 7
5898 7
5899 7
5900 7
5901 7
5902 7
5903 7
5904 7
5905 7
5906 7
5907 7
5908 7
5909 7
5910 7
5911 7
5912 7
5913 7
5914 7
5915 7
5916 7
5917 7
5918 7
5919 7
5920 7
5921 7
5922 7
5923 7
5924 7
5925 7
5926 7
5927 7
5928 7
5929 7
5930 7
5931 7
5932 7
5933 7
5934 7
5935 7
5936 7
5937 7
5938 7
5939 7
5940 7
5941 7
5942 7
5943 7
5944 7
5945 7
5946 7
5947 7
5948 7
5949 7
5950 7
5951 7
5952 7
5953 7
5954 7
5955 7
5956 7
5957 7
5958 7
5959 7
5960 7
5961 7
5962 7
5963 7
5964 7
5965 7
5966 7
5967 7
5968 7
5969 7
5970 7
5971 7
5972 7
5973 7
5974 7
5975 7
5976 7
5977 7
5978 7
5979 7
5980 7
5981 7
5982 7
5983 7
5984 7
5985 7
5986 7
5987 7
5988 7
5989 7
5990 7
5991 7
5992 7
5993 7
5994 7
5995 7
5996 7
5997 7
5998 7
5999 7
6000 7
6001 7
6002 7
6003 7
6004 7
6005 7
6006 7
6007 7
6008 7
6009 7
6010 7
6011 7
6012 7
6013 7
6014 7
6015 7
6016 7
6017 7
6018 7
6019 7
6020 7
6021 7
6022 7
6023 7
6024 7
6025 7
6026 7
6027 7
6028 7
6029 7
6030 7
6031 7
6032 7
6033 7
6034 7
6035 7
6036 7
6037 7
6038 7
6039 7
6040 7
6041 7
6042 7
6043 7
6044 7
6045 7
6046 7
6047 7
6048 7
6049 7
6050 7
6051 7
6052 7
6053 7
6054 7
6055 7
6056 7
6057 7
6058 7
6059 7
6060 7
6061 7
6062 7
6063 7
6064 7
6065 7
6066 7
6067 7
6068 7
6069 7
6070 7
6071 7
6072 7
6073 7
6074 7
6075 7
6076 7
6077 7
6078 7
6079 7
6080 7
6081 7
6082 7
6083 7
6084 7
6085 7
6086 7
6087 7
6088 7
6089 7
6090 7
6091 7
6092 7
6093 7
6094 7
6095 7
6096 7
6097 7
6098 7
6099 7
6100 7
6101 7
6102 7
6103 7
6104 7
6105 7
6106 7
6107 7
6108 7
6109 7
6110 7
6111 7
6112 7
6113 7
6114 7
6115 7
6116 7
6117 7
6118 7
6119 7
6120 7
6121 7
6122 7
6123 7
6124 7
6125 7
6126 7
6127 7
6128 7
6129 7
6130 7
6131 7
6132 7
6133 7
6134 7
6135 7
6136 7
6137 7
6138 7
6139 7
6140 7
6141 7
6142 7
6143 7
6144 7
6145 7
6146 7
6147 7
6148 7
6149 7
6150 7
6151 7
6152 7
6153 7
6154 7
6155 7
6156 7
6157 7
6158 7
6159 7
6160 7
6161 7
6162 7
6163 7
6164 7
6165 7
6166 7
6167 7
6168 7
6169 7
6170 7
6171 7
6172 7
6173 7
6174 7
6175 7
6176 7
6177 7
6178 6
6179 6
6180 6
6181 6
6182 6
6183 6
6184 6
6185 6
6186 6
6187 6
6188 6
6189 6
6190 6
6191 6
6192 6
6193 6
6194 6
6195 6
6196 6
6197 6
6198 6
6199 6
6200 6
6201 6
6202 6
6203 6
6204 6
6205 6
6206 6
6207 6
6208 6
6209 6
6210 6
6211 6
6212 6
6213 6
6214 6
6215 6
6216 6
6217 6
6218 6
6219 6
6220 6
6221 6
6222 6
6223 6
6224 6
6225 6
6226 6
6227 6
6228 6
6229 6
6230 6
6231 6
6232 6
6233 6
6234 6
6235 6
6236 6
6237 6
6238 6
6239 6
6240 6
6241 6
6242 6
6243 6
6244 6
6245 6
6246 6
6247 6
6248 5
6249 5
6250 5
6251 4
6252 4
6253 4
6254 4
6255 4
6256 4
6257 4
6258 4
6259 4
6260 4
6261 4
6262 4
6263 4
6264 4
6265 4
6266 4
6267 4
6268 4
6269 4
6270 4
6271 4
6272 4
6273 4
6274 4
6275 4
6276 4
6277 4
6278 4
6279 4
6280 4
6281 4
6282 4
6283 4
6284 4
6285 4
6286 4
6287 4
6288 4
6289 4
6290 4
6291 4
6292 4
6293 4
6294 4
6295 4
6296 4
6297 4
6298 4
6299 4
6300 4
6301 4
6302 4
6303 4
6304 4
6305 4
6306 4
6307 4
6308 4
6309 4
6310 4
6311 4
6312 4
6313 4
6314 4
6315 4
6316 4
6317 4
6318 4
6319 4
6320 4
6321 4
6322 4
6323 4
6324 4
6325 4
6326 4
6327 4
6328 4
6329 4
6330 4
6331 4
6332 4
6333 4
6334 4
6335 4
6336 4
6337 4
6338 4
6339 4
6340 4
6341 4
6342 4
6343 4
6344 4
6345 4
6346 4
6347 4
6348 4
6349 4
6350 4
6351 4
6352 4
6353 4
6354 4
6355 4
6356 4
6357 4
6358 4
6359 4
6360 4
6361 4
6362 4
6363 4
6364 4
6365 4
6366 4
6367 4
6368 4
6369 4
6370 4
6371 4
6372 4
6373 4
6374 4
6375 4
6376 4
6377 4
6378 4
6379 4
6380 4
6381 4
6382 4
6383 4
6384 4
6385 4
6386 4
6387 4
6388 4
6389 4
6390 4
6391 4
6392 3
6393 3
6394 3
6395 3
6396 3
6397 3
6398 3
6399 3
6400 3
6401 3
6402 3
6403 3
6404 3
6405 3
6406 3
6407 3
6408 3
6409 3
6410 3
6411 3
6412 3
6413 3
6414 3
6415 3
6416 3
6417 3
6418 3
6419 3
6420 3
6421 3
6422 3
6423 3
6424 3
6425 3
6426 3
6427 3
6428 3
6429 3
6430 3
6431 3
6432 3
6433 3
6434 3
6435 3
6436 3
6437 3
6438 3
6439 3
6440 3
6441 3
6442 3
6443 3
6444 3
6445 3
6446 3
6447 3
6448 3
6449 3
6450 3
6451 3
6452 3
6453 3
6454 3
6455 3
6456 3
6457 3
6458 3
6459 3
6460 3
6461 3
6462 3
6463 3
6464 3
6465 3
6466 3
6467 3
6468 3
6469 3
6470 3
6471 3
6472 3
6473 3
6474 3
6475 3
6476 3
6477 3
6478 3
6479 3
6480 3
6481 3
6482 3
6483 3
6484 3
6485 3
6486 3
6487 3
6488 3
6489 3
6490 3
6491 3
6492 3
6493 3
6494 3
6495 3
6496 3
6497 3
6498 3
6499 3
6500 3
6501 3
6502 3
6503 3
6504 3
6505 3
6506 3
6507 3
6508 3
6509 3
6510 3
6511 3
6512 3
6513 3
6514 3
6515 3
6516 3
6517 3
6518 3
6519 3
6520 3
6521 3
6522 3
6523 3
6524 3
6525 3
6526 3
6527 3
6528 3
6529 3
6530 3
6531 3
6532 3
6533 3
6534 3
6535 3
6536 3
6537 3
6538 3
6539 3
6540 3
6541 3
6542 3
6543 3
6544 3
6545 3
6546 3
6547 3
6548 3
6549 3
6550 3
6551 3
6552 3
6553 12
6554 16
6555 16
6556 16
6557 16
6558 16
6559 16
6560 16
6561 16
6562 16
6563 16
6564 16
6565 16
6566 16
6567 16
6568 16
6569 16
6570 16
6571 16
6572 16
6573 16
6574 16
6575 16
6576 16
6577 16
6578 16
6579 16
6580 16
6581 16
6582 16
6583 16
6584 16
6585 16
6586 16
6587 16
6588 16
6589 16
6590 16
6591 16
6592 16
6593 16
6594 16
6595 16
6596 16
6597 16
6598 16
6599 16
6600 16
6601 16
6602 15
6603 15
6604 15
6605 14
6606 14
6607 14
6608 14
6609 14
6610 14
6611 14
6612 14
6613 14
6614 14
6615 14
6616 14
6617 14
6618 14
6619 14
6620 14
6621 14
6622 14
6623 14
6624 14
6625 14
6626 14
6627 14
6628 14
6629 14
6630 14
6631 14
6632 14
6633 14
6634 14
6635 14
6636 14
6637 14
6638 14
6639 14
6640 14
6641 14
6642 14
6643 14
6644 14
6645 14
6646 14
6647 14
6648 14
6649 14
6650 14
6651 14
6652 14
6653 14
6654 14
6655 14
6656 14
6657 14
6658 14
6659 14
6660 14
6661 14
6662 14
6663 14
6664 14
6665 14
6666 14
6667 14
6668 14
6669 14
6670 14
6671 14
6672 14
6673 14
6674 14
6675 14
6676 13
6677 13
6678 13
6679 13
6680 13
6681 13
6682 13
6683 13
6684 13
6685 13
6686 13
6687 13
6688 13
6689 13
6690 13
6691 13
6692 13
6693 13
6694 13
6695 13
6696 13
6697 13
6698 13
6699 13
6700 13
6701 13
6702 13
6703 13
6704 13
6705 13
6706 13
6707 13
6708 13
6709 13
6710 13
6711 13
6712 13
6713 13
6714 13
6715 13
6716 13
6717 13
6718 13
6719 13
6720 13
6721 13
6722 13
6723 13
6724 13
6725 13
6726 13
6727 13
6728 13
6729 13
6730 13
6731 13
6732 13
6733 13
6734 13
6735 13
6736 13
6737 13
6738 13
6739 13
6740 12
6741 12
6742 10
6743 10
6744 10
6745 10
6746 10
6747 10
6748 10
6749 10
6750 10
6751 10
6752 10
6753 10
6754 10
6755 10
6756 10
6757 10
6758 10
6759 10
6760 10
6761 10
6762 10
6763 10
6764 10
6765 10
6766 10
6767 10
6768 10
6769 10
6770 10
6771 10
6772 10
6773 10
6774 10
6775 10
6776 10
6777 10
6778 10
6779 10
6780 10
6781 10
6782 10
6783 10
6784 10
6785 10
6786 10
6787 10
6788 10
6789 10
6790 10
6791 10
6792 10
6793 10
6794 10
6795 10
6796 10
6797 10
6798 10
6799 10
6800 10
6801 10
6802 10
6803 10
6804 10
6805 10
6806 10
6807 10
6808 10
6809 10
6810 10
6811 10
6812 10
6813 10
6814 10
6815 10
6816 10
6817 10
6818 10
6819 10
6820 10
6821 10
6822 10
6823 10
6824 10
6825 10
6826 10
6827 10
6828 10
6829 10
6830 10
6831 10
6832 10
6833 10
6834 10
6835 10
6836 10
6837 10
6838 10
6839 10
6840 10
6841 10
6842 10
6843 10
6844 10
6845 10
6846 10
6847 10
6848 10
6849 10
6850 10
6851 10
6852 10
6853 10
6854 10
6855 10
6856 10
6857 10
6858 10
6859 10
6860 10
6861 10
6862 10
6863 10
6864 10
6865 10
6866 10
6867 10
6868 10
6869 10
6870 10
6871 10
6872 10
6873 10
6874 10
6875 10
6876 10
6877 10
6878 10
6879 10
6880 10
6881 10
6882 10
6883 10
6884 10
6885 10
6886 10
6887 10
6888 10
6889 10
6890 10
6891 10
6892 10
6893 10
6894 10
6895 10
6896 10
6897 10
6898 10
6899 10
6900 10
6901 10
6902 10
6903 10
6904 10
6905 10
6906 10
6907 10
6908 10
6909 10
6910 10
6911 10
6912 10
6913 10
6914 10
6915 10
6916 10
6917 10
6918 10
6919 10
6920 10
6921 10
6922 10
6923 10
6924 10
6925 10
6926 10
6927 10
6928 10
6929 10
6930 10
6931 10
6932 10
6933 10
6934 10
6935 10
6936 10
6937 10
6938 10
6939 10
6940 10
6941 10
6942 10
6943 10
6944 10
6945 10
6946 10
6947 10
6948 10
6949 10
6950 10
6951 10
6952 10
6953 10
6954 10
6955 10
6956 10
6957 10
6958 10
6959 10
6960 10
6961 10
6962 9
6963 9
6964 9
6965 9
6966 9
6967 9
6968 9
6969 9
6970 9
6971 9
6972 9
6973 9
6974 9
6975 9
6976 9
6977 9
6978 9
6979 9
6980 9
6981 9
6982 9
6983 9
6984 9
6985 9
6986 9
6987 9
6988 9
6989 9
6990 9
6991 9
6992 9
6993 9
6994 9
6995 9
6996 9
6997 9
6998 9
6999 9
7000 9
7001 9
7002 9
7003 9
7004 9
7005 9
7006 9
7007 9
7008 9
7009 9
7010 9
7011 9
7012 9
7013 9
7014 9
7015 9
7016 9
7017 9
7018 9
7019 9
7020 9
7021 9
7022 9
7023 9
7024 9
7025 9
7026 9
7027 9
7028 9
7029 9
7030 9
7031 9
7032 9
7033 9
7034 9
7035 9
7036 9
7037 9
7038 9
7039 9
7040 9
7041 9
7042 9
7043 9
7044 9
7045 9
7046 9
7047 9
7048 9
7049 9
7050 9
7051 9
7052 9
7053 9
7054 9
7055 9
7056 9
7057 9
7058 9
7059 9
7060 9
7061 9
7062 9
7063 9
7064 9
7065 9
7066 9
7067 9
7068 9
7069 9
7070 9
7071 9
7072 9
7073 9
7074 9
7075 9
7076 9
7077 9
7078 9
7079 9
7080 9
7081 9
7082 9
7083 9
7084 9
7085 9
7086 9
7087 9
7088 9
7089 9
7090 9
7091 9
7092 9
7093 9
7094 9
7095 9
7096 9
7097 9
7098 9
7099 9
7100 9
7101 9
7102 9
7103 9
7104 9
7105 9
7106 9
7107 8
7108 8
7109 8
7110 8
7111 8
7112 8
7113 8
7114 8
7115 8
7116 8
7117 8
7118 8
7119 8
7120 8
7121 8
7122 8
7123 8
7124 8
7125 8
7126 8
7127 8
7128 8
7129 8
7130 8
7131 8
7132 8
7133 8
7134 8
7135 8
7136 8
7137 8
7138 8
7139 8
7140 8
7141 8
7142 8
7143 8
7144 8
7145 8
7146 8
7147 8
7148 8
7149 8
7150 8
7151 8
7152 8
7153 8
7154 8
7155 8
7156 8
7157 8
7158 8
7159 8
7160 8
7161 8
7162 8
7163 8
7164 8
7165 8
7166 8
7167 8
7168 8
7169 8
7170 8
7171 8
7172 8
7173 8
7174 8
7175 8
7176 8
7177 8
7178 8
7179 8
7180 8
7181 8
7182 8
7183 8
7184 8
7185 8
7186 8
7187 8
7188 8
7189 8
7190 8
7191 8
7192 8
7193 8
7194 8
7195 8
7196 8
7197 8
7198 8
7199 8
7200 8
7201 8
7202 8
7203 8
7204 8
7205 8
7206 8
7207 8
7208 8
7209 8
7210 8
7211 8
7212 8
7213 8
7214 8
7215 8
7216 8
7217 8
7218 8
7219 8
7220 8
7221 8
7222 8
7223 8
7224 8
7225 8
7226 8
7227 8
7228 8
7229 8
7230 8
7231 8
7232 8
7233 8
7234 8
7235 8
7236 8
7237 8
7238 8
7239 8
7240 8
7241 8
7242 8
7243 8
7244 8
7245 8
7246 8
7247 8
7248 8
7249 8
7250 8
7251 8
7252 8
7253 8
7254 8
7255 8
7256 8
7257 8
7258 8
7259 8
7260 8
7261 8
7262 8
7263 8
7264 8
7265 8
7266 8
7267 8
7268 8
7269 8
7270 8
7271 8
7272 8
7273 8
7274 8
7275 8
7276 8
7277 8
7278 8
7279 8
7280 8
7281 8
7282 8
7283 8
7284 8
7285 8
7286 8
7287 8
7288 8
7289 8
7290 8
7291 8
7292 8
7293 8
7294 8
7295 8
7296 8
7297 8
7298 8
7299 8
7300 8
7301 8
7302 8
7303 8
7304 8
7305 8
7306 8
7307 8
7308 8
7309 8
7310 8
7311 8
7312 8
7313 8
7314 8
7315 8
7316 8
7317 8
7318 8
7319 8
7320 8
7321 8
7322 8
7323 8
7324 8
7325 8
7326 8
7327 8
7328 8
7329 8
7330 8
7331 8
7332 7
7333 6
7334 6
7335 6
7336 6
7337 6
7338 6
7339 6
7340 6
7341 6
7342 6
7343 6
7344 6
7345 6
7346 6
7347 6
7348 6
7349 6
7350 6
7351 6
7352 6
7353 6
7354 6
7355 6
7356 6
7357 6
7358 6
7359 6
7360 6
7361 6
7362 6
7363 6
7364 6
7365 6
7366 6
7367 6
7368 6
7369 6
7370 6
7371 6
7372 6
7373 6
7374 6
7375 6
7376 6
7377 6
7378 6
7379 6
7380 6
7381 6
7382 6
7383 6
7384 6
7385 6
7386 6
7387 6
7388 6
7389 6
7390 6
7391 6
7392 6
7393 6
7394 6
7395 6
7396 6
7397 6
7398 6
7399 6
7400 6
7401 6
7402 6
7403 6
7404 6
7405 6
7406 6
7407 6
7408 5
7409 5
7410 5
7411 5
7412 5
7413 5
7414 5
7415 5
7416 5
7417 5
7418 5
7419 5
7420 5
7421 5
7422 5
7423 5
7424 5
7425 5
7426 5
7427 5
7428 5
7429 5
7430 5
7431 5
7432 5
7433 5
7434 5
7435 5
7436 5
7437 5
7438 5
7439 5
7440 5
7441 5
7442 5
7443 5
7444 5
7445 5
7446 5
7447 5
7448 5
7449 5
7450 5
7451 5
7452 5
7453 5
7454 5
7455 5
7456 5
7457 5
7458 5
7459 5
7460 5
7461 5
7462 5
7463 5
7464 5
7465 5
7466 5
7467 5
7468 5
7469 5
7470 5
7471 5
7472 5
7473 5
7474 5
7475 5
7476 5
7477 5
7478 5
7479 5
7480 5
7481 5
7482 5
7483 5
7484 5
7485 5
7486 5
7487 5
7488 5
7489 5
7490 5
7491 5
7492 5
7493 5
7494 5
7495 5
7496 5
7497 5
7498 5
7499 5
7500 5
7501 5
7502 5
7503 5
7504 5
7505 5
7506 5
7507 5
7508 5
7509 5
7510 5
7511 5
7512 5
7513 5
7514 5
7515 5
7516 5
7517 5
7518 5
7519 5
7520 5
7521 5
7522 5
7523 5
7524 5
7525 5
7526 5
7527 5
7528 5
7529 5
7530 5
7531 5
7532 5
7533 5
7534 5
7535 5
7536 5
7537 5
7538 5
7539 5
7540 5
7541 5
7542 5
7543 5
7544 5
7545 5
7546 5
7547 5
7548 5
7549 5
7550 5
7551 5
7552 5
7553 5
7554 4
7555 4
7556 4
7557 4
7558 4
7559 4
7560 4
7561 4
7562 4
7563 4
7564 4
7565 4
7566 4
7567 4
7568 4
7569 4
7570 4
7571 4
7572 4
7573 4
7574 4
7575 4
7576 4
7577 4
7578 4
7579 4
7580 4
7581 4
7582 4
7583 4
7584 4
7585 4
7586 4
7587 4
7588 4
7589 4
7590 4
7591 4
7592 4
7593 4
7594 4
7595 4
7596 4
7597 4
7598 4
7599 4
7600 4
7601 4
7602 4
7603 4
7604 4
7605 4
7606 4
7607 4
7608 4
7609 4
7610 4
7611 4
7612 4
7613 4
7614 4
7615 4
7616 4
7617 4
7618 4
7619 4
7620 4
7621 4
7622 4
7623 4
7624 4
7625 4
7626 4
7627 4
7628 4
7629 4
7630 4
7631 4
7632 3
7633 3
7634 3
7635 3
7636 3
7637 3
7638 3
7639 3
7640 3
7641 3
7642 3
7643 3
7644 3
7645 3
7646 3
7647 3
7648 3
7649 3
7650 3
7651 3
7652 3
7653 3
7654 3
7655 3
7656 3
7657 3
7658 3
7659 3
7660 3
7661 3
7662 3
7663 3
7664 3
7665 3
7666 3
7667 3
7668 3
7669 3
7670 3
7671 3
7672 3
7673 3
7674 3
7675 3
7676 3
7677 3
7678 3
7679 3
7680 3
7681 3
7682 3
7683 3
7684 3
7685 3
7686 3
7687 3
7688 3
7689 3
7690 3
7691 3
7692 3
7693 3
7694 3
7695 3
7696 3
7697 3
7698 3
7699 3
7700 3
7701 3
7702 3
7703 3
7704 3
7705 3
7706 3
7707 3
7708 2
7709 2
7710 2
7711 2
7712 2
7713 2
7714 2
7715 2
7716 2
7717 2
7718 2
7719 2
7720 2
7721 2
7722 2
7723 2
7724 2
7725 2
7726 2
7727 2
7728 2
7729 2
7730 2
7731 2
7732 2
7733 2
7734 2
7735 2
7736 2
7737 2
7738 2
7739 2
7740 2
7741 2
7742 2
7743 2
7744 2
7745 2
7746 2
7747 2
7748 2
7749 2
7750 2
7751 2
7752 2
7753 2
7754 2
7755 2
7756 2
7757 2
7758 2
7759 2
7760 2
7761 2
7762 2
7763 2
7764 2
7765 2
7766 2
7767 2
7768 2
7769 2
7770 2
7771 2
7772 2
7773 2
7774 2
7775 2
7776 2
7777 2
7778 2
7779 2
7780 2
7781 2
7782 1
7783 1
7784 1
7785 1
7786 1
7787 1
7788 1
7789 1
7790 1
7791 1
7792 1
7793 1
7794 1
7795 1
7796 1
7797 1
7798 1
7799 1
7800 1
7801 1
7802 1
7803 1
7804 1
7805 1
7806 1
7807 1
7808 1
7809 1
7810 1
7811 1
7812 1
7813 1
7814 1
7815 1
7816 1
7817 1
7818 1
7819 1
7820 1
7821 1
7822 1
7823 1
7824 1
7825 1
7826 1
7827 1
7828 1
7829 1
7830 1
7831 1
7832 1
7833 1
7834 1
7835 1
7836 1
7837 1
7838 1
7839 1
7840 1
7841 1
7842 1
7843 1
7844 1
7845 1
7846 1
7847 1
7848 1
7849 1
7850 1
7851 1
7852 1
7853 1
7854 1
7855 1
7856 1
7857 1
7858 1
7859 1
7860 1
7861 1
7862 1
7863 1
7864 1
7865 1
7866 1
7867 1
7868 1
7869 1
7870 1
7871 1
7872 1
7873 1
7874 1
7875 1
7876 1
7877 1
7878 1
7879 1
7880 1
7881 1
7882 1
7883 1
7884 1
7885 1
7886 1
7887 1
7888 1
7889 1
7890 1
7891 1
7892 1
7893 1
7894 1
7895 1
7896 1
7897 1
7898 1
7899 1
7900 1
7901 1
7902 1
7903 1
7904 1
7905 1
7906 1
7907 1
7908 1
7909 1
7910 1
7911 1
7912 1
7913 1
7914 1
7915 1
7916 1
7917 1
7918 1
7919 1
7920 1
7921 1
7922 1
7923 1
7924 1
7925 1
7926 1
7927 1
7928 1
7929 1
7930 1
7931 1
7932 1
7933 1
7934 1
7935 1
7936 1
7937 1
7938 1
7939 1
7940 1
7941 1
7942 1
7943 1
7944 1
7945 1
7946 1
7947 1
7948 1
7949 1
7950 1
7951 1
7952 1
7953 1
7954 1
7955 1
7956 1
7957 1
7958 1
7959 1
7960 1
7961 1
7962 1
7963 1
7964 1
7965 1
7966 1
7967 1
7968 1
7969 1
7970 1
7971 1
7972 1
7973 1
7974 1
7975 1
7976 1
7977 1
7978 1
7979 1
7980 1
7981 1
7982 1
7983 1
7984 1
7985 1
7986 1
7987 1
7988 1
7989 1
7990 1
7991 1
7992 1
7993 1
7994 1
7995 1
7996 1
7997 1
7998 1
7999 1
8000 1
8001 1
8002 1
8003 1
8004 1
8005 1
8006 1
8007 1
8008 1
8009 1
8010 1
8011 1
8012 1
8013 1
8014 1
8015 1
8016 1
8017 1
8018 1
8019 1
8020 1
8021 1
8022 1
8023 1
8024 1
8025 1
8026 1
8027 1
8028 1
8029 1
8030 1
8031 1
8032 1
8033 1
8034 1
8035 1
8036 1
8037 1
8038 1
8039 1
8040 1
8041 1
8042 1
8043 1
8044 1
8045 1
8046 1
8047 1
8048 1
8049 1
8050 1
8051 1
8052 1
8053 1
8054 1
8055 1
8056 1
8057 1
8058 1
8059 1
8060 1
8061 1
8062 1
8063 1
8064 1
8065 1
8066 1
8067 1
8068 1
8069 1
8070 1
8071 1
8072 1
8073 1
8074 1
8075 1
8076 1
8077 1
8078 1
8079 1
8080 1
8081 1
8082 1
8083 1
8084 1
8085 1
8086 1
8087 1
8088 1
8089 1
8090 1
8091 1
8092 1
8093 1
8094 1
8095 1
8096 1
8097 1
8098 1
8099 1
8100 1
8101 1
8102 1
8103 1
8104 1
8105 1
8106 1
8107 1
8108 1
8109 1
8110 1
8111 1
8112 1
8113 1
8114 1
8115 1
8116 1
8117 1
8118 1
8119 1
8120 1
8121 1
8122 1
8123 1
8124 1
8125 1
8126 1
8127 1
8128 1
8129 1
8130 1
8131 1
8132 1
8133 1
8134 1
8135 1
8136 1
8137 1
8138 1
8139 1
8140 1
8141 1
8142 1
8143 1
8144 1
8145 1
8146 1
8147 1
8148 1
8149 1
8150 1
8151 1
8152 1
8153 1
8154 1
8155 1
8156 1
8157 1
8158 1
8159 1
8160 1
8161 1
8162 1
8163 1
8164 1
8165 1
8166 1
8167 1
8168 1
8169 1
8170 1
8171 1
8172 1
8173 1
8174 1
8175 1
8176 1
8177 1
8178 1
8179 1
8180 1
8181 1
8182 1
8183 1
8184 1
8185 1
8186 1
8187 1
8188 1
8189 1
8190 1
8191 1
8192 1
8193 1
8194 1
8195 1
8196 1
8197 1
8198 1
8199 1
8200 1
8201 1
8202 1
8203 1
8204 1
8205 1
8206 1
8207 1
8208 1
8209 1
8210 1
8211 1
8212 1
8213 1
8214 1
8215 1
8216 1
8217 1
8218 1
8219 1
8220 1
8221 1
8222 1
8223 1
8224 1
8225 1
8226 1
8227 1
8228 1
8229 1
8230 1
8231 1
8232 1
8233 1
8234 1
8235 1
8236 1
8237 1
8238 1
8239 1
8240 1
8241 1
8242 1
8243 1
8244 1
8245 1
8246 1
8247 1
8248 1
8249 1
8250 1
8251 1
8252 1
8253 1
8254 1
8255 1
8256 1
8257 1
8258 1
8259 1
8260 1
8261 1
8262 1
8263 1
8264 1
8265 1
8266 1
8267 1
8268 1
8269 1
8270 1
8271 1
8272 1
8273 1
8274 1
8275 1
8276 1
8277 1
8278 1
8279 1
8280 1
8281 1
8282 1
8283 1
8284 1
8285 1
8286 1
8287 1
8288 1
8289 1
8290 1
8291 1
8292 1
8293 1
8294 1
8295 1
8296 1
8297 1
8298 1
8299 1
8300 1
8301 1
8302 1
8303 1
8304 1
8305 1
8306 1
8307 1
8308 1
8309 1
8310 1
8311 1
8312 1
8313 1
8314 1
8315 1
8316 1
8317 1
8318 1
8319 1
8320 1
8321 1
8322 1
8323 1
8324 1
8325 1
8326 1
8327 1
8328 1
8329 1
8330 1
8331 1
8332 1
8333 1
8334 1
8335 1
8336 1
8337 1
8338 1
8339 1
8340 1
8341 1
8342 1
8343 1
8344 1
8345 1
8346 1
8347 1
8348 1
8349 1
8350 1
8351 1
8352 1
8353 1
8354 1
8355 1
8356 1
8357 1
8358 1
8359 1
8360 1
8361 1
8362 1
8363 1
8364 1
8365 1
8366 1
8367 1
8368 1
8369 1
8370 1
8371 1
8372 1
8373 1
8374 1
8375 1
8376 1
8377 1
8378 1
8379 1
8380 1
8381 1
8382 1
8383 1
8384 1
8385 1
8386 1
8387 1
8388 1
8389 1
8390 1
8391 1
8392 1
8393 1
8394 1
8395 1
8396 1
8397 1
8398 1
8399 1
8400 1
8401 1
8402 1
8403 1
8404 1
8405 1
8406 1
8407 1
8408 1
8409 1
8410 1
8411 1
8412 1
8413 1
8414 1
8415 1
8416 1
8417 1
8418 1
8419 1
8420 1
8421 1
8422 1
8423 1
8424 1
8425 1
8426 1
8427 1
8428 1
8429 1
8430 1
8431 1
8432 1
8433 1
8434 1
8435 1
8436 1
8437 1
8438 1
8439 1
8440 1
8441 1
8442 1
8443 1
8444 0
8445 0
8446 0
8447 0
8448 0
8449 0
8450 0
8451 0
8452 0
8453 0
8454 0
8455 0
8456 0
8457 0
8458 0
8459 0
8460 0
8461 0
8462 0
8463 0
8464 0
8465 0
8466 0
8467 0
8468 0
8469 0
8470 0
8471 0
8472 0
8473 0
8474 0
8475 0
8476 0
8477 0
8478 0
8479 0
8480 0
8481 0
8482 0
8483 0
8484 0
8485 0
8486 0
8487 0
8488 0
8489 0
8490 0
8491 0
8492 0
8493 0
8494 0
8495 0
8496 0
8497 0
8498 0
8499 0
8500 0
8501 0
8502 0
8503 0
8504 0
8505 0
8506 0
8507 0
8508 0
8509 0
8510 0
8511 0
8512 0
8513 0
8514 0
8515 0
8516 0
8517 0
8518 0
8519 0
8520 0
8521 0
8522 0
8523 0
8524 0
8525 0
8526 0
8527 0
8528 0
8529 0
8530 0
8531 0
8532 0
8533 0
8534 0
8535 0
8536 0
8537 0
8538 0
8539 0
8540 0
8541 0
8542 0
8543 0
8544 0
8545 0
8546 0
8547 0
8548 0
8549 0
8550 0
8551 0
8552 0
8553 0
8554 0
8555 0
8556 0
8557 0
8558 0
8559 0
8560 0
8561 0
8562 0
8563 0
8564 0
8565 0
8566 0
8567 0
8568 0
8569 0
8570 0
8571 0
8572 0
8573 0
8574 0
8575 0
8576 0
8577 0
8578 0
8579 0
8580 0
8581 0
8582 0
8583 0
8584 0
8585 0
8586 0
8587 0
8588 0
8589 0
8590 0
8591 0
8592 0
8593 0
8594 0
8595 0
8596 0
8597 0
8598 0
8599 0
8600 0
8601 0
8602 0
8603 0
8604 0
8605 0
8606 0
8607 0
8608 0
8609 0
8610 0
8611 0
8612 0
8613 0
8614 0
8615 0
8616 0
8617 0
8618 0
8619 0
8620 0
8621 0
8622 0
8623 0
8624 0
8625 0
8626 0
8627 0
8628 0
8629 0
8630 0
8631 0
8632 0
8633 0
8634 0
8635 0
8636 0
8637 0
8638 0
8639 0
8640 0
8641 0
8642 0
8643 0
8644 0
8645 0
8646 0
8647 0
8648 0
8649 0
8650 0
8651 0
8652 0
8653 0
8654 0
8655 0
8656 0
8657 0
8658 0
8659 0
8660 0
8661 0
8662 0
8663 0
8664 0
8665 0
8666 0
8667 0
8668 0
8669 0
8670 0
8671 0
8672 0
8673 0
8674 0
8675 0
8676 0
8677 0
8678 0
8679 0
8680 0
8681 0
8682 0
8683 0
8684 0
8685 0
8686 0
8687 0
8688 0
8689 0
8690 0
8691 0
8692 0
8693 0
8694 0
8695 0
8696 0
8697 0
8698 0
8699 0
8700 0
8701 0
8702 0
8703 0
8704 0
8705 0
8706 0
8707 0
8708 0
8709 0
8710 0
8711 0
8712 0
8713 0
8714 0
8715 0
8716 0
8717 0
8718 0
8719 0
8720 0
8721 0
8722 0
8723 0
8724 0
8725 0
8726 0
8727 0
8728 0
8729 0
8730 0
8731 0
8732 0
8733 0
8734 0
8735 0
8736 0
8737 0
8738 0
8739 0
8740 0
8741 0
8742 0
8743 0
8744 0
8745 0
8746 0
8747 0
8748 0
8749 0
8750 0
8751 0
8752 0
8753 0
8754 0
8755 0
8756 0
8757 0
8758 0
8759 0
8760 0
8761 0
8762 0
8763 0
8764 0
8765 0
8766 0
8767 0
8768 0
8769 0
8770 0
8771 0
8772 0
8773 0
8774 0
8775 0
8776 0
8777 0
8778 0
8779 0
8780 0
8781 0
8782 0
8783 0
8784 0
8785 0
8786 0
8787 0
8788 0
8789 0
8790 0
8791 0
8792 0
8793 0
8794 0
8795 0
8796 0
8797 0
8798 0
8799 0
8800 0
8801 0
8802 0
8803 0
8804 0
8805 0
8806 0
8807 0
8808 0
8809 0
8810 0
8811 0
8812 0
8813 0
8814 0
8815 0
8816 0
8817 0
8818 0
8819 0
8820 0
8821 0
8822 0
8823 0
8824 0
8825 0
8826 0
8827 0
8828 0
8829 0
8830 0
8831 0
8832 0
8833 0
8834 0
8835 0
8836 0
8837 0
8838 0
8839 0
8840 0
8841 0
8842 0
8843 0
8844 0
8845 0
8846 0
8847 0
8848 0
8849 0
8850 0
8851 0
8852 0
8853 0
8854 0
8855 0
8856 0
8857 0
8858 0
8859 0
8860 0
8861 0
8862 0
8863 0
8864 0
8865 0
8866 0
8867 0
8868 0
8869 0
8870 0
8871 0
8872 0
8873 0
8874 0
8875 0
8876 0
8877 0
8878 0
8879 0
8880 0
8881 0
8882 0
8883 0
8884 0
8885 0
8886 0
8887 0
8888 0
8889 0
8890 0
8891 0
8892 0
8893 0
8894 0
8895 0
8896 0
8897 0
8898 0
8899 0
8900 0
8901 0
8902 0
8903 0
8904 0
8905 0
8906 0
8907 0
8908 0
8909 0
8910 0
8911 0
8912 0
8913 0
8914 0
8915 0
8916 0
8917 0
8918 0
8919 0
8920 0
8921 0
8922 0
8923 0
8924 0
8925 0
8926 0
8927 0
8928 0
8929 0
8930 0
8931 0
8932 0
8933 0
8934 0
8935 0
8936 0
8937 0
8938 0
8939 0
8940 0
8941 0
8942 0
8943 0
8944 0
8945 0
8946 0
8947 0
8948 0
8949 0
8950 0
8951 0
8952 0
8953 0
8954 0
8955 0
8956 0
8957 0
8958 0
8959 0
8960 0
8961 0
8962 0
8963 0
8964 0
8965 0
8966 0
8967 0
8968 0
8969 0
8970 0
8971 0
8972 0
8973 0
8974 0
8975 0
8976 0
8977 0
8978 0
8979 0
8980 0
8981 0
8982 0
8983 0
8984 0
8985 0
8986 0
8987 0
8988 0
8989 0
8990 0
8991 0
8992 0
8993 0
8994 0
8995 0
8996 0
8997 0
8998 0
8999 0
9000 0
9001 0
9002 0
9003 0
9004 0
9005 0
9006 0
9007 0
9008 0
9009 0
9010 0
9011 0
9012 0
9013 0
9014 0
9015 0
9016 0
9017 0
9018 0
9019 0
9020 0
9021 0
9022 0
9023 0
9024 0
9025 0
9026 0
9027 0
9028 0
9029 0
9030 0
9031 0
9032 0
9033 0
9034 0
9035 0
9036 0
9037 0
9038 0
9039 0
9040 0
9041 0
9042 0
9043 0
9044 0
9045 0
9046 0
9047 0
9048 0
9049 0
9050 0
9051 0
9052 0
9053 0
9054 0
9055 0
9056 0
9057 0
9058 0
9059 0
9060 0
9061 0
