1 10
2 2664
3 2664
4 2664
5 2664
6 2664
7 2664
8 2664
9 2664
10 2664
11 2664
12 2664
13 2664
14 2664
15 2664
16 2664
17 2664
18 2664
19 2664
20 2664
21 2664
22 2664
23 2664
24 2664
25 2664
26 2664
27 2664
28 2664
29 2664
30 2664
31 2664
32 2664
33 2664
34 2664
35 2664
36 2664
37 2664
38 2664
39 2664
40 2664
41 2664
42 2664
43 2664
44 2664
45 2664
46 2664
47 2664
48 2664
49 2664
50 2664
51 2664
52 2664
53 2664
54 2664
55 2664
56 2664
57 2664
58 2664
59 2664
60 2664
61 2664
62 2664
63 2664
64 2664
65 2664
66 2664
67 2664
68 2664
69 2664
70 2664
71 2664
72 2664
73 2664
74 2664
75 2664
76 2664
77 2664
78 2664
79 2664
80 2664
81 2664
82 2664
83 2664
84 2664
85 2664
86 2664
87 2664
88 2664
89 2664
90 2664
91 2664
92 2664
93 2664
94 2664
95 2664
96 2664
97 2664
98 2664
99 2664
100 2664
101 2664
102 2664
103 2664
104 2664
105 2664
106 2664
107 2664
108 2664
109 2664
110 2664
111 2664
112 2664
113 2664
114 2664
115 2664
116 2664
117 2664
118 2664
119 2664
120 2664
121 2664
122 2664
123 2664
124 2664
125 2664
126 2664
127 2664
128 2664
129 2664
130 2664
131 2664
132 2664
133 2664
134 2664
135 2664
136 2664
137 2664
138 2664
139 2664
140 2664
141 2664
142 2664
143 2664
144 2664
145 2664
146 2664
147 2664
148 2664
149 2664
150 2664
151 2664
152 2664
153 2664
154 2664
155 2664
156 2664
157 2664
158 2664
159 2664
160 2664
161 2664
162 2664
163 2664
164 2664
165 2664
166 2664
167 2664
168 2664
169 2664
170 2664
171 2664
172 2664
173 2664
174 2664
175 2664
176 2664
177 2664
178 2664
179 2664
180 2664
181 2664
182 2664
183 2664
184 2664
185 2664
186 2664
187 2664
188 2664
189 2664
190 2664
191 2664
192 2664
193 2664
194 2664
195 2664
196 2664
197 2664
198 2664
199 2664
200 2664
201 2664
202 2664
203 2664
204 2664
205 2664
206 2664
207 2664
208 2664
209 2664
210 2664
211 2664
212 2664
213 2664
214 2664
215 2664
216 2664
217 2664
218 2664
219 2664
220 2664
221 2664
222 2664
223 2664
224 2664
225 2664
226 2664
227 2664
228 2664
229 2664
230 2664
231 2664
232 2664
233 2664
234 2664
235 2664
236 2664
237 2664
238 2664
239 2664
240 2664
241 2664
242 2664
243 2664
244 2664
245 2664
246 2664
247 2664
248 2664
249 2664
250 2664
251 2664
252 2664
253 2664
254 2664
255 2664
256 2664
257 2664
258 2664
259 2664
260 2664
261 2664
262 2664
263 2664
264 2664
265 2664
266 2664
267 2664
268 2664
269 2664
270 2664
271 2664
272 2664
273 2664
274 2664
275 2664
276 2664
277 2664
278 2664
279 2664
280 2664
281 2664
282 2664
283 2664
284 2664
285 2664
286 2664
287 2664
288 2664
289 2664
290 2664
291 2664
292 2664
293 2664
294 2664
295 2664
296 2664
297 2664
298 2664
299 2664
300 2664
301 2664
302 2664
303 2664
304 2664
305 2664
306 2664
307 2664
308 2664
309 2664
310 2664
311 2664
312 2664
313 2664
314 2664
315 2664
316 2664
317 2664
318 2664
319 2664
320 2664
321 2664
322 2664
323 2664
324 2664
325 2664
326 2664
327 2664
328 2664
329 2664
330 2664
331 2664
332 2664
333 2664
334 2664
335 2664
336 2664
337 2664
338 2664
339 2664
340 2664
341 2664
342 2664
343 2664
344 2664
345 2664
346 2664
347 2664
348 2664
349 2664
350 2664
351 2664
352 2664
353 2664
354 2664
355 2664
356 2664
357 2664
358 2664
359 2664
360 2664
361 2664
362 2664
363 2664
364 2664
365 2664
366 2664
367 2664
368 2664
369 2664
370 2664
371 2664
372 2664
373 2664
374 2664
375 2664
376 2664
377 2664
378 2664
379 2664
380 2664
381 2664
382 2664
383 2664
384 2664
385 2664
386 2664
387 2664
388 2664
389 2664
390 2664
391 2664
392 2664
393 2664
394 2664
395 2664
396 2664
397 2664
398 2664
399 2664
400 2664
401 2664
402 2664
403 2664
404 2664
405 2664
406 2664
407 2664
408 2664
409 2664
410 2664
411 2664
412 2664
413 2664
414 2664
415 2664
416 2664
417 2664
418 2664
419 2664
420 2664
421 2664
422 2664
423 2664
424 2664
425 2664
426 2664
427 2664
428 2664
429 2664
430 2664
431 2664
432 2664
433 2664
434 2664
435 2664
436 2664
437 2664
438 2664
439 2664
440 2664
441 2664
442 2664
443 2664
444 2664
445 2664
446 2664
447 2664
448 2664
449 2664
450 2664
451 2664
452 2664
453 2664
454 2664
455 2664
456 2664
457 2664
458 2664
459 2664
460 2664
461 2664
462 2664
463 2664
464 2664
465 2664
466 2664
467 2664
468 2664
469 2664
470 2664
471 2664
472 2664
473 2664
474 2664
475 2664
476 2664
477 2664
478 2664
479 2664
480 2664
481 2664
482 2664
483 2664
484 2664
485 2664
486 2664
487 2664
488 2664
489 2664
490 2664
491 2664
492 2664
493 2664
494 2664
495 2664
496 2664
497 2664
498 2664
499 2664
500 2664
501 2664
502 2664
503 2664
504 2664
505 2664
506 2664
507 2664
508 2664
509 2664
510 2664
511 2664
512 2664
513 2664
514 2664
515 2664
516 2664
517 2664
518 2664
519 2664
520 2664
521 2664
522 2664
523 2664
524 2664
525 2664
526 2664
527 2664
528 2664
529 2664
530 2664
531 2664
532 2664
533 2664
534 2664
535 2664
536 2664
537 2664
538 2664
539 2664
540 2664
541 2664
542 2664
543 2664
544 2664
545 2664
546 2664
547 2664
548 2664
549 2664
550 2664
551 2664
552 2664
553 2664
554 2664
555 2664
556 2664
557 2664
558 2664
559 2664
560 2664
561 2664
562 2664
563 2664
564 2664
565 2664
566 2664
567 2664
568 2664
569 2664
570 2664
571 2664
572 2664
573 2664
574 2664
575 2664
576 2664
577 2664
578 2664
579 2664
580 2664
581 2664
582 2664
583 2664
584 2664
585 2664
586 2664
587 2664
588 2664
589 2664
590 2664
591 2664
592 2664
593 2664
594 2664
595 2664
596 2664
597 2664
598 2664
599 2664
600 2664
601 2664
602 2664
603 2664
604 2664
605 2664
606 2664
607 2664
608 2664
609 2664
610 2664
611 2664
612 2664
613 2664
614 2664
615 2664
616 2664
617 2664
618 2664
619 2664
620 2664
621 2664
622 2664
623 2664
624 2664
625 2664
626 2664
627 2664
628 2664
629 2664
630 2664
631 2664
632 2664
633 2664
634 2664
635 2664
636 2664
637 2664
638 2664
639 2664
640 2664
641 2664
642 2664
643 2664
644 2664
645 2664
646 2664
647 2664
648 2664
649 2664
650 2664
651 2664
652 2664
653 2664
654 2664
655 2664
656 2664
657 2664
658 2664
659 2664
660 2664
661 2664
662 2664
663 2664
664 2664
665 2664
666 2664
667 2664
668 2664
669 2664
670 2664
671 2664
672 2664
673 2664
674 2664
675 2664
676 2664
677 2664
678 2664
679 2664
680 2664
681 2664
682 2664
683 2664
684 2664
685 2664
686 2664
687 2664
688 2664
689 2664
690 2664
691 2664
692 2664
693 2664
694 2664
695 2664
696 2664
697 2664
698 2664
699 2664
700 2664
701 2664
702 2664
703 2664
704 2664
705 2664
706 2664
707 2664
708 2664
709 2664
710 2664
711 2664
712 2664
713 2664
714 2664
715 2664
716 2664
717 2664
718 2664
719 2664
720 2664
721 2664
722 2664
723 2664
724 2664
725 2664
726 2664
727 2664
728 2664
729 2664
730 2664
731 2664
732 2664
733 2664
734 2664
735 2664
736 2664
737 2664
738 2664
739 2664
740 2664
741 2664
742 2664
743 2664
744 2664
745 2664
746 2664
747 2664
748 2664
749 2664
750 2664
751 2664
752 2664
753 2664
754 2664
755 2664
756 2664
757 2664
758 2664
759 2664
760 2664
761 2664
762 2664
763 2664
764 2664
765 2664
766 2664
767 2664
768 2664
769 2664
770 2664
771 2664
772 2664
773 2664
774 2664
775 2664
776 2664
777 2664
778 2664
779 2664
780 2664
781 2664
782 2664
783 2664
784 2664
785 2664
786 2664
787 2664
788 2664
789 2664
790 2664
791 2664
792 2664
793 2664
794 2664
795 2664
796 2664
797 2664
798 2664
799 2664
800 2664
801 2664
802 2664
803 2664
804 2664
805 2664
806 2664
807 2664
808 2664
809 2664
810 2664
811 2664
812 2664
813 2664
814 2664
815 2664
816 2664
817 2664
818 2664
819 2664
820 2664
821 2664
822 2664
823 2664
824 2664
825 2664
826 2664
827 2664
828 2664
829 2664
830 2664
831 2664
832 2664
833 2664
834 2664
835 2664
836 2664
837 2664
838 2664
839 2664
840 2664
841 2664
842 2664
843 2664
844 2664
845 2664
846 2664
847 2664
848 2664
849 2664
850 2664
851 2664
852 2664
853 2664
854 2664
855 2664
856 2664
857 2664
858 2664
859 2664
860 2664
861 2664
862 2664
863 2664
864 2664
865 2664
866 2664
867 2664
868 2664
869 2664
870 2664
871 2664
872 2664
873 2664
874 2664
875 2664
876 2664
877 2664
878 2664
879 2664
880 2664
881 2664
882 2664
883 2664
884 2664
885 2664
886 2664
887 2664
888 2664
889 2664
890 2664
891 2664
892 2664
893 2664
894 2664
895 2664
896 2664
897 2664
898 2664
899 2664
900 2664
901 2664
902 2664
903 2664
904 2664
905 2664
906 2664
907 2664
908 2664
909 2664
910 2664
911 2664
912 2664
913 2664
914 2664
915 2664
916 2664
917 2664
918 2664
919 2664
920 2664
921 2664
922 2664
923 2664
924 2664
925 2664
926 2664
927 2664
928 2664
929 2664
930 2664
931 2664
932 2664
933 2664
934 2664
935 2664
936 2664
937 2664
938 2664
939 2664
940 2664
941 2664
942 2664
943 2664
944 2664
945 2664
946 2664
947 2664
948 2664
949 2664
950 2664
951 2664
952 2664
953 2664
954 2664
955 2664
956 2664
957 2664
958 2664
959 2664
960 2664
961 2664
962 2664
963 2664
964 2664
965 2664
966 2664
967 2664
968 2664
969 2664
970 2664
971 2664
972 2664
973 2664
974 2664
975 2664
976 2664
977 2664
978 2664
979 2664
980 2664
981 2664
982 2664
983 2664
984 2664
985 2664
986 2664
987 2664
988 2664
989 2664
990 2664
991 2664
992 2664
993 2664
994 2664
995 2664
996 2664
997 2664
998 2664
999 2664
1000 2664
1001 2664
1002 2664
1003 2664
1004 2664
1005 2664
1006 2664
1007 2664
1008 2664
1009 2664
1010 2664
1011 2664
1012 2664
1013 2664
1014 2664
1015 2664
1016 2664
1017 2664
1018 2664
1019 2664
1020 2664
1021 2664
1022 2664
1023 2664
1024 2664
1025 2664
1026 2664
1027 2664
1028 2664
1029 2664
1030 2664
1031 2664
1032 2664
1033 2664
1034 2664
1035 2664
1036 2664
1037 2664
1038 2664
1039 2664
1040 2664
1041 2664
1042 2664
1043 2664
1044 2664
1045 2664
1046 2664
1047 2664
1048 2664
1049 2664
1050 2664
1051 2664
1052 2664
1053 2664
1054 2664
1055 2664
1056 2664
1057 2664
1058 2664
1059 2664
1060 2664
1061 2664
1062 2664
1063 2664
1064 2664
1065 2664
1066 2664
1067 2664
1068 2664
1069 2664
1070 2664
1071 2664
1072 2664
1073 2664
1074 2664
1075 2664
1076 2664
1077 2664
1078 2664
1079 2664
1080 2664
1081 2664
1082 2664
1083 2664
1084 2664
1085 2664
1086 2664
1087 2664
1088 2664
1089 2664
1090 2664
1091 2664
1092 2664
1093 2664
1094 2664
1095 2664
1096 2664
1097 2664
1098 2664
1099 2664
1100 2664
1101 2664
1102 2664
1103 2664
1104 2664
1105 2664
1106 2664
1107 2664
1108 2664
1109 2664
1110 2664
1111 2664
1112 2664
1113 2664
1114 2664
1115 2664
1116 2664
1117 2664
1118 2664
1119 2664
1120 2664
1121 2664
1122 2664
1123 2664
1124 2664
1125 2664
1126 2664
1127 2664
1128 2664
1129 2664
1130 2664
1131 2664
1132 2664
1133 2664
1134 2664
1135 2664
1136 2664
1137 2664
1138 2664
1139 2664
1140 2664
1141 2664
1142 2664
1143 2664
1144 2664
1145 2664
1146 2664
1147 2664
1148 2664
1149 2664
1150 2664
1151 2664
1152 2664
1153 2664
1154 2664
1155 2664
1156 2664
1157 2664
1158 2664
1159 2664
1160 2664
1161 2664
1162 2664
1163 2664
1164 2664
1165 2664
1166 2664
1167 2664
1168 2664
1169 2664
1170 2664
1171 2664
1172 2664
1173 2664
1174 2664
1175 2664
1176 2664
1177 2664
1178 2664
1179 2664
1180 2664
1181 2664
1182 2664
1183 2664
1184 2664
1185 2664
1186 2664
1187 2664
1188 2664
1189 2664
1190 2664
1191 2664
1192 2664
1193 2664
1194 2664
1195 2664
1196 2664
1197 2664
1198 2664
1199 2664
1200 2664
1201 2664
1202 2664
1203 2664
1204 2664
1205 2664
1206 2664
1207 2664
1208 2664
1209 2664
1210 2664
1211 2664
1212 2664
1213 2664
1214 2664
1215 2664
1216 2664
1217 2664
1218 2664
1219 2664
1220 2664
1221 2664
1222 2664
1223 2664
1224 2664
1225 2664
1226 2664
1227 2664
1228 2664
1229 2664
1230 2664
1231 2664
1232 2664
1233 2664
1234 2664
1235 2664
1236 2664
1237 2664
1238 2664
1239 2664
1240 2664
1241 2664
1242 2664
1243 2664
1244 2664
1245 2664
1246 2664
1247 2664
1248 2664
1249 2664
1250 2664
1251 2664
1252 2664
1253 2664
1254 2664
1255 2664
1256 2664
1257 2664
1258 2664
1259 2664
1260 2664
1261 2664
1262 2664
1263 2664
1264 2664
1265 2664
1266 2664
1267 2664
1268 2664
1269 2664
1270 2664
1271 2664
1272 2664
1273 2664
1274 2664
1275 2664
1276 2664
1277 2664
1278 2664
1279 2664
1280 2664
1281 2664
1282 2664
1283 2664
1284 2664
1285 2664
1286 2664
1287 2664
1288 2664
1289 2664
1290 2664
1291 2664
1292 2664
1293 2664
1294 2664
1295 2664
1296 2664
1297 2664
1298 2664
1299 2664
1300 2664
1301 2664
1302 2664
1303 2664
1304 2664
1305 2664
1306 2664
1307 2664
1308 2664
1309 2664
1310 2664
1311 2664
1312 2664
1313 2664
1314 2664
1315 2664
1316 2664
1317 2664
1318 2664
1319 2664
1320 2664
1321 2664
1322 2664
1323 2664
1324 2664
1325 2664
1326 2664
1327 2664
1328 2664
1329 2664
1330 2664
1331 2664
1332 2664
1333 2664
1334 2664
1335 2664
1336 2664
1337 2664
1338 2664
1339 2664
1340 2664
1341 2664
1342 2664
1343 2664
1344 2664
1345 2664
1346 2664
1347 2664
1348 2664
1349 2664
1350 2664
1351 2664
1352 2664
1353 2664
1354 2664
1355 2664
1356 2664
1357 2664
1358 2664
1359 2664
1360 2664
1361 2664
1362 2664
1363 2664
1364 2664
1365 2664
1366 2664
1367 2664
1368 2664
1369 2664
1370 2664
1371 2664
1372 2664
1373 2664
1374 2664
1375 2664
1376 2664
1377 2664
1378 2664
1379 2664
1380 2664
1381 2664
1382 2664
1383 2664
1384 2664
1385 2664
1386 2664
1387 2664
1388 2664
1389 2664
1390 2664
1391 2664
1392 2664
1393 2664
1394 2664
1395 2664
1396 2664
1397 2664
1398 2664
1399 2664
1400 2664
1401 2664
1402 2664
1403 2664
1404 2664
1405 2664
1406 2664
1407 2664
1408 2664
1409 2664
1410 2664
1411 2664
1412 2664
1413 2664
1414 2664
1415 2664
1416 2664
1417 2664
1418 2664
1419 2664
1420 2664
1421 2664
1422 2664
1423 2664
1424 2664
1425 2664
1426 2664
1427 2664
1428 2664
1429 2664
1430 2664
1431 2664
1432 2664
1433 2664
1434 2664
1435 2664
1436 2664
1437 2664
1438 2664
1439 2664
1440 2664
1441 2664
1442 2664
1443 2664
1444 2664
1445 2664
1446 2664
1447 2664
1448 2664
1449 2664
1450 2664
1451 2664
1452 2664
1453 2664
1454 2664
1455 2664
1456 2664
1457 2664
1458 2664
1459 2664
1460 2664
1461 2664
1462 2664
1463 2664
1464 2664
1465 2664
1466 2664
1467 2664
1468 2664
1469 2664
1470 2664
1471 2664
1472 2664
1473 2664
1474 2664
1475 2664
1476 2664
1477 2664
1478 2664
1479 2664
1480 2664
1481 2664
1482 2664
1483 2664
1484 2664
1485 2664
1486 2664
1487 2664
1488 2664
1489 2664
1490 2664
1491 2664
1492 2664
1493 2664
1494 2664
1495 2664
1496 2664
1497 2664
1498 2664
1499 2664
1500 2664
1501 2664
1502 2664
1503 2664
1504 2664
1505 2664
1506 2664
1507 2664
1508 2664
1509 2664
1510 2664
1511 2664
1512 2664
1513 2664
1514 2664
1515 2664
1516 2664
1517 2664
1518 2664
1519 2664
1520 2664
1521 2664
1522 2664
1523 2664
1524 2664
1525 2664
1526 2664
1527 2664
1528 2664
1529 2664
1530 2664
1531 2664
1532 2664
1533 2664
1534 2664
1535 2664
1536 2664
1537 2664
1538 2664
1539 2664
1540 2664
1541 2664
1542 2664
1543 2664
1544 2664
1545 2664
1546 2664
1547 2664
1548 2664
1549 2664
1550 2664
1551 2664
1552 2664
1553 2664
1554 2664
1555 2664
1556 2664
1557 2664
1558 2664
1559 2664
1560 2664
1561 2664
1562 2664
1563 2664
1564 2664
1565 2664
1566 2664
1567 2664
1568 2664
1569 2664
1570 2664
1571 2664
1572 2664
1573 2664
1574 2664
1575 2664
1576 2664
1577 2664
1578 2664
1579 2664
1580 2664
1581 2664
1582 2664
1583 2664
1584 2664
1585 2664
1586 2664
1587 2664
1588 2664
1589 2664
1590 2664
1591 2664
1592 2664
1593 2664
1594 2664
1595 2664
1596 2664
1597 2664
1598 2664
1599 2664
1600 2664
1601 2664
1602 2664
1603 2664
1604 2664
1605 2664
1606 2664
1607 2664
1608 2664
1609 2664
1610 2664
1611 2664
1612 2664
1613 2664
1614 2664
1615 2664
1616 2664
1617 2664
1618 2664
1619 2664
1620 2664
1621 2664
1622 2664
1623 2664
1624 2664
1625 2664
1626 2664
1627 2664
1628 2664
1629 2664
1630 2664
1631 2664
1632 2664
1633 2664
1634 2664
1635 2664
1636 2664
1637 2664
1638 2664
1639 2664
1640 2664
1641 2664
1642 2664
1643 2664
1644 2664
1645 2664
1646 2664
1647 2664
1648 2664
1649 2664
1650 2664
1651 2664
1652 2664
1653 2664
1654 2664
1655 2664
1656 2664
1657 2664
1658 2664
1659 2664
1660 2664
1661 2664
1662 2664
1663 2664
1664 2664
1665 2664
1666 2664
1667 2664
1668 2664
1669 2664
1670 2664
1671 2664
1672 2664
1673 2664
1674 2664
1675 2664
1676 2664
1677 2664
1678 2664
1679 2664
1680 2664
1681 2664
1682 2664
1683 2664
1684 2664
1685 2664
1686 2664
1687 2664
1688 2664
1689 2664
1690 2664
1691 2664
1692 2664
1693 2664
1694 2664
1695 2664
1696 2664
1697 2664
1698 2664
1699 2664
1700 2664
1701 2664
1702 2664
1703 2664
1704 2664
1705 2664
1706 2664
1707 2664
1708 2664
1709 2664
1710 2664
1711 2664
1712 2664
1713 2664
1714 2664
1715 2664
1716 2664
1717 2664
1718 2664
1719 2664
1720 2664
1721 2664
1722 2664
1723 2664
1724 2664
1725 2664
1726 2664
1727 2664
1728 2664
1729 2664
1730 2664
1731 2664
1732 2664
1733 2664
1734 2664
1735 2664
1736 2664
1737 2664
1738 2664
1739 2664
1740 2664
1741 2664
1742 2664
1743 2664
1744 2664
1745 2664
1746 2664
1747 2664
1748 2664
1749 2664
1750 2664
1751 2664
1752 2664
1753 2664
1754 2664
1755 2664
1756 2664
1757 2664
1758 2664
1759 2664
1760 2664
1761 2664
1762 2664
1763 2664
1764 2664
1765 2664
1766 2664
1767 2664
1768 2664
1769 2664
1770 2664
1771 2664
1772 2664
1773 2664
1774 2664
1775 2664
1776 2664
1777 2664
1778 2664
1779 2664
1780 2664
1781 2664
1782 2664
1783 2664
1784 2664
1785 2664
1786 2664
1787 2664
1788 2664
1789 2664
1790 2664
1791 2664
1792 2664
1793 2664
1794 2664
1795 2664
1796 2664
1797 2664
1798 2664
1799 2664
1800 2664
1801 2664
1802 2664
1803 2664
1804 2664
1805 2664
1806 2664
1807 2664
1808 2664
1809 2664
1810 2664
1811 2664
1812 2664
1813 2664
1814 2664
1815 2664
1816 2664
1817 2664
1818 2664
1819 2664
1820 2664
1821 2664
1822 2664
1823 2664
1824 2664
1825 2664
1826 2664
1827 2664
1828 2664
1829 2664
1830 2664
1831 2664
1832 2664
1833 2664
1834 2664
1835 2664
1836 2664
1837 2664
1838 2664
1839 2664
1840 2664
1841 2664
1842 2664
1843 2664
1844 2664
1845 2664
1846 2664
1847 2664
1848 2664
1849 2664
1850 2664
1851 2664
1852 2664
1853 2664
1854 2664
1855 2664
1856 2664
1857 2664
1858 2664
1859 2664
1860 2664
1861 2664
1862 2664
1863 2664
1864 2664
1865 2664
1866 2664
1867 2664
1868 2664
1869 2664
1870 2664
1871 2664
1872 2664
1873 2664
1874 2664
1875 2664
1876 2664
1877 2664
1878 2664
1879 2664
1880 2664
1881 2664
1882 2664
1883 2664
1884 2664
1885 2664
1886 2664
1887 2664
1888 2664
1889 2664
1890 2664
1891 2664
1892 2664
1893 2664
1894 2664
1895 2664
1896 2664
1897 2664
1898 2664
1899 2664
1900 2664
1901 2664
1902 2664
1903 2664
1904 2664
1905 2664
1906 2664
1907 2664
1908 2664
1909 2664
1910 2664
1911 2664
1912 2664
1913 2664
1914 2664
1915 2664
1916 2664
1917 2664
1918 2664
1919 2664
1920 2664
1921 2664
1922 2664
1923 2664
1924 2664
1925 2664
1926 2664
1927 2664
1928 2664
1929 2664
1930 2664
1931 2664
1932 2664
1933 2664
1934 2664
1935 2664
1936 2664
1937 2664
1938 2664
1939 2664
1940 2664
1941 2664
1942 2664
1943 2664
1944 2664
1945 2664
1946 2664
1947 2664
1948 2664
1949 2664
1950 2664
1951 2664
1952 2664
1953 2664
1954 2664
1955 2664
1956 2664
1957 2664
1958 2664
1959 2664
1960 2664
1961 2664
1962 2664
1963 2664
1964 2664
1965 2664
1966 2664
1967 2664
1968 2664
1969 2664
1970 2664
1971 2664
1972 2664
1973 2664
1974 2664
1975 2664
1976 2664
1977 2664
1978 2664
1979 2664
1980 2664
1981 2664
1982 2664
1983 2664
1984 2664
1985 2664
1986 2664
1987 2664
1988 2664
1989 2664
1990 2664
1991 2664
1992 2664
1993 2664
1994 2664
1995 2664
1996 2664
1997 2664
1998 2664
1999 2664
2000 2664
2001 2664
2002 2664
2003 2664
2004 2664
2005 2664
2006 2664
2007 2664
2008 2664
2009 2664
2010 2664
2011 2664
2012 2664
2013 2664
2014 2664
2015 2664
2016 2664
2017 2664
2018 2664
2019 2664
2020 2664
2021 2664
2022 2664
2023 2664
2024 2664
2025 2664
2026 2664
2027 2664
2028 2664
2029 2664
2030 2664
2031 2664
2032 2664
2033 2664
2034 2664
2035 2664
2036 2664
2037 2664
2038 2664
2039 2664
2040 2664
2041 2664
2042 2664
2043 2664
2044 2664
2045 2664
2046 2664
2047 2664
2048 2664
2049 2664
2050 2664
2051 2664
2052 2664
2053 2664
2054 2664
2055 2664
2056 2664
2057 2664
2058 2664
2059 2664
2060 2664
2061 2664
2062 2664
2063 2664
2064 2664
2065 2664
2066 2664
2067 2664
2068 2664
2069 2664
2070 2664
2071 2664
2072 2664
2073 2664
2074 2664
2075 2664
2076 2664
2077 2664
2078 2664
2079 2664
2080 2664
2081 2664
2082 2664
2083 2664
2084 2664
2085 2664
2086 2664
2087 2664
2088 2664
2089 2664
2090 2664
2091 2664
2092 2664
2093 2664
2094 2664
2095 2664
2096 2664
2097 2664
2098 2664
2099 2664
2100 2664
2101 2664
2102 2664
2103 2664
2104 2664
2105 2664
2106 2664
2107 2664
2108 2664
2109 2664
2110 2664
2111 2664
2112 2664
2113 2664
2114 2664
2115 2664
2116 2664
2117 2664
2118 2664
2119 2664
2120 2664
2121 2664
2122 2664
2123 2664
2124 2664
2125 2664
2126 2664
2127 2664
2128 2664
2129 2664
2130 2664
2131 2664
2132 2664
2133 2664
2134 2664
2135 2664
2136 2664
2137 2664
2138 2664
2139 2664
2140 2664
2141 2664
2142 2664
2143 2664
2144 2664
2145 2664
2146 2664
2147 2664
2148 2664
2149 2664
2150 2664
2151 2664
2152 2664
2153 2664
2154 2664
2155 2664
2156 2664
2157 2664
2158 2664
2159 2664
2160 2664
2161 2664
2162 2664
2163 2664
2164 2664
2165 2664
2166 2664
2167 2664
2168 2664
2169 2664
2170 2664
2171 2664
2172 2664
2173 2664
2174 2664
2175 2664
2176 2664
2177 2664
2178 2664
2179 2664
2180 2664
2181 2664
2182 2664
2183 2664
2184 2664
2185 2664
2186 2664
2187 2664
2188 2664
2189 2664
2190 2664
2191 2664
2192 2664
2193 2664
2194 2664
2195 2664
2196 2664
2197 2664
2198 2664
2199 2664
2200 2664
2201 2664
2202 2664
2203 2664
2204 2664
2205 2664
2206 2664
2207 2664
2208 2664
2209 2664
2210 2664
2211 2664
2212 2664
2213 2664
2214 2664
2215 2664
2216 2664
2217 2664
2218 2664
2219 2664
2220 2664
2221 2664
2222 2664
2223 2664
2224 2664
2225 2664
2226 2664
2227 2664
2228 2664
2229 2664
2230 2664
2231 2664
2232 2664
2233 2664
2234 2664
2235 2664
2236 2664
2237 2664
2238 2664
2239 2664
2240 2664
2241 2664
2242 2664
2243 2664
2244 2664
2245 2664
2246 2664
2247 2664
2248 2664
2249 2664
2250 2664
2251 2664
2252 2664
2253 2664
2254 2664
2255 2664
2256 2664
2257 2664
2258 2664
2259 2664
2260 2664
2261 2664
2262 2664
2263 2664
2264 2664
2265 2664
2266 2664
2267 2664
2268 2664
2269 2664
2270 2664
2271 2664
2272 2664
2273 2664
2274 2664
2275 2664
2276 2664
2277 2664
2278 2664
2279 2664
2280 2664
2281 2664
2282 2664
2283 2664
2284 2664
2285 2664
2286 2664
2287 2664
2288 2664
2289 2664
2290 2664
2291 2664
2292 2664
2293 2664
2294 2664
2295 2664
2296 2664
2297 2664
2298 2664
2299 2664
2300 2664
2301 2664
2302 2664
2303 2664
2304 2664
2305 2664
2306 2664
2307 2664
2308 2664
2309 2664
2310 2664
2311 2664
2312 2664
2313 2664
2314 2664
2315 2664
2316 2664
2317 2664
2318 2664
2319 2664
2320 2664
2321 2664
2322 2664
2323 2664
2324 2664
2325 2664
2326 2664
2327 2664
2328 2664
2329 2664
2330 2664
2331 2664
2332 2664
2333 2664
2334 2664
2335 2664
2336 2664
2337 2664
2338 2664
2339 2664
2340 2664
2341 2664
2342 2664
2343 2664
2344 2664
2345 2664
2346 2664
2347 2664
2348 2664
2349 2664
2350 2664
2351 2664
2352 2664
2353 2664
2354 2664
2355 2664
2356 2664
2357 2664
2358 2664
2359 2664
2360 2664
2361 2664
2362 2664
2363 2664
2364 2664
2365 2664
2366 2664
2367 2664
2368 2664
2369 2664
2370 2664
2371 2664
2372 2664
2373 2664
2374 2664
2375 2664
2376 2664
2377 2664
2378 2664
2379 2664
2380 2664
2381 2664
2382 2664
2383 2664
2384 2664
2385 2664
2386 2664
2387 2664
2388 2664
2389 2664
2390 2664
2391 2664
2392 2664
2393 2664
2394 2664
2395 2664
2396 2664
2397 2664
2398 2664
2399 2664
2400 2664
2401 2664
2402 2664
2403 2664
2404 2664
2405 2664
2406 2664
2407 2664
2408 2664
2409 2664
2410 2664
2411 2664
2412 2664
2413 2664
2414 2664
2415 2664
2416 2664
2417 2664
2418 2664
2419 2664
2420 2664
2421 2664
2422 2664
2423 2664
2424 2664
2425 2664
2426 2664
2427 2664
2428 2664
2429 2664
2430 2664
2431 2664
2432 2664
2433 2664
2434 2664
2435 2664
2436 2664
2437 2664
2438 2664
2439 2664
2440 2664
2441 2664
2442 2664
2443 2664
2444 2664
2445 2664
2446 2664
2447 2664
2448 2664
2449 2664
2450 2664
2451 2664
2452 2664
2453 2664
2454 2664
2455 2664
2456 2664
2457 2664
2458 2664
2459 2664
2460 2664
2461 2664
2462 2664
2463 2664
2464 2664
2465 2664
2466 2664
2467 2664
2468 2664
2469 2664
2470 2664
2471 2664
2472 2664
2473 2664
2474 2664
2475 2664
2476 2664
2477 2664
2478 2664
2479 2664
2480 2664
2481 2664
2482 2664
2483 2664
2484 2664
2485 2664
2486 2664
2487 2664
2488 2664
2489 2664
2490 2664
2491 2664
2492 2664
2493 2664
2494 2664
2495 2664
2496 2664
2497 2664
2498 2664
2499 2664
2500 2664
2501 2664
2502 2664
2503 2664
2504 2664
2505 2664
2506 2664
2507 2664
2508 2664
2509 2664
2510 2664
2511 2664
2512 2664
2513 2664
2514 2664
2515 2664
2516 2664
2517 2664
2518 2664
2519 2664
2520 2664
2521 2664
2522 2664
2523 2664
2524 2664
2525 2664
2526 2664
2527 2664
2528 2664
2529 2664
2530 2664
2531 2664
2532 2664
2533 2664
2534 2664
2535 2664
2536 2664
2537 2664
2538 2664
2539 2664
2540 2664
2541 2664
2542 2664
2543 2664
2544 2664
2545 2664
2546 2664
2547 2664
2548 2664
2549 2664
2550 2664
2551 2664
2552 2664
2553 2664
2554 2664
2555 2664
2556 2664
2557 2664
2558 2664
2559 2664
2560 2664
2561 2664
2562 2664
2563 2664
2564 2664
2565 2664
2566 2664
2567 2664
2568 2664
2569 2664
2570 2664
2571 2664
2572 2664
2573 2664
2574 2664
2575 2664
2576 2664
2577 2664
2578 2664
2579 2664
2580 2664
2581 2664
2582 2664
2583 2664
2584 2664
2585 2664
2586 2664
2587 2664
2588 2664
2589 2664
2590 2664
2591 2664
2592 2664
2593 2664
2594 2664
2595 2664
2596 2664
2597 2664
2598 2664
2599 2664
2600 2664
2601 2664
2602 2664
2603 2664
2604 2664
2605 2664
2606 2664
2607 2664
2608 2664
2609 2664
2610 2664
2611 2664
2612 2664
2613 2664
2614 2664
2615 2664
2616 2664
2617 2664
2618 2664
2619 2664
2620 2664
2621 2664
2622 2664
2623 2664
2624 2664
2625 2664
2626 2664
2627 2664
2628 2664
2629 2664
2630 2664
2631 2664
2632 2664
2633 2664
2634 2664
2635 2664
2636 2664
2637 2664
2638 2664
2639 2664
2640 2664
2641 2664
2642 2664
2643 2664
2644 2664
2645 2664
2646 2664
2647 2664
2648 2664
2649 2664
2650 2664
2651 2664
2652 2664
2653 2664
2654 2664
2655 2664
2656 2664
2657 2664
2658 2664
2659 2664
2660 2664
2661 2664
2662 2664
2663 2664
2664 2664
2665 2664
2666 2664
2667 2664
2668 2664
2669 2664
2670 2664
2671 2664
2672 2664
2673 2664
2674 2664
2675 2664
2676 2664
2677 2664
2678 2664
2679 2664
2680 2664
2681 2664
2682 2664
2683 2664
2684 2664
2685 2664
2686 2664
2687 2664
2688 2664
2689 2664
2690 2664
2691 2664
2692 2664
2693 2664
2694 2664
2695 2664
2696 2664
2697 2664
2698 2664
2699 2664
2700 2664
2701 2664
2702 2664
2703 2664
2704 2664
2705 2664
2706 2664
2707 2664
2708 2664
2709 2664
2710 2664
2711 2664
2712 2664
2713 2664
2714 2664
2715 2664
2716 2664
2717 2664
2718 2664
2719 2664
2720 2664
2721 2664
2722 2664
2723 2664
2724 2664
2725 2664
2726 2664
2727 2664
2728 2664
2729 2664
2730 2664
2731 2664
2732 2664
2733 2664
2734 2664
2735 2664
2736 2664
2737 2664
2738 2664
2739 2664
2740 2664
2741 2664
2742 2664
2743 2664
2744 2664
2745 2664
2746 2664
2747 2664
2748 2664
2749 2664
2750 2664
2751 2664
2752 2664
2753 2664
2754 2664
2755 2664
2756 2664
2757 2664
2758 2664
2759 2664
2760 2664
2761 2664
2762 2664
2763 2664
2764 2664
2765 2664
2766 2664
2767 2664
2768 2664
2769 2664
2770 2664
2771 2664
2772 2664
2773 2664
2774 2664
2775 2664
2776 2664
2777 2664
2778 2664
2779 2664
2780 2664
2781 2664
2782 2664
2783 2664
2784 2664
2785 2664
2786 2664
2787 2664
2788 2664
2789 2664
2790 2664
2791 2664
2792 2664
2793 2664
2794 2664
2795 2664
2796 2664
2797 2664
2798 2664
2799 2664
2800 2664
2801 2664
2802 2664
2803 2664
2804 2664
2805 2664
2806 2664
2807 2664
2808 2664
2809 2664
2810 2664
2811 2664
2812 2664
2813 2664
2814 2664
2815 2664
2816 2664
2817 2664
2818 2664
2819 2664
2820 2664
2821 2664
2822 2663
2823 2663
2824 2663
2825 2663
2826 2663
2827 2663
2828 2663
2829 2663
2830 2663
2831 2663
2832 2663
2833 2663
2834 2663
2835 2663
2836 2663
2837 2663
2838 2663
2839 2663
2840 2654
2841 2637
2842 2627
2843 2625
2844 2625
2845 2625
2846 2625
2847 2625
2848 2625
2849 2625
2850 2625
2851 2625
2852 2625
2853 2625
2854 2625
2855 2625
2856 2625
2857 2624
2858 2624
2859 2624
2860 2624
2861 2624
2862 2624
2863 2623
2864 2623
2865 2623
2866 2623
2867 2623
2868 2622
2869 2622
2870 2622
2871 2622
2872 2622
2873 2622
2874 2622
2875 2622
2876 2622
2877 2622
2878 2621
2879 2621
2880 2621
2881 2621
2882 2621
2883 2621
2884 2620
2885 2620
2886 2620
2887 2620
2888 2620
2889 2620
2890 2620
2891 2620
2892 2620
2893 2620
2894 2620
2895 2620
2896 2620
2897 2620
2898 2620
2899 2620
2900 2604
2901 2552
2902 2518
2903 2512
2904 2512
2905 2512
2906 2512
2907 2512
2908 2512
2909 2512
2910 2512
2911 2512
2912 2512
2913 2512
2914 2512
2915 2512
2916 2512
2917 2512
2918 2512
2919 2512
2920 2512
2921 2512
2922 2512
2923 2512
2924 2512
2925 2512
2926 2512
2927 2512
2928 2512
2929 2511
2930 2511
2931 2511
2932 2511
2933 2511
2934 2511
2935 2511
2936 2511
2937 2510
2938 2509
2939 2509
2940 2508
2941 2508
2942 2508
2943 2508
2944 2508
2945 2508
2946 2508
2947 2507
2948 2507
2949 2507
2950 2507
2951 2506
2952 2506
2953 2506
2954 2505
2955 2505
2956 2505
2957 2505
2958 2504
2959 2504
2960 2504
2961 2504
2962 2504
2963 2485
2964 2446
2965 2386
2966 2375
2967 2375
2968 2374
2969 2374
2970 2374
2971 2374
2972 2374
2973 2374
2974 2374
2975 2374
2976 2374
2977 2373
2978 2373
2979 2373
2980 2373
2981 2373
2982 2373
2983 2373
2984 2373
2985 2372
2986 2372
2987 2372
2988 2372
2989 2372
2990 2372
2991 2372
2992 2371
2993 2371
2994 2371
2995 2371
2996 2371
2997 2371
2998 2371
2999 2371
3000 2371
3001 2370
3002 2370
3003 2370
3004 2370
3005 2370
3006 2370
3007 2369
3008 2369
3009 2369
3010 2369
3011 2369
3012 2368
3013 2368
3014 2368
3015 2368
3016 2368
3017 2368
3018 2368
3019 2368
3020 2368
3021 2368
3022 2368
3023 2285
3024 2246
3025 2205
3026 2190
3027 2190
3028 2190
3029 2190
3030 2190
3031 2190
3032 2190
3033 2190
3034 2190
3035 2190
3036 2190
3037 2190
3038 2190
3039 2190
3040 2190
3041 2190
3042 2190
3043 2189
3044 2189
3045 2189
3046 2189
3047 2189
3048 2189
3049 2189
3050 2189
3051 2189
3052 2188
3053 2188
3054 2188
3055 2188
3056 2188
3057 2188
3058 2188
3059 2188
3060 2188
3061 2188
3062 2188
3063 2188
3064 2188
3065 2188
3066 2188
3067 2188
3068 2188
3069 2188
3070 2188
3071 2188
3072 2188
3073 2188
3074 2188
3075 2188
3076 2188
3077 2188
3078 2188
3079 2188
3080 2188
3081 2161
3082 2076
3083 2006
3084 2006
3085 2006
3086 2006
3087 2005
3088 2005
3089 2005
3090 2005
3091 2005
3092 2005
3093 2005
3094 2005
3095 2005
3096 2005
3097 2005
3098 2004
3099 2004
3100 2003
3101 2003
3102 2003
3103 2003
3104 2002
3105 2002
3106 2002
3107 2002
3108 2002
3109 2002
3110 2002
3111 2002
3112 2002
3113 2002
3114 2002
3115 2002
3116 2002
3117 2002
3118 2002
3119 2002
3120 2002
3121 2002
3122 2002
3123 2002
3124 2002
3125 2002
3126 2002
3127 2002
3128 2002
3129 2002
3130 2002
3131 2002
3132 2002
3133 1945
3134 1893
3135 1837
3136 1812
3137 1812
3138 1812
3139 1811
3140 1811
3141 1811
3142 1811
3143 1811
3144 1811
3145 1811
3146 1811
3147 1811
3148 1811
3149 1811
3150 1811
3151 1811
3152 1811
3153 1811
3154 1811
3155 1811
3156 1810
3157 1810
3158 1809
3159 1809
3160 1808
3161 1808
3162 1808
3163 1808
3164 1808
3165 1808
3166 1808
3167 1808
3168 1807
3169 1807
3170 1807
3171 1807
3172 1807
3173 1807
3174 1807
3175 1807
3176 1807
3177 1807
3178 1806
3179 1806
3180 1806
3181 1806
3182 1805
3183 1805
3184 1805
3185 1805
3186 1805
3187 1805
3188 1805
3189 1805
3190 1805
3191 1805
3192 1805
3193 1805
3194 1805
3195 1805
3196 1805
3197 1805
3198 1805
3199 1757
3200 1665
3201 1618
3202 1618
3203 1616
3204 1616
3205 1616
3206 1616
3207 1616
3208 1616
3209 1616
3210 1615
3211 1615
3212 1615
3213 1615
3214 1615
3215 1615
3216 1615
3217 1615
3218 1615
3219 1615
3220 1615
3221 1615
3222 1615
3223 1615
3224 1615
3225 1615
3226 1615
3227 1615
3228 1615
3229 1615
3230 1615
3231 1615
3232 1615
3233 1615
3234 1615
3235 1614
3236 1614
3237 1614
3238 1614
3239 1614
3240 1613
3241 1613
3242 1613
3243 1613
3244 1613
3245 1613
3246 1613
3247 1613
3248 1613
3249 1612
3250 1612
3251 1612
3252 1612
3253 1612
3254 1612
3255 1612
3256 1612
3257 1612
3258 1612
3259 1612
3260 1612
3261 1526
3262 1452
3263 1403
3264 1377
3265 1377
3266 1376
3267 1375
3268 1375
3269 1375
3270 1375
3271 1375
3272 1375
3273 1375
3274 1375
3275 1375
3276 1375
3277 1375
3278 1375
3279 1375
3280 1375
3281 1375
3282 1375
3283 1375
3284 1375
3285 1375
3286 1375
3287 1375
3288 1375
3289 1375
3290 1375
3291 1375
3292 1375
3293 1375
3294 1375
3295 1374
3296 1374
3297 1374
3298 1374
3299 1374
3300 1374
3301 1374
3302 1374
3303 1372
3304 1372
3305 1372
3306 1372
3307 1372
3308 1372
3309 1372
3310 1372
3311 1372
3312 1372
3313 1372
3314 1372
3315 1372
3316 1372
3317 1372
3318 1372
3319 1372
3320 1371
3321 1371
3322 1371
3323 1371
3324 1292
3325 1209
3326 1131
3327 1131
3328 1131
3329 1131
3330 1131
3331 1131
3332 1131
3333 1131
3334 1131
3335 1131
3336 1131
3337 1131
3338 1131
3339 1131
3340 1131
3341 1131
3342 1131
3343 1131
3344 1130
3345 1129
3346 1127
3347 1127
3348 1126
3349 1126
3350 1126
3351 1126
3352 1126
3353 1125
3354 1124
3355 1124
3356 1123
3357 1123
3358 1123
3359 1123
3360 1123
3361 1123
3362 1123
3363 1123
3364 1123
3365 1123
3366 1123
3367 1123
3368 1123
3369 1123
3370 1123
3371 1123
3372 1122
3373 1122
3374 1122
3375 1122
3376 1122
3377 1121
3378 1121
3379 1121
3380 1121
3381 1121
3382 1121
3383 1121
3384 1121
3385 1121
3386 1121
3387 1121
3388 1121
3389 1094
3390 1044
3391 955
3392 911
3393 910
3394 910
3395 910
3396 910
3397 910
3398 910
3399 910
3400 910
3401 910
3402 910
3403 910
3404 910
3405 908
3406 908
3407 908
3408 908
3409 908
3410 908
3411 908
3412 908
3413 908
3414 908
3415 908
3416 908
3417 908
3418 908
3419 908
3420 908
3421 908
3422 908
3423 908
3424 908
3425 908
3426 908
3427 908
3428 908
3429 908
3430 907
3431 907
3432 907
3433 906
3434 906
3435 906
3436 906
3437 905
3438 905
3439 905
3440 905
3441 905
3442 905
3443 905
3444 905
3445 905
3446 905
3447 905
3448 905
3449 905
3450 905
3451 905
3452 905
3453 905
3454 905
3455 905
3456 835
3457 766
3458 704
3459 704
3460 704
3461 704
3462 704
3463 704
3464 704
3465 704
3466 704
3467 704
3468 704
3469 704
3470 704
3471 704
3472 704
3473 704
3474 704
3475 704
3476 704
3477 704
3478 704
3479 704
3480 704
3481 704
3482 704
3483 704
3484 704
3485 704
3486 704
3487 704
3488 704
3489 704
3490 704
3491 704
3492 704
3493 704
3494 704
3495 704
3496 704
3497 704
3498 704
3499 704
3500 704
3501 704
3502 704
3503 704
3504 704
3505 704
3506 704
3507 704
3508 704
3509 704
3510 704
3511 704
3512 704
3513 704
3514 704
3515 704
3516 704
3517 704
3518 704
3519 704
3520 704
3521 704
3522 704
3523 704
3524 673
3525 612
3526 564
3527 540
3528 540
3529 540
3530 540
3531 540
3532 540
3533 540
3534 540
3535 540
3536 540
3537 540
3538 540
3539 540
3540 540
3541 540
3542 540
3543 540
3544 540
3545 540
3546 540
3547 540
3548 540
3549 540
3550 540
3551 540
3552 540
3553 540
3554 540
3555 540
3556 540
3557 540
3558 540
3559 540
3560 540
3561 540
3562 540
3563 540
3564 540
3565 540
3566 540
3567 540
3568 540
3569 540
3570 540
3571 540
3572 540
3573 540
3574 540
3575 540
3576 540
3577 540
3578 540
3579 540
3580 540
3581 540
3582 540
3583 540
3584 540
3585 540
3586 540
3587 540
3588 540
3589 540
3590 540
3591 540
3592 540
3593 540
3594 502
3595 465
3596 437
3597 411
3598 411
3599 411
3600 411
3601 411
3602 411
3603 411
3604 411
3605 411
3606 411
3607 411
3608 411
3609 411
3610 411
3611 411
3612 411
3613 411
3614 411
3615 411
3616 411
3617 411
3618 411
3619 411
3620 411
3621 411
3622 411
3623 411
3624 411
3625 411
3626 411
3627 411
3628 411
3629 411
3630 411
3631 411
3632 411
3633 411
3634 411
3635 411
3636 411
3637 411
3638 411
3639 411
3640 411
3641 411
3642 411
3643 411
3644 411
3645 411
3646 411
3647 411
3648 411
3649 411
3650 411
3651 411
3652 411
3653 411
3654 411
3655 411
3656 411
3657 411
3658 411
3659 411
3660 411
3661 411
3662 411
3663 411
3664 398
3665 364
3666 339
3667 332
3668 332
3669 332
3670 332
3671 332
3672 332
3673 332
3674 332
3675 332
3676 332
3677 332
3678 332
3679 332
3680 332
3681 332
3682 332
3683 332
3684 332
3685 332
3686 332
3687 332
3688 332
3689 332
3690 332
3691 332
3692 332
3693 332
3694 332
3695 332
3696 332
3697 332
3698 332
3699 332
3700 332
3701 332
3702 332
3703 332
3704 332
3705 332
3706 332
3707 332
3708 332
3709 332
3710 332
3711 332
3712 332
3713 332
3714 332
3715 332
3716 332
3717 332
3718 332
3719 332
3720 332
3721 332
3722 332
3723 332
3724 332
3725 332
3726 332
3727 332
3728 332
3729 332
3730 332
3731 332
3732 332
3733 332
3734 332
3735 332
3736 308
3737 287
3738 259
3739 248
3740 248
3741 248
3742 248
3743 248
3744 248
3745 248
3746 248
3747 248
3748 248
3749 248
3750 248
3751 248
3752 248
3753 248
3754 248
3755 248
3756 248
3757 248
3758 248
3759 248
3760 248
3761 248
3762 248
3763 248
3764 248
3765 248
3766 248
3767 248
3768 248
3769 248
3770 248
3771 248
3772 248
3773 248
3774 248
3775 248
3776 248
3777 248
3778 248
3779 248
3780 248
3781 248
3782 248
3783 248
3784 248
3785 248
3786 248
3787 248
3788 248
3789 248
3790 248
3791 248
3792 248
3793 248
3794 248
3795 248
3796 248
3797 248
3798 248
3799 248
3800 248
3801 248
3802 248
3803 248
3804 248
3805 248
3806 248
3807 248
3808 248
3809 235
3810 226
3811 205
3812 196
3813 196
3814 196
3815 196
3816 196
3817 196
3818 196
3819 196
3820 196
3821 196
3822 196
3823 196
3824 196
3825 196
3826 196
3827 196
3828 196
3829 196
3830 196
3831 196
3832 196
3833 196
3834 196
3835 196
3836 196
3837 196
3838 196
3839 196
3840 196
3841 196
3842 196
3843 196
3844 196
3845 196
3846 196
3847 196
3848 196
3849 196
3850 196
3851 196
3852 196
3853 196
3854 196
3855 196
3856 196
3857 196
3858 196
3859 196
3860 196
3861 196
3862 196
3863 196
3864 196
3865 196
3866 196
3867 196
3868 196
3869 196
3870 196
3871 196
3872 196
3873 196
3874 196
3875 196
3876 196
3877 196
3878 196
3879 196
3880 196
3881 175
3882 170
3883 162
3884 157
3885 157
3886 157
3887 157
3888 157
3889 157
3890 157
3891 157
3892 157
3893 157
3894 157
3895 157
3896 157
3897 157
3898 157
3899 157
3900 157
3901 157
3902 157
3903 157
3904 157
3905 157
3906 157
3907 157
3908 157
3909 157
3910 157
3911 157
3912 157
3913 157
3914 157
3915 157
3916 157
3917 157
3918 157
3919 157
3920 157
3921 157
3922 157
3923 157
3924 157
3925 157
3926 157
3927 157
3928 157
3929 157
3930 157
3931 157
3932 157
3933 157
3934 157
3935 157
3936 157
3937 157
3938 157
3939 157
3940 157
3941 157
3942 157
3943 157
3944 157
3945 157
3946 157
3947 157
3948 157
3949 157
3950 157
3951 157
3952 148
3953 138
3954 127
3955 118
3956 118
3957 118
3958 118
3959 118
3960 118
3961 118
3962 118
3963 118
3964 118
3965 118
3966 118
3967 118
3968 118
3969 118
3970 118
3971 118
3972 118
3973 118
3974 118
3975 118
3976 118
3977 118
3978 118
3979 118
3980 118
3981 118
3982 118
3983 118
3984 118
3985 118
3986 118
3987 118
3988 118
3989 118
3990 118
3991 118
3992 118
3993 118
3994 118
3995 118
3996 118
3997 118
3998 118
3999 118
4000 118
4001 118
4002 118
4003 118
4004 118
4005 118
4006 118
4007 118
4008 118
4009 118
4010 118
4011 118
4012 118
4013 118
4014 118
4015 118
4016 118
4017 118
4018 118
4019 118
4020 118
4021 118
4022 118
4023 118
4024 113
4025 110
4026 101
4027 94
4028 94
4029 94
4030 94
4031 94
4032 94
4033 94
4034 94
4035 94
4036 94
4037 94
4038 94
4039 94
4040 94
4041 94
4042 94
4043 94
4044 94
4045 94
4046 94
4047 94
4048 94
4049 94
4050 94
4051 94
4052 94
4053 94
4054 94
4055 94
4056 94
4057 94
4058 94
4059 94
4060 94
4061 94
4062 94
4063 94
4064 94
4065 94
4066 94
4067 94
4068 94
4069 94
4070 94
4071 94
4072 94
4073 94
4074 94
4075 94
4076 94
4077 94
4078 94
4079 94
4080 94
4081 94
4082 94
4083 94
4084 94
4085 94
4086 94
4087 94
4088 94
4089 94
4090 94
4091 94
4092 94
4093 94
4094 94
4095 94
4096 81
4097 76
4098 69
4099 67
4100 67
4101 67
4102 67
4103 67
4104 67
4105 67
4106 67
4107 67
4108 67
4109 67
4110 67
4111 67
4112 67
4113 67
4114 67
4115 67
4116 67
4117 67
4118 67
4119 67
4120 67
4121 67
4122 67
4123 67
4124 67
4125 67
4126 67
4127 67
4128 67
4129 67
4130 67
4131 67
4132 67
4133 67
4134 67
4135 67
4136 67
4137 67
4138 67
4139 67
4140 67
4141 67
4142 67
4143 67
4144 67
4145 67
4146 67
4147 67
4148 67
4149 67
4150 67
4151 67
4152 67
4153 67
4154 67
4155 67
4156 67
4157 67
4158 67
4159 67
4160 67
4161 67
4162 67
4163 67
4164 67
4165 67
4166 67
4167 67
4168 66
4169 64
4170 57
4171 50
4172 50
4173 50
4174 50
4175 50
4176 50
4177 50
4178 50
4179 50
4180 50
4181 50
4182 50
4183 50
4184 50
4185 50
4186 50
4187 50
4188 50
4189 50
4190 50
4191 50
4192 50
4193 50
4194 50
4195 50
4196 50
4197 50
4198 50
4199 50
4200 50
4201 50
4202 50
4203 50
4204 50
4205 50
4206 50
4207 50
4208 50
4209 50
4210 50
4211 50
4212 50
4213 50
4214 50
4215 50
4216 50
4217 50
4218 50
4219 50
4220 50
4221 50
4222 50
4223 50
4224 50
4225 50
4226 50
4227 50
4228 50
4229 50
4230 50
4231 50
4232 50
4233 50
4234 50
4235 50
4236 50
4237 50
4238 50
4239 50
4240 50
4241 49
4242 46
4243 42
4244 37
4245 37
4246 37
4247 37
4248 37
4249 37
4250 37
4251 37
4252 37
4253 37
4254 37
4255 37
4256 37
4257 37
4258 37
4259 37
4260 37
4261 37
4262 37
4263 37
4264 37
4265 37
4266 37
4267 37
4268 37
4269 37
4270 37
4271 37
4272 37
4273 37
4274 37
4275 37
4276 37
4277 37
4278 37
4279 37
4280 37
4281 37
4282 37
4283 37
4284 37
4285 37
4286 37
4287 37
4288 37
4289 37
4290 37
4291 37
4292 37
4293 37
4294 37
4295 37
4296 37
4297 37
4298 37
4299 37
4300 37
4301 37
4302 37
4303 37
4304 37
4305 37
4306 37
4307 37
4308 37
4309 37
4310 37
4311 37
4312 37
4313 36
4314 36
4315 35
4316 35
4317 35
4318 35
4319 35
4320 35
4321 35
4322 35
4323 35
4324 35
4325 35
4326 35
4327 35
4328 35
4329 35
4330 35
4331 35
4332 35
4333 35
4334 35
4335 35
4336 35
4337 35
4338 35
4339 35
4340 35
4341 35
4342 35
4343 35
4344 35
4345 35
4346 35
4347 35
4348 35
4349 35
4350 35
4351 35
4352 35
4353 35
4354 35
4355 35
4356 35
4357 35
4358 35
4359 35
4360 35
4361 35
4362 35
4363 35
4364 35
4365 35
4366 35
4367 35
4368 35
4369 35
4370 35
4371 35
4372 35
4373 35
4374 35
4375 35
4376 35
4377 35
4378 35
4379 35
4380 35
4381 35
4382 35
4383 35
4384 35
4385 35
4386 34
4387 34
4388 33
4389 31
4390 31
4391 31
4392 31
4393 31
4394 31
4395 31
4396 31
4397 31
4398 31
4399 31
4400 31
4401 31
4402 31
4403 31
4404 31
4405 31
4406 31
4407 31
4408 31
4409 31
4410 31
4411 31
4412 31
4413 31
4414 31
4415 31
4416 31
4417 31
4418 31
4419 31
4420 31
4421 31
4422 31
4423 31
4424 31
4425 31
4426 31
4427 31
4428 31
4429 31
4430 31
4431 31
4432 31
4433 31
4434 31
4435 31
4436 31
4437 31
4438 31
4439 31
4440 31
4441 31
4442 31
4443 31
4444 31
4445 31
4446 31
4447 31
4448 31
4449 31
4450 31
4451 31
4452 31
4453 31
4454 31
4455 31
4456 31
4457 31
4458 31
4459 31
4460 31
4461 30
4462 30
4463 30
4464 30
4465 30
4466 30
4467 30
4468 30
4469 30
4470 30
4471 30
4472 30
4473 30
4474 30
4475 30
4476 30
4477 30
4478 30
4479 30
4480 30
4481 30
4482 30
4483 30
4484 30
4485 30
4486 30
4487 30
4488 30
4489 30
4490 30
4491 30
4492 30
4493 30
4494 30
4495 30
4496 30
4497 30
4498 30
4499 30
4500 30
4501 30
4502 30
4503 30
4504 30
4505 30
4506 30
4507 30
4508 30
4509 30
4510 30
4511 30
4512 30
4513 30
4514 30
4515 30
4516 30
4517 30
4518 30
4519 30
4520 30
4521 30
4522 30
4523 30
4524 30
4525 30
4526 30
4527 30
4528 30
4529 30
4530 30
4531 30
4532 30
4533 29
4534 28
4535 28
4536 28
4537 28
4538 28
4539 28
4540 28
4541 28
4542 28
4543 28
4544 28
4545 28
4546 28
4547 28
4548 28
4549 28
4550 28
4551 28
4552 28
4553 28
4554 28
4555 28
4556 28
4557 28
4558 28
4559 28
4560 28
4561 28
4562 28
4563 28
4564 28
4565 28
4566 28
4567 28
4568 28
4569 28
4570 28
4571 28
4572 28
4573 28
4574 28
4575 28
4576 28
4577 28
4578 28
4579 28
4580 28
4581 28
4582 28
4583 28
4584 28
4585 28
4586 28
4587 28
4588 28
4589 28
4590 28
4591 28
4592 28
4593 28
4594 28
4595 28
4596 28
4597 28
4598 28
4599 28
4600 28
4601 28
4602 27
4603 24
4604 23
4605 23
4606 23
4607 23
4608 23
4609 23
4610 23
4611 23
4612 23
4613 23
4614 23
4615 23
4616 23
4617 23
4618 23
4619 23
4620 23
4621 23
4622 23
4623 23
4624 23
4625 23
4626 23
4627 23
4628 23
4629 23
4630 23
4631 23
4632 23
4633 23
4634 23
4635 23
4636 23
4637 23
4638 23
4639 23
4640 23
4641 23
4642 23
4643 23
4644 23
4645 23
4646 23
4647 23
4648 23
4649 23
4650 23
4651 23
4652 23
4653 23
4654 23
4655 23
4656 23
4657 23
4658 23
4659 23
4660 23
4661 23
4662 23
4663 23
4664 23
4665 23
4666 23
4667 23
4668 23
4669 23
4670 22
4671 20
4672 20
4673 17
4674 17
4675 17
4676 17
4677 17
4678 17
4679 17
4680 17
4681 17
4682 17
4683 17
4684 17
4685 17
4686 17
4687 17
4688 17
4689 17
4690 17
4691 17
4692 17
4693 17
4694 17
4695 17
4696 17
4697 17
4698 17
4699 17
4700 17
4701 17
4702 17
4703 17
4704 17
4705 17
4706 17
4707 17
4708 17
4709 17
4710 17
4711 17
4712 17
4713 17
4714 17
4715 17
4716 17
4717 17
4718 17
4719 17
4720 17
4721 17
4722 17
4723 17
4724 17
4725 17
4726 17
4727 17
4728 17
4729 17
4730 17
4731 17
4732 17
4733 17
4734 17
4735 17
4736 17
4737 17
4738 17
4739 17
4740 16
4741 15
4742 15
4743 15
4744 15
4745 15
4746 15
4747 15
4748 15
4749 15
4750 15
4751 15
4752 15
4753 15
4754 15
4755 15
4756 15
4757 15
4758 15
4759 15
4760 15
4761 15
4762 15
4763 15
4764 15
4765 15
4766 15
4767 15
4768 15
4769 15
4770 15
4771 15
4772 15
4773 15
4774 15
4775 15
4776 15
4777 15
4778 15
4779 15
4780 15
4781 15
4782 15
4783 15
4784 15
4785 15
4786 15
4787 15
4788 15
4789 15
4790 15
4791 15
4792 15
4793 15
4794 15
4795 15
4796 15
4797 15
4798 15
4799 15
4800 15
4801 15
4802 15
4803 15
4804 15
4805 15
4806 15
4807 15
4808 15
4809 15
4810 15
4811 15
4812 14
4813 13
4814 13
4815 13
4816 13
4817 13
4818 13
4819 13
4820 13
4821 13
4822 13
4823 13
4824 13
4825 13
4826 13
4827 13
4828 13
4829 13
4830 13
4831 13
4832 13
4833 13
4834 13
4835 13
4836 13
4837 13
4838 13
4839 13
4840 13
4841 13
4842 13
4843 13
4844 13
4845 13
4846 13
4847 13
4848 13
4849 13
4850 13
4851 13
4852 13
4853 13
4854 13
4855 13
4856 13
4857 13
4858 13
4859 13
4860 13
4861 13
4862 13
4863 13
4864 13
4865 13
4866 13
4867 13
4868 13
4869 13
4870 13
4871 13
4872 13
4873 13
4874 13
4875 13
4876 13
4877 13
4878 13
4879 13
4880 13
4881 13
4882 12
4883 12
4884 10
4885 10
4886 10
4887 10
4888 10
4889 10
4890 10
4891 10
4892 10
4893 10
4894 10
4895 10
4896 10
4897 10
4898 10
4899 10
4900 10
4901 10
4902 10
4903 10
4904 10
4905 10
4906 10
4907 10
4908 10
4909 10
4910 10
4911 10
4912 10
4913 10
4914 10
4915 10
4916 10
4917 10
4918 10
4919 10
4920 10
4921 10
4922 10
4923 10
4924 10
4925 10
4926 10
4927 10
4928 10
4929 10
4930 10
4931 10
4932 10
4933 10
4934 10
4935 10
4936 10
4937 10
4938 10
4939 10
4940 10
4941 10
4942 10
4943 10
4944 10
4945 10
4946 10
4947 10
4948 10
4949 10
4950 10
4951 10
4952 10
4953 10
4954 9
4955 7
4956 7
4957 7
4958 7
4959 7
4960 7
4961 7
4962 7
4963 7
4964 7
4965 7
4966 7
4967 7
4968 7
4969 7
4970 7
4971 7
4972 7
4973 7
4974 7
4975 7
4976 7
4977 7
4978 7
4979 7
4980 7
4981 7
4982 7
4983 7
4984 7
4985 7
4986 7
4987 7
4988 7
4989 7
4990 7
4991 7
4992 7
4993 7
4994 7
4995 7
4996 7
4997 7
4998 7
4999 7
5000 7
5001 7
5002 7
5003 7
5004 7
5005 7
5006 7
5007 7
5008 7
5009 7
5010 7
5011 7
5012 7
5013 7
5014 7
5015 7
5016 7
5017 7
5018 7
5019 7
5020 7
5021 7
5022 7
5023 7
5024 7
5025 7
5026 7
5027 7
5028 7
5029 7
5030 7
5031 7
5032 7
5033 7
5034 7
5035 7
5036 7
5037 7
5038 7
5039 7
5040 7
5041 7
5042 7
5043 7
5044 7
5045 7
5046 7
5047 7
5048 7
5049 7
5050 7
5051 7
5052 7
5053 7
5054 7
5055 7
5056 7
5057 7
5058 7
5059 7
5060 7
5061 7
5062 7
5063 7
5064 7
5065 7
5066 7
5067 7
5068 7
5069 7
5070 7
5071 7
5072 7
5073 7
5074 7
5075 7
5076 7
5077 7
5078 7
5079 7
5080 7
5081 7
5082 7
5083 7
5084 7
5085 7
5086 7
5087 7
5088 7
5089 7
5090 7
5091 7
5092 7
5093 7
5094 7
5095 7
5096 7
5097 7
5098 7
5099 6
5100 6
5101 6
5102 6
5103 6
5104 6
5105 6
5106 6
5107 6
5108 6
5109 6
5110 6
5111 6
5112 6
5113 6
5114 6
5115 6
5116 6
5117 6
5118 6
5119 6
5120 6
5121 6
5122 6
5123 6
5124 6
5125 6
5126 6
5127 6
5128 6
5129 6
5130 6
5131 6
5132 6
5133 6
5134 6
5135 6
5136 6
5137 6
5138 6
5139 6
5140 6
5141 6
5142 6
5143 6
5144 6
5145 6
5146 6
5147 6
5148 6
5149 6
5150 6
5151 6
5152 6
5153 6
5154 6
5155 6
5156 6
5157 6
5158 6
5159 6
5160 6
5161 6
5162 6
5163 6
5164 6
5165 6
5166 6
5167 6
5168 4
5169 3
5170 3
5171 3
5172 3
5173 3
5174 3
5175 3
5176 3
5177 3
5178 3
5179 3
5180 3
5181 3
5182 3
5183 3
5184 3
5185 3
5186 3
5187 3
5188 3
5189 3
5190 3
5191 3
5192 3
5193 3
5194 3
5195 3
5196 3
5197 3
5198 3
5199 3
5200 3
5201 3
5202 3
5203 3
5204 3
5205 3
5206 3
5207 3
5208 3
5209 3
5210 3
5211 3
5212 3
5213 3
5214 3
5215 3
5216 3
5217 3
5218 3
5219 3
5220 3
5221 3
5222 3
5223 3
5224 3
5225 3
5226 3
5227 3
5228 3
5229 3
5230 3
5231 3
5232 3
5233 3
5234 3
5235 3
5236 3
5237 3
5238 3
5239 3
5240 3
5241 3
5242 3
5243 3
5244 2
5245 2
5246 2
5247 2
5248 2
5249 2
5250 2
5251 2
5252 2
5253 2
5254 2
5255 2
5256 2
5257 2
5258 2
5259 2
5260 2
5261 2
5262 2
5263 2
5264 2
5265 2
5266 2
5267 2
5268 2
5269 2
5270 2
5271 2
5272 2
5273 2
5274 2
5275 2
5276 2
5277 2
5278 2
5279 2
5280 2
5281 2
5282 2
5283 2
5284 2
5285 2
5286 2
5287 2
5288 2
5289 2
5290 2
5291 2
5292 2
5293 2
5294 2
5295 2
5296 2
5297 2
5298 2
5299 2
5300 2
5301 2
5302 2
5303 2
5304 2
5305 2
5306 2
5307 2
5308 2
5309 2
5310 2
5311 2
5312 2
5313 2
5314 2
5315 1
5316 1
5317 1
5318 1
5319 1
5320 1
5321 1
5322 1
5323 1
5324 1
5325 1
5326 1
5327 1
5328 1
5329 1
5330 1
5331 1
5332 1
5333 1
5334 1
5335 1
5336 1
5337 1
5338 1
5339 1
5340 1
5341 1
5342 1
5343 1
5344 1
5345 1
5346 1
5347 1
5348 1
5349 1
5350 1
5351 1
5352 1
5353 1
5354 1
5355 1
5356 1
5357 1
5358 1
5359 1
5360 1
5361 1
5362 1
5363 1
5364 1
5365 1
5366 1
5367 1
5368 1
5369 1
5370 1
5371 1
5372 1
5373 1
5374 1
5375 1
5376 1
5377 1
5378 1
5379 1
5380 1
5381 1
5382 1
5383 1
5384 1
5385 1
5386 1
5387 1
5388 1
5389 1
5390 1
5391 1
5392 1
5393 1
5394 1
5395 1
5396 1
5397 1
5398 1
5399 1
5400 1
5401 1
5402 1
5403 1
5404 1
5405 1
5406 1
5407 1
5408 1
5409 1
5410 1
5411 1
5412 1
5413 1
5414 1
5415 1
5416 1
5417 1
5418 1
5419 1
5420 1
5421 1
5422 1
5423 1
5424 1
5425 1
5426 1
5427 1
5428 1
5429 1
5430 1
5431 1
5432 1
5433 1
5434 1
5435 1
5436 1
5437 1
5438 1
5439 1
5440 1
5441 1
5442 1
5443 1
5444 1
5445 1
5446 1
5447 1
5448 1
5449 1
5450 1
5451 1
5452 1
5453 1
5454 1
5455 1
5456 1
5457 1
5458 1
5459 1
5460 1
5461 1
5462 1
5463 1
5464 1
5465 1
5466 1
5467 1
5468 1
5469 1
5470 1
5471 1
5472 1
5473 1
5474 1
5475 1
5476 1
5477 1
5478 1
5479 1
5480 1
5481 1
5482 1
5483 1
5484 1
5485 1
5486 1
5487 1
5488 1
5489 1
5490 1
5491 1
5492 1
5493 1
5494 1
5495 1
5496 1
5497 1
5498 1
5499 1
5500 1
5501 1
5502 1
5503 1
5504 1
5505 1
5506 1
5507 1
5508 1
5509 1
5510 1
5511 1
5512 1
5513 1
5514 1
5515 1
5516 1
5517 1
5518 1
5519 1
5520 1
5521 1
5522 1
5523 1
5524 1
5525 1
5526 1
5527 1
5528 1
5529 1
5530 1
5531 1
5532 1
5533 1
5534 1
5535 1
5536 1
5537 1
5538 1
5539 1
5540 1
5541 1
5542 1
5543 1
5544 1
5545 1
5546 1
5547 1
5548 1
5549 1
5550 1
5551 1
5552 1
5553 1
5554 1
5555 1
5556 1
5557 1
5558 1
5559 1
5560 1
5561 1
5562 1
5563 1
5564 1
5565 1
5566 1
5567 1
5568 1
5569 1
5570 1
5571 1
5572 1
5573 1
5574 1
5575 1
5576 1
5577 1
5578 1
5579 1
5580 1
5581 1
5582 1
5583 1
5584 1
5585 1
5586 1
5587 1
5588 1
5589 1
5590 1
5591 1
5592 1
5593 1
5594 1
5595 1
5596 1
5597 1
5598 1
5599 1
5600 0
5601 0
5602 0
5603 0
5604 0
5605 0
5606 0
5607 0
5608 0
5609 0
5610 0
5611 0
5612 0
5613 0
5614 0
5615 0
5616 0
5617 0
5618 0
5619 0
5620 0
5621 0
5622 0
5623 0
5624 0
5625 0
5626 0
5627 0
5628 0
5629 0
5630 0
5631 0
5632 0
5633 0
5634 0
5635 0
5636 0
5637 0
5638 0
5639 0
5640 0
5641 0
5642 0
5643 0
5644 0
5645 0
5646 0
5647 0
5648 0
5649 0
5650 0
5651 0
5652 0
5653 0
5654 0
5655 0
5656 0
5657 0
5658 0
5659 0
5660 0
5661 0
5662 0
5663 0
5664 0
5665 0
5666 0
5667 0
5668 0
5669 0
5670 0
5671 0
5672 0
5673 0
5674 0
5675 0
5676 0
5677 0
5678 0
5679 0
5680 0
5681 0
5682 0
5683 0
5684 0
5685 0
5686 0
5687 0
5688 0
5689 0
5690 0
5691 0
5692 0
5693 0
5694 0
5695 0
5696 0
5697 0
5698 0
5699 0
5700 0
5701 0
5702 0
5703 0
5704 0
5705 0
5706 0
5707 0
5708 0
5709 0
5710 0
5711 0
5712 0
5713 0
5714 0
5715 0
5716 0
5717 0
5718 0
5719 0
5720 0
5721 0
5722 0
5723 0
5724 0
5725 0
5726 0
5727 0
5728 0
5729 0
5730 0
5731 0
5732 0
5733 0
5734 0
5735 0
5736 0
5737 0
5738 0
5739 0
5740 0
5741 0
5742 0
5743 0
5744 0
5745 0
5746 0
5747 0
5748 0
5749 0
5750 0
5751 0
5752 0
5753 0
5754 0
5755 0
5756 0
5757 0
5758 0
5759 0
5760 0
5761 0
5762 0
5763 0
5764 0
5765 0
5766 0
5767 0
5768 0
5769 0
5770 0
5771 0
5772 0
5773 0
5774 0
5775 0
5776 0
5777 0
5778 0
5779 0
5780 0
5781 0
5782 0
5783 0
5784 0
5785 0
5786 0
5787 0
5788 0
5789 0
5790 0
5791 0
5792 0
5793 0
5794 0
5795 0
5796 0
5797 0
5798 0
5799 0
5800 0
5801 0
5802 0
5803 0
5804 0
5805 0
5806 0
5807 0
5808 0
5809 0
5810 0
5811 0
5812 0
5813 0
5814 0
5815 0
5816 0
5817 0
5818 0
5819 0
5820 0
5821 0
5822 0
5823 0
5824 0
5825 0
5826 0
5827 0
5828 0
5829 0
5830 0
5831 0
5832 0
5833 0
5834 0
5835 0
5836 0
5837 0
5838 0
5839 0
5840 0
5841 0
5842 0
5843 0
5844 0
5845 0
5846 0
5847 0
5848 0
5849 0
5850 0
5851 0
5852 0
5853 0
5854 0
5855 0
5856 0
5857 0
5858 0
5859 0
5860 0
5861 0
5862 0
5863 0
5864 0
5865 0
5866 0
5867 0
5868 0
5869 0
5870 0
5871 0
5872 0
5873 0
5874 0
5875 0
5876 0
5877 0
5878 0
5879 0
5880 0
5881 0
5882 0
5883 0
5884 0
5885 0
5886 0
5887 0
5888 0
5889 0
5890 0
5891 0
5892 0
5893 0
5894 0
5895 0
5896 0
5897 0
5898 0
5899 0
5900 0
5901 0
5902 0
5903 0
5904 0
5905 0
5906 0
5907 0
5908 0
5909 0
5910 0
5911 0
5912 0
5913 0
5914 0
5915 0
5916 0
5917 0
5918 0
5919 0
5920 0
5921 0
5922 0
5923 0
5924 0
5925 0
5926 0
5927 0
5928 0
5929 0
5930 0
5931 0
5932 0
5933 0
5934 0
5935 0
5936 0
5937 0
5938 0
5939 0
5940 0
5941 0
5942 0
5943 0
5944 0
5945 0
5946 0
5947 0
5948 0
5949 0
5950 0
5951 0
5952 0
5953 0
5954 0
5955 0
5956 0
5957 0
5958 0
5959 0
5960 0
5961 0
5962 0
5963 0
5964 0
5965 0
5966 0
5967 0
5968 0
5969 0
5970 0
5971 0
5972 0
5973 0
5974 0
5975 0
5976 0
5977 0
5978 0
5979 0
5980 0
5981 0
5982 0
5983 0
5984 0
5985 0
5986 0
5987 0
5988 0
5989 0
5990 0
5991 0
5992 0
5993 0
5994 0
5995 0
5996 0
5997 0
5998 0
5999 0
6000 0
6001 0
6002 0
6003 0
6004 0
6005 0
6006 0
6007 0
6008 0
6009 0
6010 0
6011 0
6012 0
6013 0
6014 0
6015 0
6016 0
6017 0
6018 0
6019 0
6020 0
6021 0
6022 0
6023 0
6024 0
6025 0
6026 0
6027 0
6028 0
6029 0
6030 0
6031 0
6032 0
6033 0
6034 0
6035 0
6036 0
6037 0
6038 0
6039 0
6040 0
6041 0
6042 0
6043 0
6044 0
6045 0
6046 0
6047 0
6048 0
6049 0
6050 0
6051 0
6052 0
6053 0
6054 0
6055 0
6056 0
6057 0
6058 0
6059 0
6060 0
6061 0
6062 0
6063 0
6064 0
6065 0
6066 0
6067 0
6068 0
6069 0
6070 0
6071 0
6072 0
6073 0
6074 0
6075 0
6076 0
6077 0
6078 0
6079 0
6080 0
6081 0
6082 0
6083 0
6084 0
6085 0
6086 0
6087 0
6088 0
6089 0
6090 0
6091 0
6092 0
6093 0
6094 0
6095 0
6096 0
6097 0
6098 0
6099 0
6100 0
6101 0
6102 0
6103 0
6104 0
6105 0
6106 0
6107 0
6108 0
6109 0
6110 0
6111 0
6112 0
6113 0
6114 0
6115 0
6116 0
6117 0
6118 0
6119 0
6120 0
6121 0
6122 0
6123 0
6124 0
6125 0
6126 0
6127 0
6128 0
6129 0
6130 0
6131 0
6132 0
6133 0
6134 0
6135 0
6136 0
6137 0
6138 0
6139 0
6140 0
6141 0
6142 0
6143 0
6144 0
6145 0
6146 0
6147 0
6148 0
6149 0
6150 0
6151 0
6152 0
6153 0
6154 0
6155 0
6156 0
6157 0
6158 0
6159 0
6160 0
6161 0
6162 0
6163 0
6164 0
6165 0
6166 0
6167 0
6168 0
6169 0
6170 0
6171 0
6172 0
6173 0
6174 0
6175 0
6176 0
6177 0
6178 0
6179 0
6180 0
6181 0
6182 0
6183 0
6184 0
6185 0
6186 0
6187 0
6188 0
6189 0
6190 0
6191 0
6192 0
6193 0
6194 0
6195 0
6196 0
6197 0
6198 0
6199 0
6200 0
6201 0
6202 0
6203 0
6204 0
6205 0
6206 0
6207 0
6208 0
6209 0
6210 0
6211 0
6212 0
6213 0
6214 0
6215 0
6216 0
6217 0
6218 0
6219 0
6220 0
6221 0
6222 0
6223 0
6224 0
6225 0
6226 0
6227 0
6228 0
6229 0
6230 0
6231 0
6232 0
6233 0
6234 0
6235 0
6236 0
6237 0
6238 0
6239 0
6240 0
6241 0
6242 0
6243 0
6244 0
6245 0
6246 0
6247 0
6248 0
6249 0
6250 0
6251 0
6252 0
6253 0
6254 0
6255 0
6256 0
6257 0
6258 0
6259 0
6260 0
6261 0
6262 0
6263 0
6264 0
6265 0
6266 0
6267 0
6268 0
6269 0
6270 0
6271 0
6272 0
6273 0
6274 0
6275 0
6276 0
6277 0
6278 0
6279 0
6280 0
6281 0
6282 0
6283 0
6284 0
6285 0
6286 0
6287 0
6288 0
6289 0
6290 0
6291 0
6292 0
6293 0
6294 0
6295 0
6296 0
6297 0
6298 0
6299 0
6300 0
6301 0
6302 0
6303 0
6304 0
6305 0
6306 0
6307 0
6308 0
6309 0
6310 0
6311 0
6312 0
6313 0
6314 0
6315 0
6316 0
6317 0
6318 0
6319 0
6320 0
6321 0
6322 0
6323 0
6324 0
6325 0
6326 0
6327 0
6328 0
6329 0
6330 0
6331 0
6332 0
6333 0
6334 0
6335 0
6336 0
6337 0
6338 0
6339 0
6340 0
6341 0
6342 0
6343 0
6344 0
6345 0
6346 0
6347 0
6348 0
6349 0
6350 0
6351 0
6352 0
6353 0
6354 0
6355 0
6356 0
6357 0
6358 0
6359 0
6360 0
6361 0
6362 0
6363 0
6364 0
6365 0
6366 0
6367 0
6368 0
6369 0
6370 0
6371 0
6372 0
6373 0
6374 0
6375 0
6376 0
6377 0
6378 0
6379 0
6380 0
6381 0
6382 0
6383 0
6384 0
6385 0
6386 0
6387 0
6388 0
6389 0
6390 0
6391 0
6392 0
6393 0
6394 0
6395 0
6396 0
6397 0
6398 0
6399 0
6400 0
6401 0
6402 0
6403 0
6404 0
6405 0
6406 0
6407 0
6408 0
6409 0
6410 0
6411 0
6412 0
6413 0
6414 0
6415 0
6416 0
6417 0
6418 0
6419 0
6420 0
6421 0
6422 0
6423 0
6424 0
6425 0
6426 0
6427 0
6428 0
6429 0
6430 0
6431 0
6432 0
6433 0
6434 0
6435 0
6436 0
6437 0
6438 0
6439 0
6440 0
6441 0
6442 0
6443 0
6444 0
6445 0
6446 0
6447 0
6448 0
6449 0
6450 0
6451 0
6452 0
6453 0
6454 0
6455 0
6456 0
6457 0
6458 0
6459 0
6460 0
6461 0
6462 0
6463 0
6464 0
6465 0
6466 0
6467 0
6468 0
6469 0
6470 0
6471 0
6472 0
6473 0
6474 0
6475 0
6476 0
6477 0
6478 0
6479 0
6480 0
6481 0
6482 0
6483 0
6484 0
6485 0
6486 0
6487 0
6488 0
6489 0
6490 0
6491 0
6492 0
6493 0
6494 0
6495 0
6496 0
6497 0
6498 0
6499 0
6500 0
6501 0
6502 0
6503 0
6504 0
6505 0
6506 0
6507 0
6508 0
6509 0
6510 0
6511 0
6512 0
6513 0
6514 0
6515 0
6516 0
6517 0
6518 0
6519 0
6520 0
6521 0
6522 0
6523 0
6524 0
6525 0
6526 0
6527 0
6528 0
6529 0
6530 0
6531 0
6532 0
6533 0
6534 0
6535 0
6536 0
6537 0
6538 0
6539 0
6540 0
6541 0
6542 0
6543 0
6544 0
6545 0
6546 0
6547 0
6548 0
6549 0
6550 0
6551 0
6552 0
6553 0
6554 0
6555 0
6556 0
6557 0
6558 0
6559 0
6560 0
6561 0
6562 0
6563 0
6564 0
6565 0
6566 0
6567 0
6568 0
6569 0
6570 0
6571 0
6572 0
6573 0
6574 0
6575 0
6576 0
6577 0
6578 0
6579 0
6580 0
6581 0
6582 0
6583 0
6584 0
6585 0
6586 0
6587 0
6588 0
6589 0
6590 0
6591 0
6592 0
6593 0
6594 0
6595 0
6596 0
6597 0
6598 0
6599 0
6600 0
6601 0
6602 0
6603 0
6604 0
6605 0
6606 0
6607 0
6608 0
6609 0
6610 0
6611 0
6612 0
6613 0
6614 0
6615 0
6616 0
6617 0
6618 0
6619 0
6620 0
6621 0
6622 0
6623 0
6624 0
6625 0
6626 0
6627 0
6628 0
6629 0
6630 0
6631 0
6632 0
6633 0
6634 0
6635 0
6636 0
6637 0
6638 0
6639 0
6640 0
6641 0
6642 0
6643 0
6644 0
6645 0
6646 0
6647 0
6648 0
6649 0
6650 0
6651 0
6652 0
6653 0
6654 0
6655 0
6656 0
6657 0
6658 0
6659 0
6660 0
6661 0
6662 0
6663 0
6664 0
6665 0
6666 0
6667 0
6668 0
6669 0
6670 0
6671 0
6672 0
6673 0
6674 0
6675 0
6676 0
6677 0
6678 0
6679 0
6680 0
6681 0
6682 0
6683 0
6684 0
6685 0
6686 0
6687 0
6688 0
6689 0
6690 0
6691 0
6692 0
6693 0
6694 0
6695 0
6696 0
6697 0
6698 0
6699 0
6700 0
6701 0
6702 0
6703 0
6704 0
6705 0
6706 0
6707 0
6708 0
6709 0
6710 0
6711 0
6712 0
6713 0
6714 0
6715 0
6716 0
6717 0
6718 0
6719 0
6720 0
6721 0
6722 0
6723 0
6724 0
6725 0
6726 0
6727 0
6728 0
6729 0
6730 0
6731 0
6732 0
6733 0
6734 0
6735 0
6736 0
6737 0
6738 0
6739 0
6740 0
6741 0
6742 0
6743 0
6744 0
6745 0
6746 0
6747 0
6748 0
6749 0
6750 0
6751 0
6752 0
6753 0
6754 0
6755 0
6756 0
6757 0
6758 0
6759 0
6760 0
6761 0
6762 0
6763 0
6764 0
6765 0
6766 0
6767 0
6768 0
6769 0
6770 0
6771 0
6772 0
6773 0
6774 0
6775 0
6776 0
6777 0
6778 0
6779 0
6780 0
6781 0
6782 0
6783 0
6784 0
6785 0
6786 0
6787 0
6788 0
6789 0
6790 0
6791 0
6792 0
6793 0
6794 0
6795 0
6796 0
6797 0
6798 0
6799 0
6800 0
6801 0
6802 0
6803 0
6804 0
6805 0
6806 0
6807 0
6808 0
6809 0
6810 0
6811 0
6812 0
6813 0
6814 0
6815 0
6816 0
6817 0
6818 0
6819 0
6820 0
6821 0
6822 0
6823 0
6824 0
6825 0
6826 0
6827 0
6828 0
6829 0
6830 0
6831 0
6832 0
6833 0
6834 0
6835 0
6836 0
6837 0
6838 0
6839 0
6840 0
6841 0
6842 0
6843 0
6844 0
6845 0
6846 0
6847 0
6848 0
6849 0
6850 0
6851 0
6852 0
6853 0
6854 0
6855 0
6856 0
6857 0
6858 0
6859 0
6860 0
6861 0
6862 0
6863 0
6864 0
6865 0
6866 0
6867 0
6868 0
6869 0
6870 0
6871 0
6872 0
6873 0
6874 0
6875 0
6876 0
6877 0
6878 0
6879 0
6880 0
6881 0
6882 0
6883 0
6884 0
6885 0
6886 0
6887 0
6888 0
6889 0
6890 0
6891 0
6892 0
6893 0
6894 0
6895 0
6896 0
6897 0
6898 0
6899 0
6900 0
6901 0
6902 0
6903 0
6904 0
6905 0
6906 0
6907 0
6908 0
6909 0
6910 0
6911 0
6912 0
6913 0
6914 0
6915 0
6916 0
6917 0
6918 0
6919 0
6920 0
6921 0
6922 0
6923 0
6924 0
6925 0
6926 0
6927 0
6928 0
6929 0
6930 0
6931 0
6932 0
6933 0
6934 0
6935 0
6936 0
6937 0
6938 0
6939 0
6940 0
6941 0
6942 0
6943 0
6944 0
6945 0
6946 0
6947 0
6948 0
6949 0
6950 0
6951 0
6952 0
6953 0
6954 0
6955 0
6956 0
6957 0
6958 0
6959 0
6960 0
6961 0
6962 0
6963 0
6964 0
6965 0
6966 0
6967 0
6968 0
6969 0
6970 0
6971 0
6972 0
6973 0
6974 0
6975 0
6976 0
6977 0
6978 0
6979 0
6980 0
6981 0
6982 0
6983 0
6984 0
6985 0
6986 0
6987 0
6988 0
6989 0
6990 0
6991 0
6992 0
6993 0
6994 0
6995 0
6996 0
6997 0
6998 0
6999 0
7000 0
7001 0
7002 0
7003 0
7004 0
7005 0
7006 0
7007 0
7008 0
7009 0
7010 0
7011 0
7012 0
7013 0
7014 0
7015 0
7016 0
7017 0
7018 0
7019 0
7020 0
7021 0
7022 0
7023 0
7024 0
7025 0
7026 0
7027 0
7028 0
7029 0
7030 0
7031 0
7032 0
7033 0
7034 0
7035 0
7036 0
7037 0
7038 0
7039 0
7040 0
7041 0
7042 0
7043 0
7044 0
7045 0
7046 0
7047 0
7048 0
7049 0
7050 0
7051 0
7052 0
7053 0
7054 0
7055 0
7056 0
7057 0
7058 0
7059 0
7060 0
7061 0
7062 0
7063 0
7064 0
7065 0
7066 0
7067 0
7068 0
7069 0
7070 0
7071 0
7072 0
7073 0
7074 0
7075 0
7076 0
7077 0
7078 0
7079 0
7080 0
7081 0
7082 0
7083 0
7084 0
7085 0
7086 0
7087 0
7088 0
7089 0
7090 0
7091 0
7092 0
7093 0
7094 0
7095 0
7096 0
7097 0
7098 0
7099 0
7100 0
7101 0
7102 0
7103 0
7104 0
7105 0
7106 0
7107 0
7108 0
7109 0
7110 0
7111 0
7112 0
7113 0
7114 0
7115 0
7116 0
7117 0
7118 0
7119 0
7120 0
7121 0
7122 0
7123 0
7124 0
7125 0
7126 0
7127 0
7128 0
7129 0
7130 0
7131 0
7132 0
7133 0
7134 0
7135 0
7136 0
7137 0
7138 0
7139 0
7140 0
7141 0
7142 0
7143 0
7144 0
7145 0
7146 0
7147 0
7148 0
7149 0
7150 0
7151 0
7152 0
7153 0
7154 0
7155 0
7156 0
7157 0
7158 0
7159 0
7160 0
7161 0
7162 0
7163 0
7164 0
7165 0
7166 0
7167 0
7168 0
7169 0
7170 0
7171 0
7172 0
7173 0
7174 0
7175 0
7176 0
7177 0
7178 0
7179 0
7180 0
7181 0
7182 0
7183 0
7184 0
7185 0
7186 0
7187 0
7188 0
7189 0
7190 0
7191 0
7192 0
7193 0
7194 0
7195 0
7196 0
7197 0
7198 0
7199 0
7200 0
7201 0
7202 0
7203 0
7204 0
7205 0
7206 0
7207 0
7208 0
7209 0
7210 0
7211 0
7212 0
7213 0
7214 0
7215 0
7216 0
7217 0
7218 0
7219 0
7220 0
7221 0
7222 0
7223 0
7224 0
7225 0
7226 0
7227 0
7228 0
7229 0
7230 0
7231 0
7232 0
7233 0
7234 0
7235 0
7236 0
7237 0
7238 0
7239 0
7240 0
7241 0
7242 0
7243 0
7244 0
7245 0
7246 0
7247 0
7248 0
7249 0
7250 0
7251 0
7252 0
7253 0
7254 0
7255 0
7256 0
7257 0
7258 0
7259 0
7260 0
7261 0
7262 0
7263 0
7264 0
7265 0
7266 0
7267 0
7268 0
7269 0
7270 0
7271 0
7272 0
7273 0
7274 0
7275 0
7276 0
7277 0
7278 0
7279 0
7280 0
7281 0
7282 0
7283 0
7284 0
7285 0
7286 0
7287 0
7288 0
7289 0
7290 0
7291 0
7292 0
7293 0
7294 0
7295 0
7296 0
7297 0
7298 0
7299 0
7300 0
7301 0
7302 0
7303 0
7304 0
7305 0
7306 0
7307 0
7308 0
7309 0
7310 0
7311 0
7312 0
7313 0
7314 0
7315 0
7316 0
7317 0
7318 0
7319 0
7320 0
7321 0
7322 0
7323 0
7324 0
7325 0
7326 0
7327 0
7328 0
7329 0
7330 0
7331 0
7332 0
7333 0
7334 0
7335 0
7336 0
7337 0
7338 0
7339 0
7340 0
7341 0
7342 0
7343 0
7344 0
7345 0
7346 0
7347 0
7348 0
7349 0
7350 0
7351 0
7352 0
7353 0
7354 0
7355 0
7356 0
7357 0
7358 0
7359 0
7360 0
7361 0
7362 0
7363 0
7364 0
7365 0
7366 0
7367 0
7368 0
7369 0
7370 0
7371 0
7372 0
7373 0
7374 0
7375 0
7376 0
7377 0
7378 0
7379 0
7380 0
7381 0
7382 0
7383 0
7384 0
7385 0
7386 0
7387 0
7388 0
7389 0
7390 0
7391 0
7392 0
7393 0
7394 0
7395 0
7396 0
7397 0
7398 0
7399 0
7400 0
7401 0
7402 0
7403 0
7404 0
7405 0
7406 0
7407 0
7408 0
7409 0
7410 0
7411 0
7412 0
7413 0
7414 0
7415 0
7416 0
7417 0
7418 0
7419 0
7420 0
7421 0
7422 0
7423 0
7424 0
7425 0
7426 0
7427 0
7428 0
7429 0
7430 0
7431 0
7432 0
7433 0
7434 0
7435 0
7436 0
7437 0
7438 0
7439 0
7440 0
7441 0
7442 0
7443 0
7444 0
7445 0
7446 0
7447 0
7448 0
7449 0
7450 0
7451 0
7452 0
7453 0
7454 0
7455 0
7456 0
7457 0
7458 0
7459 0
7460 0
7461 0
7462 0
7463 0
7464 0
7465 0
7466 0
7467 0
7468 0
7469 0
7470 0
7471 0
7472 0
7473 0
7474 0
7475 0
7476 0
7477 0
7478 0
7479 0
7480 0
7481 0
7482 0
7483 0
7484 0
7485 0
7486 0
7487 0
7488 0
7489 0
7490 0
7491 0
7492 0
7493 0
7494 0
7495 0
7496 0
7497 0
7498 0
7499 0
7500 0
7501 0
7502 0
7503 0
7504 0
7505 0
7506 0
7507 0
7508 0
7509 0
7510 0
7511 0
7512 0
7513 0
7514 0
7515 0
7516 0
7517 0
7518 0
7519 0
7520 0
7521 0
7522 0
7523 0
7524 0
7525 0
7526 0
7527 0
7528 0
7529 0
7530 0
7531 0
7532 0
7533 0
7534 0
7535 0
7536 0
7537 0
7538 0
7539 0
7540 0
7541 0
7542 0
7543 0
7544 0
7545 0
7546 0
7547 0
7548 0
7549 0
7550 0
7551 0
7552 0
7553 0
7554 0
7555 0
7556 0
7557 0
7558 0
7559 0
7560 0
7561 0
7562 0
7563 0
7564 0
7565 0
7566 0
7567 0
7568 0
7569 0
7570 0
7571 0
7572 0
7573 0
7574 0
7575 0
7576 0
7577 0
7578 0
7579 0
7580 0
7581 0
7582 0
7583 0
7584 0
7585 0
7586 0
7587 0
7588 0
7589 0
7590 0
7591 0
7592 0
7593 0
7594 0
7595 0
7596 0
7597 0
7598 0
7599 0
7600 0
7601 0
7602 0
7603 0
7604 0
7605 0
7606 0
7607 0
7608 0
7609 0
7610 0
7611 0
7612 0
7613 0
7614 0
7615 0
7616 0
7617 0
7618 0
7619 0
7620 0
7621 0
7622 0
7623 0
7624 0
7625 0
7626 0
7627 0
7628 0
7629 0
7630 0
7631 0
7632 0
7633 0
7634 0
7635 0
7636 0
7637 0
7638 0
7639 0
7640 0
7641 0
7642 0
7643 0
7644 0
7645 0
7646 0
7647 0
7648 0
7649 0
7650 0
7651 0
7652 0
7653 0
7654 0
7655 0
7656 0
7657 0
7658 0
7659 0
7660 0
7661 0
7662 0
7663 0
7664 0
7665 0
7666 0
7667 0
7668 0
7669 0
7670 0
7671 0
7672 0
7673 0
7674 0
7675 0
7676 0
7677 0
7678 0
7679 0
7680 0
7681 0
7682 0
7683 0
7684 0
7685 0
7686 0
7687 0
7688 0
7689 0
7690 0
7691 0
7692 0
7693 0
7694 0
7695 0
7696 0
7697 0
7698 0
7699 0
7700 0
7701 0
7702 0
7703 0
7704 0
7705 0
7706 0
7707 0
7708 0
7709 0
7710 0
7711 0
7712 0
7713 0
7714 0
7715 0
7716 0
7717 0
7718 0
7719 0
7720 0
7721 0
7722 0
7723 0
7724 0
7725 0
7726 0
7727 0
7728 0
7729 0
7730 0
7731 0
7732 0
7733 0
7734 0
7735 0
7736 0
7737 0
7738 0
7739 0
7740 0
7741 0
7742 0
7743 0
7744 0
7745 0
7746 0
7747 0
7748 0
7749 0
7750 0
7751 0
7752 0
7753 0
7754 0
7755 0
7756 0
7757 0
7758 0
7759 0
7760 0
7761 0
7762 0
7763 0
7764 0
7765 0
7766 0
7767 0
7768 0
7769 0
7770 0
7771 0
7772 0
7773 0
7774 0
7775 0
7776 0
7777 0
7778 0
7779 0
7780 0
7781 0
7782 0
7783 0
7784 0
7785 0
7786 0
7787 0
7788 0
7789 0
7790 0
7791 0
7792 0
7793 0
7794 0
7795 0
7796 0
7797 0
7798 0
7799 0
7800 0
7801 0
7802 0
7803 0
7804 0
7805 0
7806 0
7807 0
7808 0
7809 0
7810 0
7811 0
7812 0
7813 0
7814 0
7815 0
7816 0
7817 0
7818 0
7819 0
7820 0
7821 0
7822 0
7823 0
7824 0
7825 0
7826 0
7827 0
7828 0
7829 0
7830 0
7831 0
7832 0
7833 0
7834 0
7835 0
7836 0
7837 0
7838 0
7839 0
7840 0
7841 0
7842 0
7843 0
7844 0
7845 0
7846 0
7847 0
7848 0
7849 0
7850 0
7851 0
7852 0
7853 0
7854 0
7855 0
7856 0
7857 0
7858 0
7859 0
7860 0
7861 0
7862 0
7863 0
7864 0
7865 0
7866 0
7867 0
7868 0
7869 0
7870 0
7871 0
7872 0
7873 0
7874 0
7875 0
7876 0
7877 0
7878 0
7879 0
7880 0
7881 0
7882 0
7883 0
7884 0
7885 0
7886 0
7887 0
7888 0
7889 0
7890 0
7891 0
7892 0
7893 0
7894 0
7895 0
7896 0
7897 0
7898 0
7899 0
7900 0
7901 0
7902 0
7903 0
7904 0
7905 0
7906 0
7907 0
7908 0
7909 0
7910 0
7911 0
7912 0
7913 0
7914 0
7915 0
7916 0
7917 0
7918 0
7919 0
7920 0
7921 0
7922 0
7923 0
7924 0
7925 0
7926 0
7927 0
7928 0
7929 0
7930 0
7931 0
7932 0
7933 0
7934 0
7935 0
7936 0
7937 0
7938 0
7939 0
7940 0
7941 0
7942 0
7943 0
7944 0
7945 0
7946 0
7947 0
7948 0
7949 0
7950 0
7951 0
7952 0
7953 0
7954 0
7955 0
7956 0
7957 0
7958 0
7959 0
7960 0
7961 0
7962 0
7963 0
7964 0
7965 0
7966 0
7967 0
7968 0
7969 0
7970 0
7971 0
7972 0
7973 0
7974 0
7975 0
7976 0
7977 0
7978 0
7979 0
7980 0
7981 0
7982 0
7983 0
7984 0
7985 0
7986 0
7987 0
7988 0
7989 0
7990 0
7991 0
7992 0
7993 0
7994 0
7995 0
7996 0
7997 0
7998 0
7999 0
8000 0
8001 0
8002 0
8003 0
8004 0
8005 0
8006 0
8007 0
8008 0
8009 0
8010 0
8011 0
8012 0
8013 0
8014 0
8015 0
8016 0
8017 0
8018 0
8019 0
8020 0
8021 0
8022 0
8023 0
8024 0
8025 0
8026 0
8027 0
8028 0
8029 0
8030 0
8031 0
8032 0
8033 0
8034 0
8035 0
8036 0
8037 0
8038 0
8039 0
8040 0
8041 0
8042 0
8043 0
8044 0
8045 0
8046 0
8047 0
8048 0
8049 0
8050 0
8051 0
8052 0
8053 0
8054 0
8055 0
8056 0
8057 0
8058 0
8059 0
8060 0
8061 0
8062 0
8063 0
8064 0
8065 0
8066 0
8067 0
8068 0
8069 0
8070 0
8071 0
8072 0
8073 0
8074 0
8075 0
8076 0
8077 0
8078 0
8079 0
8080 0
8081 0
8082 0
8083 0
8084 0
8085 0
8086 0
8087 0
8088 0
8089 0
8090 0
8091 0
8092 0
8093 0
8094 0
8095 0
8096 0
8097 0
8098 0
8099 0
8100 0
8101 0
8102 0
8103 0
8104 0
8105 0
8106 0
8107 0
8108 0
8109 0
8110 0
8111 0
8112 0
8113 0
8114 0
8115 0
8116 0
8117 0
8118 0
8119 0
8120 0
8121 0
8122 0
8123 0
8124 0
8125 0
8126 0
8127 0
8128 0
8129 0
8130 0
8131 0
8132 0
8133 0
8134 0
8135 0
8136 0
8137 0
8138 0
8139 0
8140 0
8141 0
8142 0
8143 0
8144 0
8145 0
8146 0
8147 0
8148 0
8149 0
8150 0
8151 0
8152 0
8153 0
8154 0
8155 0
8156 0
8157 0
8158 0
8159 0
8160 0
8161 0
8162 0
8163 0
8164 0
8165 0
8166 0
8167 0
8168 0
8169 0
8170 0
8171 0
8172 0
8173 0
8174 0
8175 0
8176 0
8177 0
8178 0
8179 0
8180 0
8181 0
8182 0
8183 0
8184 0
8185 0
8186 0
8187 0
8188 0
8189 0
8190 0
8191 0
8192 0
8193 0
8194 0
8195 0
8196 0
8197 0
8198 0
8199 0
8200 0
8201 0
8202 0
8203 0
8204 0
8205 0
8206 0
8207 0
8208 0
8209 0
8210 0
8211 0
8212 0
8213 0
8214 0
8215 0
8216 0
8217 0
8218 0
8219 0
8220 0
8221 0
8222 0
8223 0
8224 0
8225 0
8226 0
8227 0
8228 0
8229 0
8230 0
8231 0
8232 0
8233 0
8234 0
8235 0
8236 0
8237 0
8238 0
8239 0
8240 0
8241 0
8242 0
8243 0
8244 0
8245 0
8246 0
8247 0
8248 0
8249 0
8250 0
8251 0
8252 0
8253 0
8254 0
8255 0
8256 0
8257 0
8258 0
8259 0
8260 0
8261 0
8262 0
8263 0
8264 0
8265 0
8266 0
8267 0
8268 0
8269 0
8270 0
8271 0
8272 0
8273 0
8274 0
8275 0
8276 0
8277 0
8278 0
8279 0
8280 0
8281 0
8282 0
8283 0
8284 0
8285 0
8286 0
8287 0
8288 0
8289 0
8290 0
8291 0
8292 0
8293 0
8294 0
8295 0
8296 0
8297 0
8298 0
8299 0
8300 0
8301 0
8302 0
8303 0
8304 0
8305 0
8306 0
8307 0
8308 0
8309 0
8310 0
8311 0
8312 0
8313 0
8314 0
8315 0
8316 0
8317 0
8318 0
8319 0
8320 0
8321 0
8322 0
8323 0
8324 0
8325 0
8326 0
8327 0
8328 0
8329 0
8330 0
8331 0
8332 0
8333 0
8334 0
8335 0
8336 0
8337 0
8338 0
8339 0
8340 0
8341 0
8342 0
8343 0
8344 0
8345 0
8346 0
8347 0
8348 0
8349 0
8350 0
8351 0
8352 0
8353 0
8354 0
8355 0
8356 0
8357 0
8358 0
8359 0
8360 0
8361 0
8362 0
8363 0
8364 0
8365 0
8366 0
8367 0
8368 0
8369 0
8370 0
8371 0
8372 0
8373 0
8374 0
8375 0
8376 0
8377 0
8378 0
8379 0
8380 0
8381 0
8382 0
8383 0
8384 0
8385 0
8386 0
8387 0
8388 0
8389 0
8390 0
8391 0
8392 0
8393 0
8394 0
8395 0
8396 0
8397 0
8398 0
8399 0
8400 0
8401 0
8402 0
8403 0
8404 0
8405 0
8406 0
8407 0
8408 0
8409 0
8410 0
8411 0
8412 0
8413 0
8414 0
8415 0
8416 0
8417 0
8418 0
8419 0
8420 0
8421 0
8422 0
8423 0
8424 0
8425 0
8426 0
8427 0
8428 0
8429 0
8430 0
8431 0
8432 0
8433 0
8434 0
8435 0
8436 0
8437 0
8438 0
8439 0
8440 0
8441 0
8442 0
8443 0
8444 0
8445 0
8446 0
8447 0
8448 0
8449 0
8450 0
8451 0
8452 0
8453 0
8454 0
8455 0
8456 0
8457 0
8458 0
8459 0
8460 0
8461 0
8462 0
8463 0
8464 0
8465 0
8466 0
8467 0
8468 0
8469 0
8470 0
8471 0
8472 0
8473 0
8474 0
8475 0
8476 0
8477 0
8478 0
8479 0
8480 0
8481 0
8482 0
8483 0
8484 0
8485 0
8486 0
8487 0
8488 0
8489 0
8490 0
8491 0
8492 0
8493 0
8494 0
8495 0
8496 0
8497 0
8498 0
8499 0
8500 0
8501 0
8502 0
8503 0
8504 0
8505 0
8506 0
8507 0
8508 0
8509 0
8510 0
8511 0
8512 0
8513 0
8514 0
8515 0
8516 0
8517 0
8518 0
8519 0
8520 0
8521 0
8522 0
8523 0
8524 0
8525 0
8526 0
8527 0
8528 0
8529 0
8530 0
8531 0
8532 0
8533 0
8534 0
8535 0
8536 0
8537 0
8538 0
8539 0
8540 0
8541 0
8542 0
8543 0
8544 0
8545 0
8546 0
8547 0
8548 0
8549 0
8550 0
8551 0
8552 0
8553 0
8554 0
8555 0
8556 0
8557 0
8558 0
8559 0
8560 0
8561 0
8562 0
8563 0
8564 0
8565 0
8566 0
8567 0
8568 0
8569 0
8570 0
8571 0
8572 0
8573 0
8574 0
8575 0
8576 0
8577 0
8578 0
8579 0
8580 0
8581 0
8582 0
8583 0
8584 0
8585 0
8586 0
8587 0
8588 0
8589 0
8590 0
8591 0
8592 0
8593 0
8594 0
8595 0
8596 0
8597 0
8598 0
8599 0
8600 0
8601 0
8602 0
8603 0
8604 0
8605 0
8606 0
8607 0
8608 0
8609 0
8610 0
8611 0
8612 0
8613 0
8614 0
8615 0
8616 0
8617 0
8618 0
8619 0
8620 0
8621 0
8622 0
8623 0
8624 0
8625 0
8626 0
8627 0
8628 0
8629 0
8630 0
8631 0
8632 0
8633 0
8634 0
8635 0
8636 0
8637 0
8638 0
8639 0
8640 0
8641 0
8642 0
8643 0
8644 0
8645 0
8646 0
8647 0
8648 0
8649 0
8650 0
8651 0
8652 0
8653 0
8654 0
8655 0
8656 0
8657 0
8658 0
8659 0
8660 0
8661 0
8662 0
8663 0
8664 0
8665 0
8666 0
8667 0
8668 0
8669 0
8670 0
8671 0
8672 0
8673 0
8674 0
8675 0
8676 0
8677 0
8678 0
8679 0
8680 0
8681 0
8682 0
8683 0
8684 0
8685 0
8686 0
8687 0
8688 0
8689 0
8690 0
8691 0
8692 0
8693 0
8694 0
8695 0
8696 0
8697 0
8698 0
8699 0
8700 0
8701 0
8702 0
8703 0
8704 0
8705 0
8706 0
8707 0
8708 0
8709 0
8710 0
8711 0
8712 0
8713 0
8714 0
8715 0
8716 0
8717 0
8718 0
8719 0
8720 0
8721 0
8722 0
8723 0
8724 0
8725 0
8726 0
8727 0
8728 0
8729 0
8730 0
8731 0
8732 0
8733 0
8734 0
8735 0
8736 0
8737 0
8738 0
8739 0
8740 0
8741 0
8742 0
8743 0
8744 0
8745 0
8746 0
8747 0
8748 0
8749 0
8750 0
8751 0
8752 0
8753 0
8754 0
8755 0
8756 0
8757 0
8758 0
8759 0
8760 0
8761 0
8762 0
8763 0
8764 0
8765 0
8766 0
8767 0
8768 0
8769 0
8770 0
8771 0
8772 0
8773 0
8774 0
8775 0
8776 0
8777 0
8778 0
8779 0
8780 0
8781 0
8782 0
8783 0
8784 0
8785 0
8786 0
8787 0
8788 0
8789 0
8790 0
8791 0
8792 0
8793 0
8794 0
8795 0
8796 0
8797 0
8798 0
8799 0
8800 0
8801 0
8802 0
8803 0
8804 0
8805 0
8806 0
8807 0
8808 0
8809 0
8810 0
8811 0
8812 0
8813 0
8814 0
8815 0
8816 0
8817 0
8818 0
8819 0
8820 0
8821 0
8822 0
8823 0
8824 0
8825 0
8826 0
8827 0
8828 0
8829 0
8830 0
8831 0
8832 0
8833 0
8834 0
8835 0
8836 0
8837 0
8838 0
8839 0
8840 0
8841 0
8842 0
8843 0
8844 0
8845 0
8846 0
8847 0
8848 0
8849 0
8850 0
8851 0
8852 0
8853 0
8854 0
8855 0
8856 0
8857 0
8858 0
8859 0
8860 0
8861 0
8862 0
8863 0
8864 0
8865 0
8866 0
8867 0
8868 0
8869 0
8870 0
8871 0
8872 0
8873 0
8874 0
8875 0
8876 0
8877 0
8878 0
8879 0
8880 0
8881 0
8882 0
8883 0
8884 0
8885 0
8886 0
8887 0
8888 0
8889 0
8890 0
8891 0
8892 0
8893 0
8894 0
8895 0
8896 0
8897 0
8898 0
8899 0
8900 0
8901 0
8902 0
8903 0
8904 0
8905 0
8906 0
8907 0
8908 0
8909 0
8910 0
8911 0
8912 0
8913 0
8914 0
8915 0
8916 0
8917 0
8918 0
8919 0
8920 0
8921 0
8922 0
8923 0
8924 0
8925 0
8926 0
8927 0
8928 0
8929 0
8930 0
8931 0
8932 0
8933 0
8934 0
8935 0
8936 0
8937 0
8938 0
8939 0
8940 0
8941 0
8942 0
8943 0
8944 0
8945 0
8946 0
8947 0
8948 0
8949 0
8950 0
8951 0
8952 0
8953 0
8954 0
8955 0
8956 0
8957 0
8958 0
8959 0
8960 0
8961 0
8962 0
8963 0
8964 0
8965 0
8966 0
8967 0
8968 0
8969 0
8970 0
8971 0
8972 0
8973 0
8974 0
8975 0
8976 0
8977 0
8978 0
8979 0
8980 0
8981 0
8982 0
8983 0
8984 0
8985 0
8986 0
8987 0
8988 0
8989 0
8990 0
8991 0
8992 0
8993 0
8994 0
8995 0
8996 0
8997 0
8998 0
8999 0
9000 0
9001 0
9002 0
9003 0
9004 0
9005 0
9006 0
9007 0
9008 0
9009 0
9010 0
9011 0
9012 0
9013 0
9014 0
9015 0
9016 0
9017 0
9018 0
9019 0
9020 0
9021 0
9022 0
9023 0
9024 0
9025 0
9026 0
9027 0
9028 0
9029 0
9030 0
9031 0
9032 0
9033 0
9034 0
9035 0
9036 0
9037 0
9038 0
9039 0
9040 0
9041 0
9042 0
9043 0
9044 0
9045 0
9046 0
9047 0
9048 0
9049 0
9050 0
9051 0
9052 0
9053 0
9054 0
9055 0
9056 0
9057 0
9058 0
9059 0
9060 0
9061 0
9062 0
9063 0
9064 0
9065 0
9066 0
9067 0
9068 0
9069 0
9070 0
9071 0
9072 0
9073 0
9074 0
9075 0
9076 0
9077 0
9078 0
9079 0
9080 0
9081 0
9082 0
9083 0
9084 0
9085 0
9086 0
9087 0
9088 0
9089 0
9090 0
9091 0
9092 0
9093 0
9094 0
9095 0
9096 0
9097 0
9098 0
9099 0
9100 0
9101 0
9102 0
9103 0
9104 0
9105 0
9106 0
9107 0
9108 0
9109 0
9110 0
9111 0
9112 0
9113 0
