1 10
2 2208
3 2208
4 2208
5 2208
6 2208
7 2208
8 2208
9 2208
10 2208
11 2208
12 2208
13 2208
14 2208
15 2208
16 2208
17 2208
18 2208
19 2208
20 2208
21 2208
22 2208
23 2208
24 2208
25 2208
26 2208
27 2208
28 2208
29 2208
30 2208
31 2208
32 2208
33 2208
34 2208
35 2208
36 2208
37 2208
38 2208
39 2208
40 2208
41 2208
42 2208
43 2208
44 2208
45 2208
46 2208
47 2208
48 2208
49 2208
50 2208
51 2208
52 2208
53 2208
54 2208
55 2208
56 2208
57 2208
58 2208
59 2208
60 2208
61 2208
62 2208
63 2208
64 2208
65 2208
66 2208
67 2208
68 2208
69 2208
70 2208
71 2208
72 2208
73 2208
74 2208
75 2208
76 2208
77 2208
78 2208
79 2208
80 2208
81 2208
82 2208
83 2208
84 2208
85 2208
86 2208
87 2208
88 2208
89 2208
90 2208
91 2208
92 2208
93 2208
94 2208
95 2208
96 2208
97 2208
98 2208
99 2208
100 2208
101 2208
102 2208
103 2208
104 2208
105 2208
106 2208
107 2208
108 2208
109 2208
110 2208
111 2208
112 2208
113 2208
114 2208
115 2208
116 2208
117 2208
118 2208
119 2208
120 2208
121 2208
122 2208
123 2208
124 2208
125 2208
126 2208
127 2208
128 2208
129 2208
130 2208
131 2208
132 2208
133 2208
134 2208
135 2208
136 2208
137 2208
138 2208
139 2208
140 2208
141 2208
142 2208
143 2208
144 2208
145 2208
146 2208
147 2208
148 2208
149 2208
150 2208
151 2208
152 2208
153 2208
154 2208
155 2208
156 2208
157 2208
158 2208
159 2208
160 2208
161 2208
162 2208
163 2208
164 2208
165 2208
166 2208
167 2208
168 2208
169 2208
170 2208
171 2208
172 2208
173 2208
174 2208
175 2208
176 2208
177 2208
178 2208
179 2208
180 2208
181 2208
182 2208
183 2208
184 2208
185 2208
186 2208
187 2208
188 2208
189 2208
190 2208
191 2208
192 2208
193 2208
194 2208
195 2208
196 2208
197 2208
198 2208
199 2208
200 2208
201 2208
202 2208
203 2208
204 2208
205 2208
206 2208
207 2208
208 2208
209 2208
210 2208
211 2208
212 2208
213 2208
214 2208
215 2208
216 2208
217 2208
218 2208
219 2208
220 2208
221 2208
222 2208
223 2208
224 2208
225 2208
226 2208
227 2208
228 2208
229 2208
230 2208
231 2208
232 2208
233 2208
234 2208
235 2208
236 2208
237 2208
238 2208
239 2208
240 2208
241 2208
242 2208
243 2208
244 2208
245 2208
246 2208
247 2208
248 2208
249 2208
250 2208
251 2208
252 2208
253 2208
254 2208
255 2208
256 2208
257 2208
258 2208
259 2208
260 2208
261 2208
262 2208
263 2208
264 2208
265 2208
266 2208
267 2208
268 2208
269 2208
270 2208
271 2208
272 2208
273 2208
274 2208
275 2208
276 2208
277 2208
278 2208
279 2208
280 2208
281 2208
282 2208
283 2208
284 2208
285 2208
286 2208
287 2208
288 2208
289 2208
290 2208
291 2208
292 2208
293 2208
294 2208
295 2208
296 2208
297 2208
298 2208
299 2208
300 2208
301 2208
302 2208
303 2208
304 2208
305 2208
306 2208
307 2208
308 2208
309 2208
310 2208
311 2208
312 2208
313 2208
314 2208
315 2208
316 2208
317 2208
318 2208
319 2208
320 2208
321 2208
322 2208
323 2208
324 2208
325 2208
326 2208
327 2208
328 2208
329 2208
330 2208
331 2208
332 2208
333 2208
334 2208
335 2208
336 2208
337 2208
338 2208
339 2208
340 2208
341 2208
342 2208
343 2208
344 2208
345 2208
346 2208
347 2208
348 2208
349 2208
350 2208
351 2208
352 2208
353 2208
354 2208
355 2208
356 2208
357 2208
358 2208
359 2208
360 2208
361 2208
362 2208
363 2208
364 2208
365 2208
366 2208
367 2208
368 2208
369 2208
370 2208
371 2208
372 2208
373 2208
374 2208
375 2208
376 2208
377 2208
378 2208
379 2208
380 2208
381 2208
382 2208
383 2208
384 2208
385 2208
386 2208
387 2208
388 2208
389 2208
390 2208
391 2208
392 2208
393 2208
394 2208
395 2208
396 2208
397 2208
398 2208
399 2208
400 2208
401 2208
402 2208
403 2208
404 2208
405 2208
406 2208
407 2208
408 2208
409 2208
410 2208
411 2208
412 2208
413 2208
414 2208
415 2208
416 2208
417 2208
418 2208
419 2208
420 2208
421 2208
422 2208
423 2208
424 2208
425 2208
426 2208
427 2208
428 2208
429 2208
430 2208
431 2208
432 2208
433 2208
434 2208
435 2208
436 2208
437 2208
438 2208
439 2208
440 2208
441 2208
442 2208
443 2208
444 2208
445 2208
446 2208
447 2208
448 2208
449 2208
450 2208
451 2208
452 2208
453 2208
454 2208
455 2208
456 2208
457 2208
458 2208
459 2208
460 2208
461 2208
462 2208
463 2208
464 2208
465 2208
466 2208
467 2208
468 2208
469 2208
470 2208
471 2208
472 2208
473 2208
474 2208
475 2208
476 2208
477 2208
478 2208
479 2208
480 2208
481 2208
482 2208
483 2208
484 2208
485 2208
486 2208
487 2208
488 2208
489 2208
490 2208
491 2208
492 2208
493 2208
494 2208
495 2208
496 2208
497 2208
498 2208
499 2208
500 2208
501 2208
502 2208
503 2208
504 2208
505 2208
506 2208
507 2208
508 2208
509 2208
510 2208
511 2208
512 2208
513 2208
514 2208
515 2208
516 2208
517 2208
518 2208
519 2208
520 2208
521 2208
522 2208
523 2208
524 2208
525 2208
526 2208
527 2208
528 2208
529 2208
530 2208
531 2208
532 2208
533 2208
534 2208
535 2208
536 2208
537 2208
538 2208
539 2208
540 2208
541 2208
542 2208
543 2208
544 2208
545 2208
546 2208
547 2208
548 2208
549 2208
550 2208
551 2208
552 2208
553 2208
554 2208
555 2208
556 2208
557 2208
558 2208
559 2208
560 2208
561 2208
562 2208
563 2208
564 2208
565 2208
566 2208
567 2208
568 2208
569 2208
570 2208
571 2208
572 2208
573 2208
574 2208
575 2208
576 2208
577 2208
578 2208
579 2208
580 2208
581 2208
582 2208
583 2208
584 2208
585 2208
586 2208
587 2208
588 2208
589 2208
590 2208
591 2208
592 2208
593 2208
594 2208
595 2208
596 2208
597 2208
598 2208
599 2208
600 2208
601 2208
602 2208
603 2208
604 2208
605 2208
606 2208
607 2208
608 2208
609 2208
610 2208
611 2208
612 2208
613 2208
614 2208
615 2208
616 2208
617 2208
618 2208
619 2208
620 2208
621 2208
622 2208
623 2208
624 2208
625 2208
626 2208
627 2208
628 2208
629 2208
630 2208
631 2208
632 2208
633 2208
634 2208
635 2208
636 2208
637 2208
638 2208
639 2208
640 2208
641 2208
642 2208
643 2208
644 2208
645 2208
646 2208
647 2208
648 2208
649 2208
650 2208
651 2208
652 2208
653 2208
654 2208
655 2208
656 2208
657 2208
658 2208
659 2208
660 2208
661 2208
662 2208
663 2208
664 2208
665 2208
666 2208
667 2208
668 2208
669 2208
670 2208
671 2208
672 2208
673 2208
674 2208
675 2208
676 2208
677 2208
678 2208
679 2208
680 2208
681 2208
682 2208
683 2208
684 2208
685 2208
686 2208
687 2208
688 2208
689 2208
690 2208
691 2208
692 2208
693 2208
694 2208
695 2208
696 2208
697 2208
698 2208
699 2208
700 2208
701 2208
702 2208
703 2208
704 2208
705 2208
706 2208
707 2208
708 2208
709 2208
710 2208
711 2208
712 2208
713 2208
714 2208
715 2208
716 2208
717 2208
718 2208
719 2208
720 2208
721 2208
722 2208
723 2208
724 2208
725 2208
726 2208
727 2208
728 2208
729 2208
730 2208
731 2208
732 2208
733 2208
734 2208
735 2208
736 2208
737 2208
738 2208
739 2208
740 2208
741 2208
742 2208
743 2208
744 2208
745 2208
746 2208
747 2208
748 2208
749 2208
750 2208
751 2208
752 2208
753 2208
754 2208
755 2208
756 2208
757 2208
758 2208
759 2208
760 2208
761 2208
762 2208
763 2208
764 2208
765 2208
766 2208
767 2208
768 2208
769 2208
770 2208
771 2208
772 2208
773 2208
774 2208
775 2208
776 2208
777 2208
778 2208
779 2208
780 2208
781 2208
782 2208
783 2208
784 2208
785 2208
786 2208
787 2208
788 2208
789 2208
790 2208
791 2208
792 2208
793 2208
794 2208
795 2208
796 2208
797 2208
798 2208
799 2208
800 2208
801 2208
802 2208
803 2208
804 2208
805 2208
806 2208
807 2208
808 2208
809 2208
810 2208
811 2208
812 2208
813 2208
814 2208
815 2208
816 2208
817 2208
818 2208
819 2208
820 2208
821 2208
822 2208
823 2208
824 2208
825 2208
826 2208
827 2208
828 2208
829 2208
830 2208
831 2208
832 2208
833 2208
834 2208
835 2208
836 2208
837 2208
838 2208
839 2208
840 2208
841 2208
842 2208
843 2208
844 2208
845 2208
846 2208
847 2208
848 2208
849 2208
850 2208
851 2208
852 2208
853 2208
854 2208
855 2208
856 2208
857 2208
858 2208
859 2208
860 2208
861 2208
862 2208
863 2208
864 2208
865 2208
866 2208
867 2208
868 2208
869 2208
870 2208
871 2208
872 2208
873 2208
874 2208
875 2208
876 2208
877 2208
878 2208
879 2208
880 2208
881 2208
882 2208
883 2208
884 2208
885 2208
886 2208
887 2208
888 2208
889 2208
890 2208
891 2208
892 2208
893 2208
894 2208
895 2208
896 2208
897 2208
898 2208
899 2208
900 2208
901 2208
902 2208
903 2208
904 2208
905 2208
906 2208
907 2208
908 2208
909 2208
910 2208
911 2208
912 2208
913 2208
914 2208
915 2208
916 2208
917 2208
918 2208
919 2208
920 2208
921 2208
922 2208
923 2208
924 2208
925 2208
926 2208
927 2208
928 2208
929 2208
930 2208
931 2208
932 2208
933 2208
934 2208
935 2208
936 2208
937 2208
938 2208
939 2208
940 2208
941 2208
942 2208
943 2208
944 2208
945 2208
946 2208
947 2208
948 2208
949 2208
950 2208
951 2208
952 2208
953 2208
954 2208
955 2208
956 2208
957 2208
958 2208
959 2208
960 2208
961 2208
962 2208
963 2208
964 2208
965 2208
966 2208
967 2208
968 2208
969 2208
970 2208
971 2208
972 2208
973 2208
974 2208
975 2208
976 2208
977 2208
978 2208
979 2208
980 2208
981 2208
982 2208
983 2208
984 2208
985 2208
986 2208
987 2208
988 2208
989 2208
990 2208
991 2208
992 2208
993 2208
994 2208
995 2208
996 2208
997 2208
998 2208
999 2208
1000 2208
1001 2208
1002 2208
1003 2208
1004 2208
1005 2208
1006 2208
1007 2208
1008 2208
1009 2208
1010 2208
1011 2208
1012 2208
1013 2208
1014 2208
1015 2208
1016 2208
1017 2208
1018 2208
1019 2208
1020 2208
1021 2208
1022 2208
1023 2208
1024 2208
1025 2208
1026 2208
1027 2208
1028 2208
1029 2208
1030 2208
1031 2208
1032 2208
1033 2208
1034 2208
1035 2208
1036 2208
1037 2208
1038 2208
1039 2208
1040 2208
1041 2208
1042 2208
1043 2208
1044 2208
1045 2208
1046 2208
1047 2208
1048 2208
1049 2208
1050 2208
1051 2208
1052 2208
1053 2208
1054 2208
1055 2208
1056 2208
1057 2208
1058 2208
1059 2208
1060 2208
1061 2208
1062 2208
1063 2208
1064 2208
1065 2208
1066 2208
1067 2208
1068 2208
1069 2208
1070 2208
1071 2208
1072 2208
1073 2208
1074 2208
1075 2208
1076 2208
1077 2208
1078 2208
1079 2208
1080 2208
1081 2208
1082 2208
1083 2208
1084 2208
1085 2208
1086 2208
1087 2208
1088 2208
1089 2208
1090 2208
1091 2208
1092 2208
1093 2208
1094 2208
1095 2208
1096 2208
1097 2208
1098 2208
1099 2208
1100 2208
1101 2208
1102 2208
1103 2208
1104 2208
1105 2208
1106 2208
1107 2208
1108 2208
1109 2208
1110 2208
1111 2208
1112 2208
1113 2208
1114 2208
1115 2208
1116 2208
1117 2208
1118 2208
1119 2208
1120 2208
1121 2208
1122 2208
1123 2208
1124 2208
1125 2208
1126 2208
1127 2208
1128 2208
1129 2208
1130 2208
1131 2208
1132 2208
1133 2208
1134 2208
1135 2208
1136 2208
1137 2208
1138 2208
1139 2208
1140 2208
1141 2208
1142 2208
1143 2208
1144 2208
1145 2208
1146 2208
1147 2208
1148 2208
1149 2208
1150 2208
1151 2208
1152 2208
1153 2208
1154 2208
1155 2208
1156 2208
1157 2208
1158 2208
1159 2208
1160 2208
1161 2208
1162 2208
1163 2208
1164 2208
1165 2208
1166 2208
1167 2208
1168 2208
1169 2208
1170 2208
1171 2208
1172 2208
1173 2208
1174 2208
1175 2208
1176 2208
1177 2208
1178 2208
1179 2208
1180 2208
1181 2208
1182 2208
1183 2208
1184 2208
1185 2208
1186 2208
1187 2208
1188 2208
1189 2208
1190 2208
1191 2208
1192 2208
1193 2208
1194 2208
1195 2208
1196 2208
1197 2208
1198 2208
1199 2208
1200 2208
1201 2208
1202 2208
1203 2208
1204 2208
1205 2208
1206 2208
1207 2208
1208 2208
1209 2208
1210 2208
1211 2208
1212 2208
1213 2208
1214 2208
1215 2208
1216 2208
1217 2208
1218 2208
1219 2208
1220 2208
1221 2208
1222 2208
1223 2208
1224 2208
1225 2208
1226 2208
1227 2208
1228 2208
1229 2208
1230 2208
1231 2208
1232 2208
1233 2208
1234 2208
1235 2208
1236 2208
1237 2208
1238 2208
1239 2208
1240 2208
1241 2208
1242 2208
1243 2208
1244 2208
1245 2208
1246 2208
1247 2208
1248 2208
1249 2208
1250 2208
1251 2208
1252 2208
1253 2208
1254 2208
1255 2208
1256 2208
1257 2208
1258 2208
1259 2208
1260 2208
1261 2208
1262 2208
1263 2208
1264 2208
1265 2208
1266 2208
1267 2208
1268 2208
1269 2208
1270 2208
1271 2208
1272 2208
1273 2208
1274 2208
1275 2208
1276 2208
1277 2208
1278 2208
1279 2208
1280 2208
1281 2208
1282 2208
1283 2208
1284 2208
1285 2208
1286 2208
1287 2208
1288 2208
1289 2208
1290 2208
1291 2208
1292 2208
1293 2208
1294 2208
1295 2208
1296 2208
1297 2208
1298 2208
1299 2208
1300 2208
1301 2208
1302 2208
1303 2208
1304 2208
1305 2208
1306 2208
1307 2208
1308 2208
1309 2208
1310 2208
1311 2208
1312 2208
1313 2208
1314 2208
1315 2208
1316 2208
1317 2208
1318 2208
1319 2208
1320 2208
1321 2208
1322 2208
1323 2208
1324 2208
1325 2208
1326 2208
1327 2208
1328 2208
1329 2208
1330 2208
1331 2208
1332 2208
1333 2208
1334 2208
1335 2208
1336 2208
1337 2208
1338 2208
1339 2208
1340 2208
1341 2208
1342 2208
1343 2208
1344 2208
1345 2208
1346 2208
1347 2208
1348 2208
1349 2208
1350 2208
1351 2208
1352 2208
1353 2208
1354 2208
1355 2208
1356 2208
1357 2208
1358 2208
1359 2208
1360 2208
1361 2208
1362 2208
1363 2208
1364 2208
1365 2208
1366 2208
1367 2208
1368 2208
1369 2208
1370 2208
1371 2208
1372 2208
1373 2208
1374 2208
1375 2208
1376 2208
1377 2208
1378 2208
1379 2208
1380 2208
1381 2208
1382 2208
1383 2208
1384 2208
1385 2208
1386 2208
1387 2208
1388 2208
1389 2208
1390 2208
1391 2208
1392 2208
1393 2208
1394 2208
1395 2208
1396 2208
1397 2208
1398 2208
1399 2208
1400 2208
1401 2208
1402 2208
1403 2208
1404 2208
1405 2208
1406 2208
1407 2208
1408 2208
1409 2208
1410 2208
1411 2208
1412 2208
1413 2208
1414 2208
1415 2208
1416 2208
1417 2208
1418 2208
1419 2208
1420 2208
1421 2208
1422 2208
1423 2208
1424 2208
1425 2208
1426 2208
1427 2208
1428 2208
1429 2208
1430 2208
1431 2208
1432 2208
1433 2208
1434 2208
1435 2208
1436 2208
1437 2208
1438 2208
1439 2208
1440 2208
1441 2208
1442 2208
1443 2208
1444 2208
1445 2208
1446 2208
1447 2208
1448 2208
1449 2208
1450 2208
1451 2208
1452 2208
1453 2208
1454 2208
1455 2208
1456 2208
1457 2208
1458 2208
1459 2208
1460 2208
1461 2208
1462 2208
1463 2208
1464 2208
1465 2208
1466 2208
1467 2208
1468 2208
1469 2208
1470 2208
1471 2208
1472 2208
1473 2208
1474 2208
1475 2208
1476 2208
1477 2208
1478 2208
1479 2208
1480 2208
1481 2208
1482 2208
1483 2208
1484 2208
1485 2208
1486 2208
1487 2208
1488 2208
1489 2208
1490 2208
1491 2208
1492 2208
1493 2208
1494 2208
1495 2208
1496 2208
1497 2208
1498 2208
1499 2208
1500 2208
1501 2208
1502 2208
1503 2208
1504 2208
1505 2208
1506 2208
1507 2208
1508 2208
1509 2208
1510 2208
1511 2208
1512 2208
1513 2208
1514 2208
1515 2208
1516 2208
1517 2208
1518 2208
1519 2208
1520 2208
1521 2208
1522 2208
1523 2208
1524 2208
1525 2208
1526 2208
1527 2208
1528 2208
1529 2208
1530 2208
1531 2208
1532 2208
1533 2208
1534 2208
1535 2208
1536 2208
1537 2208
1538 2208
1539 2208
1540 2208
1541 2208
1542 2208
1543 2208
1544 2208
1545 2208
1546 2208
1547 2208
1548 2208
1549 2208
1550 2208
1551 2208
1552 2208
1553 2208
1554 2208
1555 2208
1556 2208
1557 2208
1558 2208
1559 2208
1560 2208
1561 2208
1562 2208
1563 2208
1564 2208
1565 2208
1566 2208
1567 2208
1568 2208
1569 2208
1570 2208
1571 2208
1572 2208
1573 2208
1574 2208
1575 2208
1576 2208
1577 2208
1578 2208
1579 2208
1580 2208
1581 2208
1582 2208
1583 2208
1584 2208
1585 2208
1586 2208
1587 2208
1588 2208
1589 2208
1590 2208
1591 2208
1592 2208
1593 2208
1594 2208
1595 2208
1596 2208
1597 2208
1598 2208
1599 2208
1600 2208
1601 2208
1602 2208
1603 2208
1604 2208
1605 2208
1606 2208
1607 2208
1608 2208
1609 2208
1610 2208
1611 2208
1612 2208
1613 2208
1614 2208
1615 2208
1616 2208
1617 2208
1618 2208
1619 2208
1620 2208
1621 2208
1622 2208
1623 2208
1624 2208
1625 2208
1626 2208
1627 2208
1628 2208
1629 2208
1630 2208
1631 2208
1632 2208
1633 2208
1634 2208
1635 2208
1636 2208
1637 2208
1638 2208
1639 2208
1640 2208
1641 2208
1642 2208
1643 2208
1644 2208
1645 2208
1646 2208
1647 2208
1648 2208
1649 2208
1650 2208
1651 2208
1652 2208
1653 2208
1654 2208
1655 2208
1656 2208
1657 2208
1658 2208
1659 2208
1660 2208
1661 2208
1662 2208
1663 2208
1664 2208
1665 2208
1666 2208
1667 2208
1668 2208
1669 2208
1670 2208
1671 2208
1672 2208
1673 2208
1674 2208
1675 2208
1676 2208
1677 2208
1678 2208
1679 2208
1680 2208
1681 2208
1682 2208
1683 2208
1684 2208
1685 2208
1686 2208
1687 2208
1688 2208
1689 2208
1690 2208
1691 2208
1692 2208
1693 2208
1694 2208
1695 2208
1696 2208
1697 2208
1698 2208
1699 2208
1700 2208
1701 2208
1702 2208
1703 2208
1704 2208
1705 2208
1706 2208
1707 2208
1708 2208
1709 2208
1710 2208
1711 2208
1712 2208
1713 2208
1714 2208
1715 2208
1716 2208
1717 2208
1718 2208
1719 2208
1720 2208
1721 2208
1722 2208
1723 2208
1724 2208
1725 2208
1726 2208
1727 2208
1728 2208
1729 2208
1730 2208
1731 2208
1732 2208
1733 2208
1734 2208
1735 2208
1736 2208
1737 2208
1738 2208
1739 2208
1740 2208
1741 2208
1742 2208
1743 2208
1744 2208
1745 2208
1746 2208
1747 2208
1748 2208
1749 2208
1750 2208
1751 2208
1752 2208
1753 2208
1754 2208
1755 2208
1756 2208
1757 2208
1758 2208
1759 2208
1760 2208
1761 2208
1762 2208
1763 2208
1764 2208
1765 2208
1766 2208
1767 2208
1768 2208
1769 2208
1770 2208
1771 2208
1772 2208
1773 2208
1774 2208
1775 2208
1776 2208
1777 2208
1778 2208
1779 2208
1780 2208
1781 2208
1782 2208
1783 2208
1784 2208
1785 2208
1786 2208
1787 2208
1788 2208
1789 2208
1790 2208
1791 2208
1792 2208
1793 2208
1794 2208
1795 2208
1796 2208
1797 2208
1798 2208
1799 2208
1800 2208
1801 2208
1802 2208
1803 2208
1804 2208
1805 2208
1806 2208
1807 2208
1808 2208
1809 2208
1810 2208
1811 2208
1812 2208
1813 2208
1814 2208
1815 2208
1816 2208
1817 2208
1818 2208
1819 2208
1820 2208
1821 2208
1822 2208
1823 2208
1824 2208
1825 2208
1826 2208
1827 2208
1828 2208
1829 2208
1830 2208
1831 2208
1832 2208
1833 2208
1834 2208
1835 2208
1836 2208
1837 2208
1838 2208
1839 2208
1840 2208
1841 2208
1842 2208
1843 2208
1844 2208
1845 2208
1846 2208
1847 2208
1848 2208
1849 2208
1850 2208
1851 2208
1852 2208
1853 2208
1854 2208
1855 2208
1856 2208
1857 2208
1858 2208
1859 2208
1860 2208
1861 2208
1862 2208
1863 2208
1864 2208
1865 2208
1866 2208
1867 2208
1868 2208
1869 2208
1870 2208
1871 2208
1872 2208
1873 2208
1874 2208
1875 2208
1876 2208
1877 2208
1878 2208
1879 2208
1880 2208
1881 2208
1882 2208
1883 2208
1884 2208
1885 2208
1886 2208
1887 2208
1888 2208
1889 2208
1890 2208
1891 2208
1892 2208
1893 2208
1894 2208
1895 2208
1896 2208
1897 2208
1898 2208
1899 2208
1900 2208
1901 2208
1902 2208
1903 2208
1904 2208
1905 2208
1906 2208
1907 2208
1908 2208
1909 2208
1910 2208
1911 2208
1912 2208
1913 2208
1914 2208
1915 2208
1916 2208
1917 2208
1918 2208
1919 2208
1920 2208
1921 2208
1922 2208
1923 2208
1924 2208
1925 2208
1926 2208
1927 2208
1928 2208
1929 2208
1930 2208
1931 2208
1932 2208
1933 2208
1934 2208
1935 2208
1936 2208
1937 2208
1938 2208
1939 2208
1940 2208
1941 2208
1942 2208
1943 2208
1944 2208
1945 2208
1946 2208
1947 2208
1948 2208
1949 2208
1950 2208
1951 2208
1952 2208
1953 2208
1954 2208
1955 2208
1956 2208
1957 2208
1958 2208
1959 2208
1960 2208
1961 2208
1962 2208
1963 2208
1964 2208
1965 2208
1966 2208
1967 2208
1968 2208
1969 2208
1970 2208
1971 2208
1972 2208
1973 2208
1974 2208
1975 2208
1976 2208
1977 2208
1978 2208
1979 2208
1980 2208
1981 2208
1982 2208
1983 2208
1984 2208
1985 2208
1986 2208
1987 2208
1988 2208
1989 2208
1990 2208
1991 2208
1992 2208
1993 2208
1994 2208
1995 2208
1996 2208
1997 2208
1998 2208
1999 2208
2000 2208
2001 2208
2002 2208
2003 2208
2004 2208
2005 2208
2006 2208
2007 2208
2008 2208
2009 2208
2010 2208
2011 2208
2012 2208
2013 2208
2014 2208
2015 2208
2016 2208
2017 2208
2018 2208
2019 2208
2020 2208
2021 2208
2022 2208
2023 2208
2024 2208
2025 2208
2026 2208
2027 2208
2028 2208
2029 2208
2030 2208
2031 2208
2032 2208
2033 2208
2034 2208
2035 2208
2036 2208
2037 2208
2038 2208
2039 2208
2040 2208
2041 2208
2042 2208
2043 2208
2044 2208
2045 2208
2046 2208
2047 2208
2048 2208
2049 2208
2050 2208
2051 2208
2052 2208
2053 2208
2054 2208
2055 2208
2056 2208
2057 2208
2058 2208
2059 2208
2060 2208
2061 2208
2062 2208
2063 2208
2064 2208
2065 2208
2066 2208
2067 2208
2068 2208
2069 2208
2070 2208
2071 2208
2072 2208
2073 2208
2074 2208
2075 2208
2076 2208
2077 2208
2078 2208
2079 2208
2080 2208
2081 2208
2082 2208
2083 2208
2084 2208
2085 2208
2086 2208
2087 2208
2088 2208
2089 2208
2090 2208
2091 2208
2092 2208
2093 2208
2094 2208
2095 2208
2096 2208
2097 2208
2098 2208
2099 2208
2100 2208
2101 2208
2102 2208
2103 2208
2104 2208
2105 2208
2106 2208
2107 2208
2108 2208
2109 2208
2110 2208
2111 2208
2112 2208
2113 2208
2114 2208
2115 2208
2116 2208
2117 2208
2118 2208
2119 2208
2120 2208
2121 2208
2122 2208
2123 2208
2124 2208
2125 2208
2126 2208
2127 2208
2128 2208
2129 2208
2130 2208
2131 2208
2132 2208
2133 2208
2134 2208
2135 2208
2136 2208
2137 2208
2138 2208
2139 2208
2140 2208
2141 2208
2142 2208
2143 2208
2144 2208
2145 2208
2146 2208
2147 2208
2148 2208
2149 2208
2150 2208
2151 2208
2152 2208
2153 2208
2154 2208
2155 2208
2156 2208
2157 2208
2158 2208
2159 2208
2160 2208
2161 2208
2162 2208
2163 2208
2164 2208
2165 2208
2166 2208
2167 2208
2168 2208
2169 2208
2170 2208
2171 2208
2172 2208
2173 2208
2174 2208
2175 2208
2176 2208
2177 2208
2178 2208
2179 2208
2180 2208
2181 2208
2182 2208
2183 2208
2184 2208
2185 2208
2186 2208
2187 2208
2188 2208
2189 2208
2190 2208
2191 2208
2192 2208
2193 2208
2194 2208
2195 2208
2196 2208
2197 2208
2198 2208
2199 2208
2200 2208
2201 2208
2202 2208
2203 2208
2204 2208
2205 2208
2206 2208
2207 2208
2208 2208
2209 2208
2210 2208
2211 2208
2212 2208
2213 2208
2214 2208
2215 2208
2216 2208
2217 2208
2218 2208
2219 2208
2220 2208
2221 2208
2222 2208
2223 2208
2224 2208
2225 2208
2226 2208
2227 2208
2228 2208
2229 2208
2230 2208
2231 2208
2232 2208
2233 2208
2234 2208
2235 2208
2236 2208
2237 2208
2238 2208
2239 2208
2240 2208
2241 2208
2242 2208
2243 2208
2244 2208
2245 2208
2246 2208
2247 2208
2248 2208
2249 2208
2250 2208
2251 2208
2252 2208
2253 2208
2254 2208
2255 2208
2256 2208
2257 2208
2258 2208
2259 2208
2260 2208
2261 2208
2262 2208
2263 2208
2264 2208
2265 2208
2266 2208
2267 2208
2268 2208
2269 2208
2270 2208
2271 2208
2272 2208
2273 2208
2274 2208
2275 2208
2276 2208
2277 2208
2278 2208
2279 2208
2280 2208
2281 2208
2282 2208
2283 2208
2284 2208
2285 2208
2286 2208
2287 2208
2288 2208
2289 2208
2290 2208
2291 2208
2292 2208
2293 2208
2294 2208
2295 2208
2296 2208
2297 2208
2298 2208
2299 2208
2300 2208
2301 2208
2302 2208
2303 2208
2304 2208
2305 2208
2306 2208
2307 2208
2308 2208
2309 2208
2310 2208
2311 2208
2312 2208
2313 2208
2314 2208
2315 2208
2316 2208
2317 2208
2318 2208
2319 2208
2320 2208
2321 2208
2322 2208
2323 2208
2324 2208
2325 2208
2326 2208
2327 2208
2328 2208
2329 2208
2330 2208
2331 2208
2332 2208
2333 2208
2334 2208
2335 2208
2336 2208
2337 2208
2338 2208
2339 2208
2340 2208
2341 2208
2342 2208
2343 2208
2344 2208
2345 2208
2346 2208
2347 2208
2348 2208
2349 2208
2350 2208
2351 2208
2352 2208
2353 2208
2354 2208
2355 2208
2356 2208
2357 2208
2358 2208
2359 2208
2360 2208
2361 2208
2362 2208
2363 2208
2364 2208
2365 2208
2366 2208
2367 2208
2368 2208
2369 2208
2370 2208
2371 2208
2372 2208
2373 2208
2374 2208
2375 2208
2376 2208
2377 2208
2378 2208
2379 2208
2380 2208
2381 2208
2382 2208
2383 2208
2384 2208
2385 2208
2386 2208
2387 2208
2388 2208
2389 2208
2390 2208
2391 2208
2392 2208
2393 2208
2394 2208
2395 2208
2396 2208
2397 2208
2398 2208
2399 2208
2400 2208
2401 2208
2402 2208
2403 2208
2404 2208
2405 2208
2406 2208
2407 2208
2408 2208
2409 2208
2410 2208
2411 2208
2412 2208
2413 2208
2414 2208
2415 2208
2416 2208
2417 2208
2418 2208
2419 2208
2420 2208
2421 2208
2422 2208
2423 2208
2424 2208
2425 2208
2426 2208
2427 2208
2428 2208
2429 2208
2430 2208
2431 2208
2432 2208
2433 2208
2434 2208
2435 2208
2436 2208
2437 2208
2438 2208
2439 2208
2440 2208
2441 2208
2442 2208
2443 2208
2444 2208
2445 2208
2446 2208
2447 2208
2448 2208
2449 2208
2450 2208
2451 2208
2452 2208
2453 2208
2454 2208
2455 2208
2456 2208
2457 2208
2458 2208
2459 2208
2460 2208
2461 2208
2462 2208
2463 2208
2464 2208
2465 2208
2466 2208
2467 2208
2468 2208
2469 2208
2470 2208
2471 2208
2472 2208
2473 2208
2474 2208
2475 2208
2476 2208
2477 2208
2478 2208
2479 2208
2480 2208
2481 2208
2482 2208
2483 2208
2484 2208
2485 2208
2486 2208
2487 2208
2488 2208
2489 2208
2490 2208
2491 2208
2492 2208
2493 2208
2494 2208
2495 2208
2496 2208
2497 2208
2498 2208
2499 2208
2500 2208
2501 2208
2502 2208
2503 2208
2504 2208
2505 2208
2506 2208
2507 2208
2508 2208
2509 2208
2510 2208
2511 2208
2512 2208
2513 2208
2514 2208
2515 2208
2516 2208
2517 2208
2518 2208
2519 2208
2520 2208
2521 2208
2522 2208
2523 2208
2524 2208
2525 2208
2526 2208
2527 2208
2528 2208
2529 2208
2530 2208
2531 2208
2532 2208
2533 2208
2534 2208
2535 2208
2536 2208
2537 2208
2538 2208
2539 2208
2540 2208
2541 2208
2542 2208
2543 2208
2544 2208
2545 2208
2546 2208
2547 2208
2548 2208
2549 2208
2550 2208
2551 2208
2552 2208
2553 2208
2554 2208
2555 2208
2556 2208
2557 2208
2558 2208
2559 2208
2560 2208
2561 2208
2562 2208
2563 2208
2564 2208
2565 2208
2566 2208
2567 2208
2568 2208
2569 2208
2570 2208
2571 2208
2572 2208
2573 2208
2574 2208
2575 2208
2576 2208
2577 2208
2578 2208
2579 2208
2580 2208
2581 2208
2582 2208
2583 2208
2584 2208
2585 2208
2586 2208
2587 2208
2588 2208
2589 2208
2590 2208
2591 2208
2592 2208
2593 2208
2594 2208
2595 2208
2596 2208
2597 2208
2598 2208
2599 2208
2600 2208
2601 2208
2602 2208
2603 2208
2604 2208
2605 2208
2606 2208
2607 2208
2608 2208
2609 2208
2610 2208
2611 2208
2612 2208
2613 2208
2614 2208
2615 2208
2616 2208
2617 2208
2618 2208
2619 2208
2620 2208
2621 2208
2622 2208
2623 2208
2624 2208
2625 2208
2626 2208
2627 2208
2628 2208
2629 2208
2630 2208
2631 2208
2632 2208
2633 2208
2634 2208
2635 2208
2636 2208
2637 2208
2638 2208
2639 2208
2640 2208
2641 2208
2642 2208
2643 2208
2644 2208
2645 2208
2646 2208
2647 2208
2648 2208
2649 2208
2650 2208
2651 2208
2652 2208
2653 2208
2654 2208
2655 2208
2656 2208
2657 2208
2658 2208
2659 2208
2660 2208
2661 2208
2662 2208
2663 2208
2664 2208
2665 2208
2666 2208
2667 2208
2668 2208
2669 2208
2670 2208
2671 2208
2672 2208
2673 2208
2674 2208
2675 2208
2676 2208
2677 2208
2678 2208
2679 2208
2680 2208
2681 2208
2682 2208
2683 2208
2684 2208
2685 2208
2686 2208
2687 2208
2688 2208
2689 2208
2690 2208
2691 2208
2692 2208
2693 2208
2694 2208
2695 2208
2696 2208
2697 2208
2698 2208
2699 2208
2700 2208
2701 2208
2702 2208
2703 2208
2704 2208
2705 2208
2706 2208
2707 2208
2708 2208
2709 2208
2710 2208
2711 2208
2712 2208
2713 2208
2714 2208
2715 2208
2716 2208
2717 2208
2718 2208
2719 2208
2720 2208
2721 2208
2722 2208
2723 2208
2724 2208
2725 2208
2726 2208
2727 2208
2728 2208
2729 2208
2730 2208
2731 2208
2732 2208
2733 2208
2734 2208
2735 2208
2736 2208
2737 2208
2738 2208
2739 2208
2740 2208
2741 2208
2742 2208
2743 2208
2744 2208
2745 2208
2746 2208
2747 2208
2748 2208
2749 2208
2750 2208
2751 2208
2752 2208
2753 2208
2754 2208
2755 2208
2756 2208
2757 2208
2758 2208
2759 2208
2760 2208
2761 2208
2762 2208
2763 2208
2764 2208
2765 2208
2766 2208
2767 2208
2768 2208
2769 2208
2770 2208
2771 2208
2772 2208
2773 2208
2774 2208
2775 2208
2776 2208
2777 2208
2778 2208
2779 2208
2780 2208
2781 2208
2782 2208
2783 2208
2784 2208
2785 2208
2786 2208
2787 2208
2788 2208
2789 2208
2790 2208
2791 2208
2792 2208
2793 2208
2794 2208
2795 2208
2796 2208
2797 2208
2798 2208
2799 2208
2800 2208
2801 2208
2802 2208
2803 2208
2804 2208
2805 2208
2806 2208
2807 2208
2808 2208
2809 2208
2810 2208
2811 2208
2812 2208
2813 2208
2814 2208
2815 2208
2816 2208
2817 2208
2818 2208
2819 2208
2820 2208
2821 2208
2822 2208
2823 2208
2824 2208
2825 2208
2826 2208
2827 2208
2828 2208
2829 2208
2830 2208
2831 2208
2832 2208
2833 2208
2834 2208
2835 2208
2836 2208
2837 2208
2838 2208
2839 2208
2840 2208
2841 2208
2842 2208
2843 2208
2844 2208
2845 2208
2846 2208
2847 2208
2848 2208
2849 2208
2850 2208
2851 2208
2852 2208
2853 2208
2854 2208
2855 2208
2856 2208
2857 2208
2858 2208
2859 2208
2860 2208
2861 2208
2862 2208
2863 2208
2864 2208
2865 2208
2866 2208
2867 2208
2868 2208
2869 2208
2870 2208
2871 2208
2872 2208
2873 2208
2874 2208
2875 2208
2876 2208
2877 2208
2878 2208
2879 2208
2880 2208
2881 2208
2882 2208
2883 2208
2884 2208
2885 2208
2886 2208
2887 2208
2888 2208
2889 2208
2890 2208
2891 2208
2892 2208
2893 2208
2894 2208
2895 2208
2896 2208
2897 2208
2898 2208
2899 2208
2900 2208
2901 2208
2902 2208
2903 2208
2904 2208
2905 2208
2906 2208
2907 2208
2908 2208
2909 2208
2910 2208
2911 2208
2912 2208
2913 2208
2914 2208
2915 2208
2916 2208
2917 2208
2918 2208
2919 2208
2920 2208
2921 2208
2922 2208
2923 2208
2924 2208
2925 2208
2926 2208
2927 2208
2928 2208
2929 2208
2930 2208
2931 2208
2932 2208
2933 2208
2934 2208
2935 2208
2936 2208
2937 2208
2938 2208
2939 2208
2940 2208
2941 2208
2942 2208
2943 2208
2944 2208
2945 2208
2946 2208
2947 2208
2948 2208
2949 2208
2950 2208
2951 2208
2952 2208
2953 2208
2954 2208
2955 2208
2956 2208
2957 2208
2958 2208
2959 2208
2960 2208
2961 2208
2962 2208
2963 2208
2964 2208
2965 2208
2966 2208
2967 2208
2968 2208
2969 2208
2970 2208
2971 2208
2972 2208
2973 2208
2974 2208
2975 2208
2976 2208
2977 2208
2978 2208
2979 2208
2980 2208
2981 2208
2982 2208
2983 2208
2984 2208
2985 2208
2986 2208
2987 2208
2988 2208
2989 2208
2990 2208
2991 2208
2992 2208
2993 2208
2994 2208
2995 2208
2996 2208
2997 2208
2998 2208
2999 2208
3000 2208
3001 2208
3002 2208
3003 2208
3004 2208
3005 2208
3006 2208
3007 2208
3008 2208
3009 2208
3010 2208
3011 2208
3012 2208
3013 2208
3014 2208
3015 2208
3016 2208
3017 2208
3018 2208
3019 2208
3020 2208
3021 2208
3022 2208
3023 2208
3024 2208
3025 2208
3026 2208
3027 2208
3028 2208
3029 2208
3030 2208
3031 2208
3032 2208
3033 2208
3034 2208
3035 2208
3036 2208
3037 2208
3038 2207
3039 2207
3040 2207
3041 2207
3042 2207
3043 2205
3044 2204
3045 2204
3046 2204
3047 2204
3048 2204
3049 2204
3050 2203
3051 2202
3052 2202
3053 2201
3054 2201
3055 2200
3056 2200
3057 2200
3058 2200
3059 2200
3060 2198
3061 2196
3062 2195
3063 2195
3064 2195
3065 2193
3066 2193
3067 2193
3068 2192
3069 2192
3070 2191
3071 2190
3072 2189
3073 2189
3074 2188
3075 2187
3076 2187
3077 2185
3078 2184
3079 2183
3080 2183
3081 2181
3082 2180
3083 2179
3084 2179
3085 2179
3086 2175
3087 2173
3088 2173
3089 2172
3090 2168
3091 2168
3092 2167
3093 2166
3094 2166
3095 2166
3096 2166
3097 2164
3098 2164
3099 2164
3100 2162
3101 2162
3102 2161
3103 2160
3104 2160
3105 2159
3106 2159
3107 2159
3108 2158
3109 2156
3110 2156
3111 2156
3112 2155
3113 2155
3114 2154
3115 2154
3116 2154
3117 2154
3118 2153
3119 2150
3120 2150
3121 2150
3122 2149
3123 2146
3124 2146
3125 2144
3126 2144
3127 2140
3128 2139
3129 2137
3130 2133
3131 2132
3132 2131
3133 2130
3134 2130
3135 2129
3136 2129
3137 2129
3138 2128
3139 2127
3140 2126
3141 2125
3142 2123
3143 2122
3144 2120
3145 2119
3146 2119
3147 2119
3148 2118
3149 2118
3150 2117
3151 2116
3152 2116
3153 2116
3154 2115
3155 2115
3156 2115
3157 2114
3158 2113
3159 2113
3160 2110
3161 2110
3162 2108
3163 2108
3164 2107
3165 2104
3166 2104
3167 2104
3168 2103
3169 2101
3170 2100
3171 2098
3172 2097
3173 2095
3174 2095
3175 2095
3176 2094
3177 2093
3178 2092
3179 2092
3180 2092
3181 2091
3182 2090
3183 2090
3184 2088
3185 2087
3186 2086
3187 2085
3188 2083
3189 2080
3190 2080
3191 2077
3192 2069
3193 2066
3194 2064
3195 2063
3196 2062
3197 2059
3198 2059
3199 2057
3200 2054
3201 2052
3202 2051
3203 2050
3204 2048
3205 2048
3206 2048
3207 2046
3208 2046
3209 2046
3210 2045
3211 2045
3212 2045
3213 2043
3214 2041
3215 2041
3216 2041
3217 2041
3218 2041
3219 2041
3220 2039
3221 2039
3222 2039
3223 2037
3224 2035
3225 2031
3226 2029
3227 2029
3228 2029
3229 2029
3230 2026
3231 2025
3232 2023
3233 2023
3234 2021
3235 2019
3236 2017
3237 2017
3238 2016
3239 2016
3240 2013
3241 2013
3242 2013
3243 2012
3244 2012
3245 2012
3246 2011
3247 2011
3248 2010
3249 2008
3250 2006
3251 2005
3252 2003
3253 2002
3254 2001
3255 2001
3256 1997
3257 1994
3258 1988
3259 1986
3260 1983
3261 1982
3262 1981
3263 1981
3264 1981
3265 1980
3266 1977
3267 1976
3268 1975
3269 1971
3270 1970
3271 1970
3272 1970
3273 1970
3274 1970
3275 1970
3276 1969
3277 1968
3278 1968
3279 1968
3280 1968
3281 1967
3282 1967
3283 1967
3284 1965
3285 1964
3286 1961
3287 1960
3288 1959
3289 1959
3290 1959
3291 1959
3292 1958
3293 1957
3294 1957
3295 1955
3296 1954
3297 1953
3298 1953
3299 1953
3300 1952
3301 1951
3302 1951
3303 1951
3304 1950
3305 1950
3306 1949
3307 1949
3308 1949
3309 1949
3310 1948
3311 1947
3312 1947
3313 1947
3314 1946
3315 1945
3316 1944
3317 1942
3318 1942
3319 1941
3320 1936
3321 1930
3322 1919
3323 1918
3324 1917
3325 1917
3326 1916
3327 1916
3328 1916
3329 1914
3330 1914
3331 1914
3332 1911
3333 1911
3334 1909
3335 1908
3336 1908
3337 1908
3338 1907
3339 1906
3340 1906
3341 1906
3342 1905
3343 1905
3344 1905
3345 1905
3346 1905
3347 1905
3348 1905
3349 1905
3350 1905
3351 1904
3352 1904
3353 1902
3354 1899
3355 1898
3356 1897
3357 1897
3358 1897
3359 1897
3360 1896
3361 1896
3362 1895
3363 1892
3364 1891
3365 1890
3366 1890
3367 1888
3368 1888
3369 1887
3370 1887
3371 1887
3372 1886
3373 1886
3374 1885
3375 1885
3376 1885
3377 1885
3378 1884
3379 1884
3380 1882
3381 1882
3382 1878
3383 1872
3384 1863
3385 1858
3386 1858
3387 1857
3388 1857
3389 1857
3390 1857
3391 1856
3392 1856
3393 1855
3394 1854
3395 1854
3396 1847
3397 1846
3398 1845
3399 1844
3400 1844
3401 1844
3402 1844
3403 1844
3404 1843
3405 1843
3406 1840
3407 1840
3408 1840
3409 1839
3410 1839
3411 1839
3412 1839
3413 1838
3414 1838
3415 1838
3416 1837
3417 1834
3418 1834
3419 1832
3420 1830
3421 1829
3422 1829
3423 1829
3424 1828
3425 1827
3426 1827
3427 1827
3428 1827
3429 1826
3430 1824
3431 1824
3432 1824
3433 1824
3434 1823
3435 1823
3436 1822
3437 1821
3438 1820
3439 1820
3440 1820
3441 1819
3442 1818
3443 1818
3444 1817
3445 1816
3446 1811
3447 1801
3448 1792
3449 1791
3450 1791
3451 1790
3452 1790
3453 1790
3454 1789
3455 1788
3456 1787
3457 1786
3458 1785
3459 1785
3460 1783
3461 1783
3462 1783
3463 1783
3464 1782
3465 1780
3466 1780
3467 1780
3468 1780
3469 1779
3470 1779
3471 1778
3472 1777
3473 1776
3474 1776
3475 1775
3476 1775
3477 1775
3478 1774
3479 1773
3480 1773
3481 1771
3482 1769
3483 1769
3484 1768
3485 1767
3486 1764
3487 1763
3488 1763
3489 1763
3490 1762
3491 1760
3492 1760
3493 1759
3494 1759
3495 1758
3496 1757
3497 1756
3498 1756
3499 1756
3500 1755
3501 1754
3502 1754
3503 1753
3504 1750
3505 1737
3506 1732
3507 1727
3508 1726
3509 1726
3510 1725
3511 1725
3512 1723
3513 1722
3514 1722
3515 1721
3516 1720
3517 1720
3518 1717
3519 1714
3520 1714
3521 1714
3522 1713
3523 1711
3524 1710
3525 1709
3526 1709
3527 1709
3528 1709
3529 1706
3530 1705
3531 1704
3532 1703
3533 1701
3534 1698
3535 1696
3536 1695
3537 1694
3538 1694
3539 1693
3540 1691
3541 1691
3542 1689
3543 1689
3544 1689
3545 1689
3546 1689
3547 1689
3548 1689
3549 1688
3550 1688
3551 1687
3552 1687
3553 1686
3554 1685
3555 1685
3556 1683
3557 1681
3558 1676
3559 1664
3560 1654
3561 1653
3562 1652
3563 1652
3564 1652
3565 1651
3566 1650
3567 1650
3568 1646
3569 1646
3570 1646
3571 1645
3572 1644
3573 1643
3574 1642
3575 1639
3576 1639
3577 1638
3578 1638
3579 1637
3580 1636
3581 1636
3582 1634
3583 1634
3584 1633
3585 1633
3586 1632
3587 1631
3588 1630
3589 1629
3590 1627
3591 1626
3592 1625
3593 1625
3594 1624
3595 1624
3596 1624
3597 1622
3598 1622
3599 1622
3600 1620
3601 1620
3602 1620
3603 1620
3604 1620
3605 1619
3606 1617
3607 1616
3608 1616
3609 1611
3610 1611
3611 1610
3612 1608
3613 1602
3614 1589
3615 1574
3616 1573
3617 1573
3618 1572
3619 1572
3620 1571
3621 1571
3622 1571
3623 1571
3624 1569
3625 1565
3626 1564
3627 1564
3628 1560
3629 1560
3630 1560
3631 1557
3632 1556
3633 1556
3634 1556
3635 1555
3636 1555
3637 1555
3638 1553
3639 1553
3640 1553
3641 1552
3642 1552
3643 1550
3644 1550
3645 1550
3646 1549
3647 1549
3648 1549
3649 1549
3650 1546
3651 1545
3652 1545
3653 1543
3654 1542
3655 1540
3656 1540
3657 1540
3658 1540
3659 1540
3660 1540
3661 1540
3662 1540
3663 1540
3664 1540
3665 1540
3666 1540
3667 1540
3668 1540
3669 1540
3670 1531
3671 1513
3672 1499
3673 1499
3674 1499
3675 1499
3676 1499
3677 1499
3678 1499
3679 1499
3680 1499
3681 1499
3682 1499
3683 1499
3684 1499
3685 1499
3686 1499
3687 1499
3688 1499
3689 1499
3690 1499
3691 1499
3692 1499
3693 1499
3694 1499
3695 1499
3696 1499
3697 1499
3698 1499
3699 1499
3700 1499
3701 1499
3702 1499
3703 1499
3704 1499
3705 1499
3706 1499
3707 1499
3708 1499
3709 1499
3710 1499
3711 1499
3712 1499
3713 1499
3714 1499
3715 1499
3716 1499
3717 1499
3718 1499
3719 1499
3720 1499
3721 1499
3722 1499
3723 1499
3724 1485
3725 1478
3726 1470
3727 1470
3728 1470
3729 1470
3730 1470
3731 1470
3732 1470
3733 1470
3734 1470
3735 1470
3736 1470
3737 1470
3738 1470
3739 1470
3740 1470
3741 1470
3742 1470
3743 1470
3744 1470
3745 1470
3746 1470
3747 1470
3748 1470
3749 1470
3750 1470
3751 1470
3752 1470
3753 1470
3754 1470
3755 1470
3756 1470
3757 1470
3758 1470
3759 1470
3760 1470
3761 1470
3762 1470
3763 1470
3764 1470
3765 1470
3766 1470
3767 1470
3768 1470
3769 1470
3770 1470
3771 1470
3772 1470
3773 1470
3774 1470
3775 1470
3776 1470
3777 1470
3778 1470
3779 1470
3780 1460
3781 1448
3782 1436
3783 1436
3784 1436
3785 1436
3786 1436
3787 1436
3788 1436
3789 1436
3790 1436
3791 1436
3792 1436
3793 1436
3794 1436
3795 1436
3796 1436
3797 1436
3798 1436
3799 1436
3800 1436
3801 1436
3802 1436
3803 1436
3804 1436
3805 1436
3806 1436
3807 1436
3808 1436
3809 1436
3810 1436
3811 1436
3812 1436
3813 1436
3814 1436
3815 1436
3816 1436
3817 1436
3818 1436
3819 1436
3820 1436
3821 1436
3822 1436
3823 1436
3824 1436
3825 1436
3826 1436
3827 1436
3828 1436
3829 1436
3830 1436
3831 1436
3832 1436
3833 1436
3834 1436
3835 1436
3836 1425
3837 1407
3838 1407
3839 1407
3840 1407
3841 1407
3842 1407
3843 1407
3844 1407
3845 1407
3846 1407
3847 1407
3848 1407
3849 1407
3850 1407
3851 1407
3852 1407
3853 1407
3854 1407
3855 1407
3856 1407
3857 1407
3858 1407
3859 1407
3860 1407
3861 1407
3862 1407
3863 1407
3864 1407
3865 1407
3866 1407
3867 1407
3868 1407
3869 1407
3870 1407
3871 1407
3872 1407
3873 1407
3874 1407
3875 1407
3876 1407
3877 1407
3878 1407
3879 1407
3880 1407
3881 1407
3882 1407
3883 1407
3884 1407
3885 1406
3886 1399
3887 1389
3888 1381
3889 1381
3890 1381
3891 1381
3892 1381
3893 1381
3894 1381
3895 1381
3896 1381
3897 1381
3898 1381
3899 1381
3900 1381
3901 1381
3902 1381
3903 1381
3904 1381
3905 1381
3906 1381
3907 1381
3908 1381
3909 1381
3910 1381
3911 1381
3912 1381
3913 1381
3914 1381
3915 1381
3916 1381
3917 1381
3918 1381
3919 1381
3920 1381
3921 1381
3922 1381
3923 1381
3924 1381
3925 1381
3926 1381
3927 1381
3928 1381
3929 1381
3930 1381
3931 1381
3932 1381
3933 1381
3934 1381
3935 1381
3936 1381
3937 1381
3938 1381
3939 1381
3940 1381
3941 1381
3942 1381
3943 1381
3944 1377
3945 1366
3946 1353
3947 1349
3948 1349
3949 1349
3950 1349
3951 1349
3952 1349
3953 1349
3954 1349
3955 1349
3956 1349
3957 1349
3958 1349
3959 1349
3960 1349
3961 1349
3962 1349
3963 1349
3964 1349
3965 1349
3966 1349
3967 1349
3968 1349
3969 1349
3970 1349
3971 1349
3972 1349
3973 1349
3974 1349
3975 1349
3976 1349
3977 1349
3978 1349
3979 1349
3980 1349
3981 1349
3982 1349
3983 1349
3984 1349
3985 1349
3986 1349
3987 1349
3988 1349
3989 1349
3990 1349
3991 1349
3992 1349
3993 1349
3994 1349
3995 1349
3996 1349
3997 1349
3998 1349
3999 1349
4000 1349
4001 1349
4002 1349
4003 1349
4004 1349
4005 1349
4006 1349
4007 1344
4008 1339
4009 1335
4010 1333
4011 1333
4012 1333
4013 1333
4014 1333
4015 1333
4016 1333
4017 1333
4018 1333
4019 1333
4020 1333
4021 1333
4022 1333
4023 1333
4024 1333
4025 1333
4026 1333
4027 1333
4028 1333
4029 1333
4030 1333
4031 1333
4032 1333
4033 1333
4034 1333
4035 1333
4036 1333
4037 1333
4038 1333
4039 1333
4040 1333
4041 1333
4042 1333
4043 1333
4044 1333
4045 1333
4046 1333
4047 1333
4048 1333
4049 1333
4050 1333
4051 1333
4052 1333
4053 1333
4054 1333
4055 1333
4056 1333
4057 1333
4058 1333
4059 1333
4060 1333
4061 1333
4062 1333
4063 1333
4064 1333
4065 1333
4066 1333
4067 1333
4068 1333
4069 1327
4070 1311
4071 1298
4072 1298
4073 1298
4074 1298
4075 1298
4076 1298
4077 1298
4078 1298
4079 1298
4080 1298
4081 1298
4082 1298
4083 1298
4084 1298
4085 1298
4086 1298
4087 1298
4088 1298
4089 1298
4090 1298
4091 1298
4092 1298
4093 1298
4094 1298
4095 1298
4096 1298
4097 1298
4098 1298
4099 1298
4100 1298
4101 1298
4102 1298
4103 1298
4104 1298
4105 1298
4106 1298
4107 1298
4108 1298
4109 1298
4110 1298
4111 1298
4112 1298
4113 1298
4114 1298
4115 1298
4116 1298
4117 1298
4118 1298
4119 1298
4120 1298
4121 1298
4122 1298
4123 1298
4124 1298
4125 1298
4126 1298
4127 1298
4128 1298
4129 1298
4130 1298
4131 1298
4132 1298
4133 1295
4134 1288
4135 1280
4136 1277
4137 1277
4138 1277
4139 1277
4140 1277
4141 1277
4142 1277
4143 1277
4144 1277
4145 1277
4146 1277
4147 1277
4148 1277
4149 1277
4150 1277
4151 1277
4152 1277
4153 1277
4154 1277
4155 1277
4156 1277
4157 1277
4158 1277
4159 1277
4160 1277
4161 1277
4162 1277
4163 1277
4164 1277
4165 1277
4166 1277
4167 1277
4168 1277
4169 1277
4170 1277
4171 1277
4172 1277
4173 1277
4174 1277
4175 1277
4176 1277
4177 1277
4178 1277
4179 1277
4180 1277
4181 1277
4182 1277
4183 1277
4184 1277
4185 1277
4186 1277
4187 1277
4188 1277
4189 1277
4190 1277
4191 1277
4192 1277
4193 1277
4194 1277
4195 1277
4196 1277
4197 1274
4198 1266
4199 1255
4200 1250
4201 1250
4202 1250
4203 1250
4204 1250
4205 1250
4206 1250
4207 1250
4208 1250
4209 1250
4210 1250
4211 1250
4212 1250
4213 1250
4214 1250
4215 1250
4216 1250
4217 1250
4218 1250
4219 1250
4220 1250
4221 1250
4222 1250
4223 1250
4224 1250
4225 1250
4226 1250
4227 1250
4228 1250
4229 1250
4230 1250
4231 1250
4232 1250
4233 1250
4234 1250
4235 1250
4236 1250
4237 1250
4238 1250
4239 1250
4240 1250
4241 1250
4242 1250
4243 1250
4244 1250
4245 1250
4246 1250
4247 1250
4248 1250
4249 1250
4250 1250
4251 1250
4252 1250
4253 1250
4254 1250
4255 1250
4256 1250
4257 1250
4258 1250
4259 1250
4260 1250
4261 1250
4262 1250
4263 1239
4264 1231
4265 1220
4266 1216
4267 1216
4268 1216
4269 1216
4270 1216
4271 1216
4272 1216
4273 1216
4274 1216
4275 1216
4276 1216
4277 1216
4278 1216
4279 1216
4280 1216
4281 1216
4282 1216
4283 1216
4284 1216
4285 1216
4286 1216
4287 1216
4288 1216
4289 1216
4290 1216
4291 1216
4292 1216
4293 1216
4294 1216
4295 1216
4296 1216
4297 1216
4298 1216
4299 1216
4300 1216
4301 1216
4302 1216
4303 1216
4304 1216
4305 1216
4306 1216
4307 1216
4308 1216
4309 1216
4310 1216
4311 1216
4312 1216
4313 1216
4314 1216
4315 1216
4316 1216
4317 1216
4318 1216
4319 1216
4320 1216
4321 1216
4322 1216
4323 1216
4324 1216
4325 1216
4326 1216
4327 1216
4328 1214
4329 1206
4330 1199
4331 1192
4332 1192
4333 1192
4334 1192
4335 1192
4336 1192
4337 1192
4338 1192
4339 1192
4340 1192
4341 1192
4342 1192
4343 1192
4344 1192
4345 1192
4346 1192
4347 1192
4348 1192
4349 1192
4350 1192
4351 1192
4352 1192
4353 1192
4354 1192
4355 1192
4356 1192
4357 1192
4358 1192
4359 1192
4360 1192
4361 1192
4362 1192
4363 1192
4364 1192
4365 1192
4366 1192
4367 1192
4368 1192
4369 1192
4370 1192
4371 1192
4372 1192
4373 1192
4374 1192
4375 1192
4376 1192
4377 1192
4378 1192
4379 1192
4380 1192
4381 1192
4382 1192
4383 1192
4384 1192
4385 1192
4386 1192
4387 1192
4388 1192
4389 1192
4390 1192
4391 1192
4392 1192
4393 1192
4394 1192
4395 1187
4396 1178
4397 1169
4398 1162
4399 1162
4400 1162
4401 1162
4402 1162
4403 1162
4404 1162
4405 1162
4406 1162
4407 1162
4408 1162
4409 1162
4410 1162
4411 1162
4412 1162
4413 1162
4414 1162
4415 1162
4416 1162
4417 1162
4418 1162
4419 1162
4420 1162
4421 1162
4422 1162
4423 1162
4424 1162
4425 1162
4426 1162
4427 1162
4428 1162
4429 1162
4430 1162
4431 1162
4432 1162
4433 1162
4434 1162
4435 1162
4436 1162
4437 1162
4438 1162
4439 1162
4440 1162
4441 1162
4442 1162
4443 1162
4444 1162
4445 1162
4446 1162
4447 1162
4448 1162
4449 1162
4450 1162
4451 1162
4452 1162
4453 1162
4454 1162
4455 1162
4456 1162
4457 1162
4458 1162
4459 1162
4460 1159
4461 1146
4462 1137
4463 1137
4464 1137
4465 1137
4466 1137
4467 1137
4468 1137
4469 1137
4470 1137
4471 1137
4472 1137
4473 1137
4474 1137
4475 1137
4476 1137
4477 1137
4478 1137
4479 1137
4480 1137
4481 1137
4482 1137
4483 1137
4484 1137
4485 1137
4486 1137
4487 1137
4488 1137
4489 1137
4490 1137
4491 1137
4492 1137
4493 1137
4494 1137
4495 1137
4496 1137
4497 1137
4498 1137
4499 1137
4500 1137
4501 1137
4502 1137
4503 1137
4504 1137
4505 1137
4506 1137
4507 1137
4508 1137
4509 1137
4510 1137
4511 1137
4512 1137
4513 1137
4514 1137
4515 1137
4516 1137
4517 1137
4518 1130
4519 1119
4520 1108
4521 1108
4522 1108
4523 1108
4524 1108
4525 1108
4526 1108
4527 1108
4528 1108
4529 1108
4530 1108
4531 1108
4532 1108
4533 1108
4534 1108
4535 1108
4536 1108
4537 1108
4538 1108
4539 1108
4540 1108
4541 1108
4542 1108
4543 1108
4544 1108
4545 1108
4546 1108
4547 1108
4548 1108
4549 1108
4550 1108
4551 1108
4552 1108
4553 1108
4554 1108
4555 1108
4556 1108
4557 1108
4558 1108
4559 1108
4560 1108
4561 1108
4562 1108
4563 1108
4564 1108
4565 1108
4566 1108
4567 1108
4568 1108
4569 1108
4570 1108
4571 1108
4572 1108
4573 1108
4574 1108
4575 1108
4576 1108
4577 1108
4578 1108
4579 1108
4580 1108
4581 1108
4582 1108
4583 1108
4584 1108
4585 1105
4586 1100
4587 1090
4588 1085
4589 1085
4590 1085
4591 1085
4592 1085
4593 1085
4594 1085
4595 1085
4596 1085
4597 1085
4598 1085
4599 1085
4600 1085
4601 1085
4602 1085
4603 1085
4604 1085
4605 1085
4606 1085
4607 1085
4608 1085
4609 1085
4610 1085
4611 1085
4612 1085
4613 1085
4614 1085
4615 1085
4616 1085
4617 1085
4618 1085
4619 1085
4620 1085
4621 1085
4622 1085
4623 1085
4624 1085
4625 1085
4626 1085
4627 1085
4628 1085
4629 1085
4630 1085
4631 1085
4632 1085
4633 1085
4634 1085
4635 1085
4636 1085
4637 1085
4638 1085
4639 1085
4640 1085
4641 1085
4642 1085
4643 1085
4644 1085
4645 1085
4646 1085
4647 1085
4648 1085
4649 1085
4650 1085
4651 1085
4652 1085
4653 1079
4654 1069
4655 1061
4656 1061
4657 1061
4658 1061
4659 1061
4660 1061
4661 1061
4662 1061
4663 1061
4664 1061
4665 1061
4666 1061
4667 1061
4668 1061
4669 1061
4670 1061
4671 1061
4672 1061
4673 1061
4674 1061
4675 1061
4676 1061
4677 1061
4678 1061
4679 1061
4680 1061
4681 1061
4682 1061
4683 1061
4684 1061
4685 1061
4686 1061
4687 1061
4688 1061
4689 1061
4690 1061
4691 1061
4692 1061
4693 1061
4694 1061
4695 1061
4696 1061
4697 1061
4698 1061
4699 1061
4700 1061
4701 1061
4702 1061
4703 1061
4704 1061
4705 1061
4706 1061
4707 1061
4708 1061
4709 1061
4710 1061
4711 1061
4712 1061
4713 1061
4714 1061
4715 1061
4716 1061
4717 1057
4718 1052
4719 1040
4720 1040
4721 1040
4722 1040
4723 1040
4724 1040
4725 1040
4726 1040
4727 1040
4728 1040
4729 1040
4730 1040
4731 1040
4732 1040
4733 1040
4734 1040
4735 1040
4736 1040
4737 1040
4738 1040
4739 1040
4740 1040
4741 1040
4742 1040
4743 1040
4744 1040
4745 1040
4746 1040
4747 1040
4748 1040
4749 1040
4750 1040
4751 1040
4752 1040
4753 1040
4754 1040
4755 1040
4756 1040
4757 1040
4758 1040
4759 1040
4760 1040
4761 1040
4762 1040
4763 1040
4764 1040
4765 1040
4766 1040
4767 1040
4768 1040
4769 1040
4770 1040
4771 1040
4772 1040
4773 1040
4774 1040
4775 1040
4776 1040
4777 1040
4778 1040
4779 1040
4780 1040
4781 1040
4782 1040
4783 1037
4784 1029
4785 1024
4786 1022
4787 1018
4788 1018
4789 1018
4790 1018
4791 1018
4792 1018
4793 1018
4794 1018
4795 1018
4796 1018
4797 1018
4798 1018
4799 1018
4800 1018
4801 1018
4802 1018
4803 1018
4804 1018
4805 1018
4806 1018
4807 1018
4808 1018
4809 1018
4810 1018
4811 1018
4812 1018
4813 1018
4814 1018
4815 1018
4816 1018
4817 1018
4818 1018
4819 1018
4820 1018
4821 1018
4822 1018
4823 1018
4824 1018
4825 1018
4826 1018
4827 1018
4828 1018
4829 1018
4830 1018
4831 1018
4832 1018
4833 1018
4834 1018
4835 1018
4836 1018
4837 1018
4838 1018
4839 1018
4840 1018
4841 1018
4842 1018
4843 1018
4844 1018
4845 1018
4846 1018
4847 1018
4848 1018
4849 1018
4850 1017
4851 1014
4852 1008
4853 1003
4854 1000
4855 1000
4856 1000
4857 1000
4858 1000
4859 1000
4860 1000
4861 1000
4862 1000
4863 1000
4864 1000
4865 1000
4866 1000
4867 1000
4868 1000
4869 1000
4870 1000
4871 1000
4872 1000
4873 1000
4874 1000
4875 1000
4876 1000
4877 1000
4878 1000
4879 1000
4880 1000
4881 1000
4882 1000
4883 1000
4884 1000
4885 1000
4886 1000
4887 1000
4888 1000
4889 1000
4890 1000
4891 1000
4892 1000
4893 1000
4894 1000
4895 1000
4896 1000
4897 1000
4898 1000
4899 1000
4900 1000
4901 1000
4902 1000
4903 1000
4904 1000
4905 1000
4906 1000
4907 1000
4908 1000
4909 1000
4910 1000
4911 1000
4912 1000
4913 1000
4914 1000
4915 1000
4916 1000
4917 1000
4918 1000
4919 997
4920 989
4921 984
4922 982
4923 980
4924 980
4925 980
4926 980
4927 980
4928 980
4929 980
4930 980
4931 980
4932 980
4933 980
4934 980
4935 980
4936 980
4937 980
4938 980
4939 980
4940 980
4941 980
4942 980
4943 980
4944 980
4945 980
4946 980
4947 980
4948 980
4949 980
4950 980
4951 980
4952 980
4953 980
4954 980
4955 980
4956 980
4957 980
4958 980
4959 980
4960 980
4961 980
4962 980
4963 980
4964 980
4965 980
4966 980
4967 980
4968 980
4969 980
4970 980
4971 980
4972 980
4973 980
4974 980
4975 980
4976 980
4977 980
4978 980
4979 980
4980 980
4981 980
4982 980
4983 967
4984 961
4985 952
4986 948
4987 948
4988 948
4989 948
4990 948
4991 948
4992 948
4993 948
4994 948
4995 948
4996 948
4997 948
4998 948
4999 948
5000 948
5001 948
5002 948
5003 948
5004 948
5005 948
5006 948
5007 948
5008 948
5009 948
5010 948
5011 948
5012 948
5013 948
5014 948
5015 948
5016 948
5017 948
5018 948
5019 948
5020 948
5021 948
5022 948
5023 948
5024 948
5025 948
5026 948
5027 948
5028 948
5029 948
5030 948
5031 948
5032 948
5033 948
5034 948
5035 948
5036 948
5037 948
5038 948
5039 948
5040 948
5041 948
5042 948
5043 948
5044 948
5045 948
5046 948
5047 948
5048 948
5049 948
5050 944
5051 933
5052 931
5053 925
5054 925
5055 925
5056 925
5057 925
5058 925
5059 925
5060 925
5061 925
5062 925
5063 925
5064 925
5065 925
5066 925
5067 925
5068 925
5069 925
5070 925
5071 925
5072 925
5073 925
5074 925
5075 925
5076 925
5077 925
5078 925
5079 925
5080 925
5081 925
5082 925
5083 925
5084 925
5085 925
5086 925
5087 925
5088 925
5089 925
5090 925
5091 925
5092 925
5093 925
5094 925
5095 925
5096 925
5097 925
5098 925
5099 925
5100 925
5101 925
5102 925
5103 925
5104 925
5105 925
5106 925
5107 925
5108 925
5109 925
5110 925
5111 925
5112 925
5113 925
5114 925
5115 921
5116 914
5117 903
5118 900
5119 900
5120 900
5121 900
5122 900
5123 900
5124 900
5125 900
5126 900
5127 900
5128 900
5129 900
5130 900
5131 900
5132 900
5133 900
5134 900
5135 900
5136 900
5137 900
5138 900
5139 900
5140 900
5141 900
5142 900
5143 900
5144 900
5145 900
5146 900
5147 900
5148 900
5149 900
5150 900
5151 900
5152 900
5153 900
5154 900
5155 900
5156 900
5157 900
5158 900
5159 900
5160 900
5161 900
5162 900
5163 900
5164 900
5165 900
5166 900
5167 900
5168 900
5169 900
5170 900
5171 900
5172 900
5173 900
5174 900
5175 900
5176 900
5177 900
5178 900
5179 895
5180 890
5181 889
5182 884
5183 884
5184 884
5185 884
5186 884
5187 884
5188 884
5189 884
5190 884
5191 884
5192 884
5193 884
5194 884
5195 884
5196 884
5197 884
5198 884
5199 884
5200 884
5201 884
5202 884
5203 884
5204 884
5205 884
5206 884
5207 884
5208 884
5209 884
5210 884
5211 884
5212 884
5213 884
5214 884
5215 884
5216 884
5217 884
5218 884
5219 884
5220 884
5221 884
5222 884
5223 884
5224 884
5225 884
5226 884
5227 884
5228 884
5229 884
5230 884
5231 884
5232 884
5233 884
5234 884
5235 884
5236 884
5237 884
5238 884
5239 884
5240 884
5241 884
5242 884
5243 884
5244 884
5245 880
5246 874
5247 866
5248 859
5249 859
5250 859
5251 859
5252 859
5253 859
5254 859
5255 859
5256 859
5257 859
5258 859
5259 859
5260 859
5261 859
5262 859
5263 859
5264 859
5265 859
5266 859
5267 859
5268 859
5269 859
5270 859
5271 859
5272 859
5273 859
5274 859
5275 859
5276 859
5277 859
5278 859
5279 859
5280 859
5281 859
5282 859
5283 859
5284 859
5285 859
5286 859
5287 859
5288 859
5289 859
5290 859
5291 859
5292 859
5293 859
5294 859
5295 859
5296 859
5297 859
5298 859
5299 859
5300 859
5301 859
5302 859
5303 859
5304 859
5305 859
5306 859
5307 859
5308 859
5309 859
5310 859
5311 853
5312 848
5313 844
5314 834
5315 834
5316 834
5317 834
5318 834
5319 834
5320 834
5321 834
5322 834
5323 834
5324 834
5325 834
5326 834
5327 834
5328 834
5329 834
5330 834
5331 834
5332 834
5333 834
5334 834
5335 834
5336 834
5337 834
5338 834
5339 834
5340 834
5341 834
5342 834
5343 834
5344 834
5345 834
5346 834
5347 834
5348 834
5349 834
5350 834
5351 834
5352 834
5353 834
5354 834
5355 834
5356 834
5357 834
5358 834
5359 834
5360 834
5361 834
5362 834
5363 834
5364 834
5365 834
5366 834
5367 834
5368 834
5369 834
5370 834
5371 834
5372 834
5373 834
5374 834
5375 834
5376 834
5377 830
5378 824
5379 818
5380 813
5381 810
5382 810
5383 810
5384 810
5385 810
5386 810
5387 810
5388 810
5389 810
5390 810
5391 810
5392 810
5393 810
5394 810
5395 810
5396 810
5397 810
5398 810
5399 810
5400 810
5401 810
5402 810
5403 810
5404 810
5405 810
5406 810
5407 810
5408 810
5409 810
5410 810
5411 810
5412 810
5413 810
5414 810
5415 810
5416 810
5417 810
5418 810
5419 810
5420 810
5421 810
5422 810
5423 810
5424 810
5425 810
5426 810
5427 810
5428 810
5429 810
5430 810
5431 810
5432 810
5433 810
5434 810
5435 810
5436 810
5437 810
5438 810
5439 810
5440 810
5441 810
5442 810
5443 810
5444 801
5445 793
5446 787
5447 787
5448 787
5449 787
5450 787
5451 787
5452 787
5453 787
5454 787
5455 787
5456 787
5457 787
5458 787
5459 787
5460 787
5461 787
5462 787
5463 787
5464 787
5465 787
5466 787
5467 787
5468 787
5469 787
5470 787
5471 787
5472 787
5473 787
5474 787
5475 787
5476 787
5477 787
5478 787
5479 787
5480 787
5481 787
5482 787
5483 787
5484 787
5485 787
5486 787
5487 787
5488 787
5489 787
5490 787
5491 787
5492 787
5493 787
5494 787
5495 787
5496 787
5497 787
5498 787
5499 787
5500 787
5501 787
5502 787
5503 787
5504 787
5505 787
5506 787
5507 787
5508 787
5509 783
5510 781
5511 776
5512 776
5513 776
5514 776
5515 776
5516 776
5517 776
5518 776
5519 776
5520 776
5521 776
5522 776
5523 776
5524 776
5525 776
5526 776
5527 776
5528 776
5529 776
5530 776
5531 776
5532 776
5533 776
5534 776
5535 776
5536 776
5537 776
5538 776
5539 776
5540 776
5541 776
5542 776
5543 776
5544 776
5545 776
5546 776
5547 776
5548 776
5549 776
5550 776
5551 776
5552 776
5553 776
5554 776
5555 776
5556 776
5557 776
5558 776
5559 776
5560 776
5561 776
5562 776
5563 776
5564 776
5565 776
5566 776
5567 776
5568 776
5569 776
5570 776
5571 776
5572 776
5573 771
5574 765
5575 755
5576 755
5577 755
5578 755
5579 755
5580 755
5581 755
5582 755
5583 755
5584 755
5585 755
5586 755
5587 755
5588 755
5589 755
5590 755
5591 755
5592 755
5593 755
5594 755
5595 755
5596 755
5597 755
5598 755
5599 755
5600 755
5601 755
5602 755
5603 755
5604 755
5605 755
5606 755
5607 755
5608 755
5609 755
5610 755
5611 755
5612 755
5613 755
5614 755
5615 755
5616 755
5617 755
5618 755
5619 755
5620 755
5621 755
5622 755
5623 755
5624 755
5625 755
5626 755
5627 755
5628 755
5629 755
5630 755
5631 755
5632 755
5633 755
5634 755
5635 755
5636 754
5637 750
5638 748
5639 746
5640 746
5641 746
5642 746
5643 746
5644 746
5645 746
5646 746
5647 746
5648 746
5649 746
5650 746
5651 746
5652 746
5653 746
5654 746
5655 746
5656 746
5657 746
5658 746
5659 746
5660 746
5661 746
5662 746
5663 746
5664 746
5665 746
5666 746
5667 746
5668 746
5669 746
5670 746
5671 746
5672 746
5673 746
5674 746
5675 746
5676 746
5677 746
5678 746
5679 746
5680 746
5681 746
5682 746
5683 746
5684 746
5685 746
5686 746
5687 746
5688 746
5689 746
5690 746
5691 746
5692 746
5693 746
5694 746
5695 746
5696 746
5697 746
5698 746
5699 746
5700 746
5701 746
5702 746
5703 746
5704 746
5705 746
5706 746
5707 740
5708 739
5709 733
5710 731
5711 731
5712 731
5713 731
5714 731
5715 731
5716 731
5717 731
5718 731
5719 731
5720 731
5721 731
5722 731
5723 731
5724 731
5725 731
5726 731
5727 731
5728 731
5729 731
5730 731
5731 731
5732 731
5733 731
5734 731
5735 731
5736 731
5737 731
5738 731
5739 731
5740 731
5741 731
5742 731
5743 731
5744 731
5745 731
5746 731
5747 731
5748 731
5749 731
5750 731
5751 731
5752 731
5753 731
5754 731
5755 731
5756 731
5757 731
5758 731
5759 731
5760 731
5761 731
5762 731
5763 731
5764 731
5765 731
5766 731
5767 731
5768 731
5769 731
5770 731
5771 731
5772 731
5773 727
5774 722
5775 715
5776 710
5777 710
5778 710
5779 710
5780 710
5781 710
5782 710
5783 710
5784 710
5785 710
5786 710
5787 710
5788 710
5789 710
5790 710
5791 710
5792 710
5793 710
5794 710
5795 710
5796 710
5797 710
5798 710
5799 710
5800 710
5801 710
5802 710
5803 710
5804 710
5805 710
5806 710
5807 710
5808 710
5809 710
5810 710
5811 710
5812 710
5813 710
5814 710
5815 710
5816 710
5817 710
5818 710
5819 710
5820 710
5821 710
5822 710
5823 710
5824 710
5825 710
5826 710
5827 710
5828 710
5829 710
5830 710
5831 710
5832 710
5833 710
5834 710
5835 710
5836 710
5837 710
5838 707
5839 701
5840 697
5841 696
5842 696
5843 696
5844 696
5845 696
5846 696
5847 696
5848 696
5849 696
5850 696
5851 696
5852 696
5853 696
5854 696
5855 696
5856 696
5857 696
5858 696
5859 696
5860 696
5861 696
5862 696
5863 696
5864 696
5865 696
5866 696
5867 696
5868 696
5869 696
5870 696
5871 696
5872 696
5873 696
5874 696
5875 696
5876 696
5877 696
5878 696
5879 696
5880 696
5881 696
5882 696
5883 696
5884 696
5885 696
5886 696
5887 696
5888 696
5889 696
5890 696
5891 696
5892 696
5893 696
5894 696
5895 696
5896 696
5897 696
5898 696
5899 696
5900 696
5901 696
5902 696
5903 696
5904 696
5905 696
5906 693
5907 688
5908 683
5909 681
5910 681
5911 681
5912 681
5913 681
5914 681
5915 681
5916 681
5917 681
5918 681
5919 681
5920 681
5921 681
5922 681
5923 681
5924 681
5925 681
5926 681
5927 681
5928 681
5929 681
5930 681
5931 681
5932 681
5933 681
5934 681
5935 681
5936 681
5937 681
5938 681
5939 681
5940 681
5941 681
5942 681
5943 681
5944 681
5945 681
5946 681
5947 681
5948 681
5949 681
5950 681
5951 681
5952 681
5953 681
5954 681
5955 681
5956 681
5957 681
5958 681
5959 681
5960 681
5961 681
5962 681
5963 681
5964 681
5965 681
5966 681
5967 681
5968 681
5969 681
5970 681
5971 681
5972 681
5973 681
5974 681
5975 679
5976 671
5977 670
5978 669
5979 669
5980 669
5981 669
5982 669
5983 669
5984 669
5985 669
5986 669
5987 669
5988 669
5989 669
5990 669
5991 669
5992 669
5993 669
5994 669
5995 669
5996 669
5997 669
5998 669
5999 669
6000 669
6001 669
6002 669
6003 669
6004 669
6005 669
6006 669
6007 669
6008 669
6009 669
6010 669
6011 669
6012 669
6013 669
6014 669
6015 669
6016 669
6017 669
6018 669
6019 669
6020 669
6021 669
6022 669
6023 669
6024 669
6025 669
6026 669
6027 669
6028 669
6029 669
6030 669
6031 669
6032 669
6033 669
6034 669
6035 669
6036 669
6037 669
6038 669
6039 669
6040 669
6041 669
6042 669
6043 669
6044 669
6045 669
6046 666
6047 659
6048 655
6049 655
6050 655
6051 655
6052 655
6053 655
6054 655
6055 655
6056 655
6057 655
6058 655
6059 655
6060 655
6061 655
6062 655
6063 655
6064 655
6065 655
6066 655
6067 655
6068 655
6069 655
6070 655
6071 655
6072 655
6073 655
6074 655
6075 655
6076 655
6077 655
6078 655
6079 655
6080 655
6081 655
6082 655
6083 655
6084 655
6085 655
6086 655
6087 655
6088 655
6089 655
6090 655
6091 655
6092 655
6093 655
6094 655
6095 655
6096 655
6097 655
6098 655
6099 655
6100 655
6101 655
6102 655
6103 655
6104 655
6105 655
6106 655
6107 655
6108 655
6109 655
6110 655
6111 655
6112 655
6113 655
6114 655
6115 651
6116 645
6117 639
6118 633
6119 628
6120 628
6121 628
6122 628
6123 628
6124 628
6125 628
6126 628
6127 628
6128 628
6129 628
6130 628
6131 628
6132 628
6133 628
6134 628
6135 628
6136 628
6137 628
6138 628
6139 628
6140 628
6141 628
6142 628
6143 628
6144 628
6145 628
6146 628
6147 628
6148 628
6149 628
6150 628
6151 628
6152 628
6153 628
6154 628
6155 628
6156 628
6157 628
6158 628
6159 628
6160 628
6161 628
6162 628
6163 628
6164 628
6165 628
6166 628
6167 628
6168 628
6169 628
6170 628
6171 628
6172 628
6173 628
6174 628
6175 628
6176 628
6177 628
6178 628
6179 628
6180 628
6181 628
6182 628
6183 628
6184 628
6185 628
6186 628
6187 622
6188 613
6189 609
6190 607
6191 607
6192 607
6193 607
6194 607
6195 607
6196 607
6197 607
6198 607
6199 607
6200 607
6201 607
6202 607
6203 607
6204 607
6205 607
6206 607
6207 607
6208 607
6209 607
6210 607
6211 607
6212 607
6213 607
6214 607
6215 607
6216 607
6217 607
6218 607
6219 607
6220 607
6221 607
6222 607
6223 607
6224 607
6225 607
6226 607
6227 607
6228 607
6229 607
6230 607
6231 607
6232 607
6233 607
6234 607
6235 607
6236 607
6237 607
6238 607
6239 607
6240 607
6241 607
6242 607
6243 607
6244 607
6245 607
6246 607
6247 607
6248 607
6249 607
6250 607
6251 607
6252 607
6253 607
6254 607
6255 607
6256 607
6257 607
6258 607
6259 603
6260 599
6261 597
6262 592
6263 592
6264 592
6265 592
6266 592
6267 592
6268 592
6269 592
6270 592
6271 592
6272 592
6273 640
6274 708
6275 816
6276 928
6277 982
6278 1006
6279 1064
6280 1134
6281 1203
6282 1343
6283 1431
6284 1587
6285 1616
6286 1651
6287 1649
6288 1762
6289 1866
6290 1875
6291 1922
6292 2021
6293 2141
6294 2228
6295 2392
6296 2583
6297 2702
6298 3371
6299 3868
6300 4296
6301 4723
6302 5327
6303 6401
6304 6924
6305 7324
6306 8319
6307 8604
6308 9343
6309 9961
6310 10340
6311 10862
6312 11005
6313 12076
6314 12361
6315 13263
6316 14098
6317 14767
6318 15312
6319 15693
6320 16196
6321 16600
6322 16647
6323 17225
6324 17629
6325 18249
6326 18628
6327 19414
6328 19819
6329 20080
6330 20487
6331 20510
6332 21396
6333 21804
6334 22363
6335 22576
6336 23102
6337 23535
6338 23941
6339 24231
6340 24591
6341 25265
6342 25576
6343 26181
6344 26806
6345 26800
6346 27064
6347 27515
6348 27731
6349 28311
6350 28575
6351 28695
6352 28718
6353 29077
6354 29313
6355 29856
6356 30383
6357 30786
6358 31028
6359 31675
6360 31840
6361 32201
6362 32459
6363 32915
6364 33109
6365 33372
6366 34116
6367 34428
6368 34598
6369 34909
6370 35508
6371 36058
6372 36129
6373 36507
6374 37106
6375 37730
6376 38155
6377 38277
6378 38470
6379 38657
6380 38891
6381 39157
6382 39345
6383 39607
6384 39987
6385 40152
6386 40344
6387 40736
6388 40998
6389 41356
6390 41717
6391 42385
6392 42604
6393 42697
6394 43342
6395 43678
6396 43960
6397 44407
6398 44710
6399 45044
6400 45218
6401 45240
6402 45240
6403 45240
6404 45240
6405 45240
6406 45240
6407 45216
6408 45194
6409 45194
6410 45194
6411 45194
6412 45194
6413 45194
6414 45194
6415 45194
6416 45194
6417 45194
6418 45167
6419 45167
6420 45167
6421 45167
6422 45167
6423 45167
6424 45167
6425 45167
6426 45167
6427 45167
6428 45149
6429 45138
6430 45138
6431 45138
6432 45138
6433 45138
6434 45138
6435 45138
6436 45138
6437 45138
6438 45138
6439 45115
6440 45115
6441 45115
6442 45115
6443 45115
6444 45115
6445 45115
6446 45115
6447 45115
6448 45115
6449 45091
6450 45070
6451 45070
6452 45070
6453 45070
6454 45070
6455 45070
6456 45070
6457 45070
6458 45070
6459 45070
6460 45037
6461 45037
6462 45037
6463 45037
6464 45037
6465 45037
6466 45037
6467 45037
6468 45037
6469 45037
6470 45027
6471 45007
6472 45007
6473 45007
6474 45007
6475 45007
6476 45007
6477 45007
6478 45007
6479 45007
6480 45007
6481 44972
6482 44972
6483 44972
6484 44972
6485 44972
6486 44972
6487 44972
6488 44972
6489 44972
6490 44972
6491 44957
6492 44937
6493 44937
6494 44937
6495 44937
6496 44937
6497 44937
6498 44937
6499 44937
6500 44937
6501 44937
6502 44901
6503 44901
6504 44901
6505 44901
6506 44901
6507 44901
6508 44901
6509 44901
6510 44901
6511 44901
6512 44887
6513 44871
6514 44871
6515 44871
6516 44871
6517 44871
6518 44871
6519 44871
6520 44871
6521 44871
6522 44871
6523 44838
6524 44838
6525 44838
6526 44838
6527 44838
6528 44838
6529 44838
6530 44838
6531 44838
6532 44838
6533 44829
6534 44820
6535 44820
6536 44820
6537 44820
6538 44820
6539 44820
6540 44820
6541 44820
6542 44820
6543 44820
6544 44789
6545 44789
6546 44789
6547 44789
6548 44789
6549 44789
6550 44789
6551 44789
6552 44789
6553 44789
6554 44777
6555 44763
6556 44763
6557 44763
6558 44763
6559 44763
6560 44763
6561 44763
6562 44763
6563 44763
6564 44763
6565 44738
6566 44738
6567 44738
6568 44738
6569 44738
6570 44738
6571 44738
6572 44738
6573 44738
6574 44738
6575 44724
6576 44718
6577 44718
6578 44718
6579 44718
6580 44718
6581 44718
6582 44718
6583 44718
6584 44718
6585 44718
6586 44689
6587 44689
6588 44689
6589 44689
6590 44689
6591 44689
6592 44689
6593 44689
6594 44689
6595 44689
6596 44677
6597 44665
6598 44665
6599 44665
6600 44665
6601 44665
6602 44665
6603 44665
6604 44665
6605 44665
6606 44665
6607 44646
6608 44646
6609 44646
6610 44646
6611 44646
6612 44646
6613 44646
6614 44646
6615 44646
6616 44646
6617 44637
6618 44618
6619 44618
6620 44618
6621 44618
6622 44618
6623 44618
6624 44618
6625 44618
6626 44618
6627 44618
6628 44582
6629 44582
6630 44582
6631 44582
6632 44582
6633 44582
6634 44582
6635 44582
6636 44582
6637 44582
6638 44571
6639 44551
6640 44551
6641 44551
6642 44551
6643 44551
6644 44551
6645 44551
6646 44551
6647 44551
6648 44551
6649 44525
6650 44525
6651 44525
6652 44525
6653 44525
6654 44525
6655 44525
6656 44525
6657 44525
6658 44525
6659 44510
6660 44499
6661 44499
6662 44499
6663 44499
6664 44499
6665 44499
6666 44499
6667 44499
6668 44499
6669 44499
6670 44476
6671 44476
6672 44476
6673 44476
6674 44476
6675 44476
6676 44476
6677 44476
6678 44476
6679 44476
6680 44458
6681 44445
6682 44445
6683 44445
6684 44445
6685 44445
6686 44445
6687 44445
6688 44445
6689 44445
6690 44445
6691 44423
6692 44423
6693 44423
6694 44423
6695 44423
6696 44423
6697 44423
6698 44423
6699 44423
6700 44423
6701 44412
6702 44407
6703 44407
6704 44407
6705 44407
6706 44407
6707 44407
6708 44407
6709 44407
6710 44407
6711 44407
6712 44372
6713 44372
6714 44372
6715 44372
6716 44372
6717 44372
6718 44372
6719 44372
6720 44372
6721 44372
6722 44354
6723 44338
6724 44338
6725 44338
6726 44338
6727 44338
6728 44338
6729 44338
6730 44338
6731 44338
6732 44338
6733 44318
6734 44318
6735 44318
6736 44318
6737 44318
6738 44318
6739 44318
6740 44318
6741 44318
6742 44318
6743 44313
6744 44301
6745 44301
6746 44301
6747 44301
6748 44301
6749 44301
6750 44301
6751 44301
6752 44301
6753 44301
6754 44273
6755 44273
6756 44273
6757 44273
6758 44273
6759 44273
6760 44273
6761 44273
6762 44273
6763 44273
6764 44266
6765 44259
6766 44259
6767 44259
6768 44259
6769 44259
6770 44259
6771 44259
6772 44259
6773 44259
6774 44259
6775 44240
6776 44240
6777 44239
6778 44237
6779 44231
6780 44224
6781 44217
6782 44205
6783 44194
6784 44179
6785 44146
6786 44116
6787 44094
6788 44069
6789 44042
6790 44019
6791 43992
6792 43971
6793 43946
6794 43909
6795 43874
6796 43820
6797 43787
6798 43747
6799 43695
6800 43646
6801 43601
6802 43544
6803 43490
6804 43440
6805 43384
6806 43286
6807 43215
6808 43153
6809 43082
6810 43031
6811 42971
6812 42915
6813 42840
6814 42767
6815 42691
6816 42630
6817 42510
6818 42439
6819 42351
6820 42269
6821 42191
6822 42115
6823 42041
6824 41953
6825 41848
6826 41773
6827 41646
6828 41532
6829 41456
6830 41362
6831 41284
6832 41190
6833 41115
6834 41022
6835 40952
6836 40840
6837 40759
6838 40593
6839 40490
6840 40384
6841 40290
6842 40179
6843 40054
6844 39947
6845 39854
6846 39729
6847 39621
6848 39479
6849 39352
6850 39235
6851 39139
6852 38998
6853 38875
6854 38744
6855 38629
6856 38504
6857 38381
6858 38259
6859 38070
6860 37954
6861 37824
6862 37687
6863 37560
6864 37428
6865 37312
6866 37175
6867 37031
