1 10
2 2161
3 2184
4 2184
5 2184
6 2184
7 2184
8 2184
9 2184
10 2184
11 2184
12 2184
13 2184
14 2184
15 2184
16 2184
17 2184
18 2184
19 2184
20 2184
21 2184
22 2184
23 2184
24 2184
25 2184
26 2184
27 2184
28 2184
29 2184
30 2184
31 2184
32 2184
33 2184
34 2184
35 2184
36 2184
37 2184
38 2184
39 2184
40 2184
41 2184
42 2184
43 2184
44 2184
45 2184
46 2184
47 2184
48 2184
49 2184
50 2184
51 2184
52 2184
53 2184
54 2184
55 2184
56 2184
57 2184
58 2184
59 2184
60 2184
61 2184
62 2184
63 2184
64 2184
65 2184
66 2184
67 2184
68 2184
69 2184
70 2184
71 2184
72 2184
73 2184
74 2184
75 2184
76 2184
77 2184
78 2184
79 2184
80 2184
81 2184
82 2184
83 2184
84 2184
85 2184
86 2184
87 2184
88 2184
89 2184
90 2184
91 2184
92 2184
93 2184
94 2184
95 2184
96 2184
97 2184
98 2184
99 2184
100 2184
101 2184
102 2184
103 2184
104 2184
105 2184
106 2184
107 2184
108 2184
109 2184
110 2184
111 2184
112 2184
113 2184
114 2184
115 2184
116 2184
117 2184
118 2184
119 2184
120 2184
121 2184
122 2184
123 2184
124 2184
125 2184
126 2184
127 2184
128 2184
129 2184
130 2184
131 2184
132 2184
133 2184
134 2184
135 2184
136 2184
137 2184
138 2184
139 2184
140 2184
141 2184
142 2184
143 2184
144 2184
145 2184
146 2184
147 2184
148 2184
149 2184
150 2184
151 2184
152 2184
153 2184
154 2184
155 2184
156 2184
157 2184
158 2184
159 2184
160 2184
161 2184
162 2184
163 2184
164 2184
165 2184
166 2184
167 2184
168 2184
169 2184
170 2184
171 2184
172 2184
173 2184
174 2184
175 2184
176 2184
177 2184
178 2184
179 2184
180 2184
181 2184
182 2184
183 2184
184 2184
185 2184
186 2184
187 2184
188 2184
189 2184
190 2184
191 2184
192 2184
193 2184
194 2184
195 2184
196 2184
197 2184
198 2184
199 2184
200 2184
201 2184
202 2184
203 2184
204 2184
205 2184
206 2184
207 2184
208 2184
209 2184
210 2184
211 2184
212 2184
213 2184
214 2184
215 2184
216 2184
217 2184
218 2184
219 2184
220 2184
221 2184
222 2184
223 2184
224 2184
225 2184
226 2184
227 2184
228 2184
229 2184
230 2184
231 2184
232 2184
233 2184
234 2184
235 2184
236 2184
237 2184
238 2184
239 2184
240 2184
241 2184
242 2184
243 2184
244 2184
245 2184
246 2184
247 2184
248 2184
249 2184
250 2184
251 2184
252 2184
253 2184
254 2184
255 2184
256 2184
257 2184
258 2184
259 2184
260 2184
261 2184
262 2184
263 2184
264 2184
265 2184
266 2184
267 2184
268 2184
269 2184
270 2184
271 2184
272 2184
273 2184
274 2184
275 2184
276 2184
277 2184
278 2184
279 2184
280 2184
281 2184
282 2184
283 2184
284 2184
285 2184
286 2184
287 2184
288 2184
289 2184
290 2184
291 2184
292 2184
293 2184
294 2184
295 2184
296 2184
297 2184
298 2184
299 2184
300 2184
301 2184
302 2184
303 2184
304 2184
305 2184
306 2184
307 2184
308 2184
309 2184
310 2184
311 2184
312 2184
313 2184
314 2184
315 2184
316 2184
317 2184
318 2184
319 2184
320 2184
321 2184
322 2184
323 2184
324 2184
325 2184
326 2184
327 2184
328 2184
329 2184
330 2184
331 2184
332 2184
333 2184
334 2184
335 2184
336 2184
337 2184
338 2184
339 2184
340 2184
341 2184
342 2184
343 2184
344 2184
345 2184
346 2184
347 2184
348 2184
349 2184
350 2184
351 2184
352 2184
353 2184
354 2184
355 2184
356 2184
357 2184
358 2184
359 2184
360 2184
361 2184
362 2184
363 2184
364 2184
365 2184
366 2184
367 2184
368 2184
369 2184
370 2184
371 2184
372 2184
373 2184
374 2184
375 2184
376 2184
377 2184
378 2184
379 2184
380 2184
381 2184
382 2184
383 2184
384 2184
385 2184
386 2184
387 2184
388 2184
389 2184
390 2184
391 2184
392 2184
393 2184
394 2184
395 2184
396 2184
397 2184
398 2184
399 2184
400 2184
401 2184
402 2184
403 2184
404 2184
405 2184
406 2184
407 2184
408 2184
409 2184
410 2184
411 2184
412 2184
413 2184
414 2184
415 2184
416 2184
417 2184
418 2184
419 2184
420 2184
421 2184
422 2184
423 2184
424 2184
425 2184
426 2184
427 2184
428 2184
429 2184
430 2184
431 2184
432 2184
433 2184
434 2184
435 2184
436 2184
437 2184
438 2184
439 2184
440 2184
441 2184
442 2184
443 2184
444 2184
445 2184
446 2184
447 2184
448 2184
449 2184
450 2184
451 2184
452 2184
453 2184
454 2184
455 2184
456 2184
457 2184
458 2184
459 2184
460 2184
461 2184
462 2184
463 2184
464 2184
465 2184
466 2184
467 2184
468 2184
469 2184
470 2184
471 2184
472 2184
473 2184
474 2184
475 2184
476 2184
477 2184
478 2184
479 2184
480 2184
481 2184
482 2184
483 2184
484 2184
485 2184
486 2184
487 2184
488 2184
489 2184
490 2184
491 2184
492 2184
493 2184
494 2184
495 2184
496 2184
497 2184
498 2184
499 2184
500 2184
501 2184
502 2184
503 2184
504 2184
505 2184
506 2184
507 2184
508 2184
509 2184
510 2184
511 2184
512 2184
513 2184
514 2184
515 2184
516 2184
517 2184
518 2184
519 2184
520 2184
521 2184
522 2184
523 2184
524 2184
525 2184
526 2184
527 2184
528 2184
529 2184
530 2184
531 2184
532 2184
533 2184
534 2184
535 2184
536 2184
537 2184
538 2184
539 2184
540 2184
541 2184
542 2184
543 2184
544 2184
545 2184
546 2184
547 2184
548 2184
549 2184
550 2184
551 2184
552 2184
553 2184
554 2184
555 2184
556 2184
557 2184
558 2184
559 2184
560 2184
561 2184
562 2184
563 2184
564 2184
565 2184
566 2184
567 2184
568 2184
569 2184
570 2184
571 2184
572 2184
573 2184
574 2184
575 2184
576 2184
577 2184
578 2184
579 2184
580 2184
581 2184
582 2184
583 2184
584 2184
585 2184
586 2184
587 2184
588 2184
589 2184
590 2184
591 2184
592 2184
593 2184
594 2184
595 2184
596 2184
597 2184
598 2184
599 2184
600 2184
601 2184
602 2184
603 2184
604 2184
605 2184
606 2184
607 2184
608 2184
609 2184
610 2184
611 2184
612 2184
613 2184
614 2184
615 2184
616 2184
617 2184
618 2184
619 2184
620 2184
621 2184
622 2184
623 2184
624 2184
625 2184
626 2184
627 2184
628 2184
629 2184
630 2184
631 2184
632 2184
633 2184
634 2184
635 2184
636 2184
637 2184
638 2184
639 2184
640 2184
641 2184
642 2184
643 2184
644 2184
645 2184
646 2184
647 2184
648 2184
649 2184
650 2184
651 2184
652 2184
653 2184
654 2184
655 2184
656 2184
657 2184
658 2184
659 2184
660 2184
661 2184
662 2184
663 2184
664 2184
665 2184
666 2184
667 2184
668 2184
669 2184
670 2184
671 2184
672 2184
673 2184
674 2184
675 2184
676 2184
677 2184
678 2184
679 2184
680 2184
681 2184
682 2184
683 2184
684 2184
685 2184
686 2184
687 2184
688 2184
689 2184
690 2184
691 2184
692 2184
693 2184
694 2184
695 2184
696 2184
697 2184
698 2184
699 2184
700 2184
701 2184
702 2184
703 2184
704 2184
705 2184
706 2184
707 2184
708 2184
709 2184
710 2184
711 2184
712 2184
713 2184
714 2184
715 2184
716 2184
717 2184
718 2184
719 2184
720 2184
721 2184
722 2184
723 2184
724 2184
725 2184
726 2184
727 2184
728 2184
729 2184
730 2184
731 2184
732 2184
733 2184
734 2184
735 2184
736 2184
737 2184
738 2184
739 2184
740 2184
741 2184
742 2184
743 2184
744 2184
745 2184
746 2184
747 2184
748 2184
749 2184
750 2184
751 2184
752 2184
753 2184
754 2184
755 2184
756 2184
757 2184
758 2184
759 2184
760 2184
761 2184
762 2184
763 2184
764 2184
765 2184
766 2184
767 2184
768 2184
769 2184
770 2184
771 2184
772 2184
773 2184
774 2184
775 2184
776 2184
777 2184
778 2184
779 2184
780 2184
781 2184
782 2184
783 2184
784 2184
785 2184
786 2184
787 2184
788 2184
789 2184
790 2184
791 2184
792 2184
793 2184
794 2184
795 2184
796 2184
797 2184
798 2184
799 2184
800 2184
801 2184
802 2184
803 2184
804 2184
805 2184
806 2184
807 2184
808 2184
809 2184
810 2184
811 2184
812 2184
813 2184
814 2184
815 2184
816 2184
817 2184
818 2184
819 2184
820 2184
821 2184
822 2184
823 2184
824 2184
825 2184
826 2184
827 2184
828 2184
829 2184
830 2184
831 2184
832 2184
833 2184
834 2184
835 2184
836 2184
837 2184
838 2184
839 2184
840 2184
841 2184
842 2184
843 2184
844 2184
845 2184
846 2184
847 2184
848 2184
849 2184
850 2184
851 2184
852 2184
853 2184
854 2184
855 2184
856 2184
857 2184
858 2184
859 2184
860 2184
861 2184
862 2184
863 2184
864 2184
865 2184
866 2184
867 2184
868 2184
869 2184
870 2184
871 2184
872 2184
873 2184
874 2184
875 2184
876 2184
877 2184
878 2184
879 2184
880 2184
881 2184
882 2184
883 2184
884 2184
885 2184
886 2184
887 2184
888 2184
889 2184
890 2184
891 2184
892 2184
893 2184
894 2184
895 2184
896 2184
897 2184
898 2184
899 2184
900 2184
901 2184
902 2184
903 2184
904 2184
905 2184
906 2184
907 2184
908 2184
909 2184
910 2184
911 2184
912 2184
913 2184
914 2184
915 2184
916 2184
917 2184
918 2184
919 2184
920 2184
921 2184
922 2184
923 2184
924 2184
925 2184
926 2184
927 2184
928 2184
929 2184
930 2184
931 2184
932 2184
933 2184
934 2184
935 2184
936 2184
937 2184
938 2184
939 2184
940 2184
941 2184
942 2184
943 2184
944 2184
945 2184
946 2184
947 2184
948 2184
949 2184
950 2184
951 2184
952 2184
953 2184
954 2184
955 2184
956 2184
957 2184
958 2184
959 2184
960 2184
961 2184
962 2184
963 2184
964 2184
965 2184
966 2184
967 2184
968 2184
969 2184
970 2184
971 2184
972 2184
973 2184
974 2184
975 2184
976 2184
977 2184
978 2184
979 2184
980 2184
981 2184
982 2184
983 2184
984 2184
985 2184
986 2184
987 2184
988 2184
989 2184
990 2184
991 2184
992 2184
993 2184
994 2184
995 2184
996 2184
997 2184
998 2184
999 2184
1000 2184
1001 2184
1002 2184
1003 2184
1004 2184
1005 2184
1006 2184
1007 2184
1008 2184
1009 2184
1010 2184
1011 2184
1012 2184
1013 2184
1014 2184
1015 2184
1016 2184
1017 2184
1018 2184
1019 2184
1020 2184
1021 2184
1022 2184
1023 2184
1024 2184
1025 2184
1026 2184
1027 2184
1028 2184
1029 2184
1030 2184
1031 2184
1032 2184
1033 2184
1034 2184
1035 2184
1036 2184
1037 2184
1038 2184
1039 2184
1040 2184
1041 2184
1042 2184
1043 2184
1044 2184
1045 2184
1046 2184
1047 2184
1048 2184
1049 2184
1050 2184
1051 2184
1052 2184
1053 2184
1054 2184
1055 2184
1056 2184
1057 2184
1058 2184
1059 2184
1060 2184
1061 2184
1062 2184
1063 2184
1064 2184
1065 2184
1066 2184
1067 2184
1068 2184
1069 2184
1070 2184
1071 2184
1072 2184
1073 2184
1074 2184
1075 2184
1076 2184
1077 2184
1078 2184
1079 2184
1080 2184
1081 2184
1082 2184
1083 2184
1084 2184
1085 2184
1086 2184
1087 2184
1088 2184
1089 2184
1090 2184
1091 2184
1092 2184
1093 2184
1094 2184
1095 2184
1096 2184
1097 2184
1098 2184
1099 2184
1100 2184
1101 2184
1102 2184
1103 2184
1104 2184
1105 2184
1106 2184
1107 2184
1108 2184
1109 2184
1110 2184
1111 2184
1112 2184
1113 2184
1114 2184
1115 2184
1116 2184
1117 2184
1118 2184
1119 2184
1120 2184
1121 2184
1122 2184
1123 2184
1124 2184
1125 2184
1126 2184
1127 2184
1128 2184
1129 2184
1130 2184
1131 2184
1132 2184
1133 2184
1134 2184
1135 2184
1136 2184
1137 2184
1138 2184
1139 2184
1140 2184
1141 2184
1142 2184
1143 2184
1144 2184
1145 2184
1146 2184
1147 2184
1148 2184
1149 2184
1150 2184
1151 2184
1152 2184
1153 2184
1154 2184
1155 2184
1156 2184
1157 2184
1158 2184
1159 2184
1160 2184
1161 2184
1162 2184
1163 2184
1164 2184
1165 2184
1166 2184
1167 2184
1168 2184
1169 2184
1170 2184
1171 2184
1172 2184
1173 2184
1174 2184
1175 2184
1176 2184
1177 2184
1178 2184
1179 2184
1180 2184
1181 2184
1182 2184
1183 2184
1184 2184
1185 2184
1186 2184
1187 2184
1188 2184
1189 2184
1190 2184
1191 2184
1192 2184
1193 2184
1194 2184
1195 2184
1196 2184
1197 2184
1198 2184
1199 2184
1200 2184
1201 2184
1202 2184
1203 2184
1204 2184
1205 2184
1206 2184
1207 2184
1208 2184
1209 2184
1210 2184
1211 2184
1212 2184
1213 2184
1214 2184
1215 2184
1216 2184
1217 2184
1218 2184
1219 2184
1220 2184
1221 2184
1222 2184
1223 2184
1224 2184
1225 2184
1226 2184
1227 2184
1228 2184
1229 2184
1230 2184
1231 2184
1232 2184
1233 2184
1234 2184
1235 2184
1236 2184
1237 2184
1238 2184
1239 2184
1240 2184
1241 2184
1242 2184
1243 2184
1244 2184
1245 2184
1246 2184
1247 2184
1248 2184
1249 2184
1250 2184
1251 2184
1252 2184
1253 2184
1254 2184
1255 2184
1256 2184
1257 2184
1258 2184
1259 2184
1260 2184
1261 2184
1262 2184
1263 2184
1264 2184
1265 2184
1266 2184
1267 2184
1268 2184
1269 2184
1270 2184
1271 2184
1272 2184
1273 2184
1274 2184
1275 2184
1276 2184
1277 2184
1278 2184
1279 2184
1280 2184
1281 2184
1282 2184
1283 2184
1284 2184
1285 2184
1286 2184
1287 2184
1288 2184
1289 2184
1290 2184
1291 2184
1292 2184
1293 2184
1294 2184
1295 2184
1296 2184
1297 2184
1298 2184
1299 2184
1300 2184
1301 2184
1302 2184
1303 2184
1304 2184
1305 2184
1306 2184
1307 2184
1308 2184
1309 2184
1310 2184
1311 2184
1312 2184
1313 2184
1314 2184
1315 2184
1316 2184
1317 2184
1318 2184
1319 2184
1320 2184
1321 2184
1322 2184
1323 2184
1324 2184
1325 2184
1326 2184
1327 2184
1328 2184
1329 2184
1330 2184
1331 2184
1332 2184
1333 2184
1334 2184
1335 2184
1336 2184
1337 2184
1338 2184
1339 2184
1340 2184
1341 2184
1342 2184
1343 2184
1344 2184
1345 2184
1346 2184
1347 2184
1348 2184
1349 2184
1350 2184
1351 2184
1352 2184
1353 2184
1354 2184
1355 2184
1356 2184
1357 2184
1358 2184
1359 2184
1360 2184
1361 2184
1362 2184
1363 2184
1364 2184
1365 2184
1366 2184
1367 2184
1368 2184
1369 2184
1370 2184
1371 2184
1372 2184
1373 2184
1374 2184
1375 2184
1376 2184
1377 2184
1378 2184
1379 2184
1380 2184
1381 2184
1382 2184
1383 2184
1384 2184
1385 2184
1386 2184
1387 2184
1388 2184
1389 2184
1390 2184
1391 2184
1392 2184
1393 2184
1394 2184
1395 2184
1396 2184
1397 2184
1398 2184
1399 2184
1400 2184
1401 2184
1402 2184
1403 2184
1404 2184
1405 2184
1406 2184
1407 2184
1408 2184
1409 2184
1410 2184
1411 2184
1412 2184
1413 2184
1414 2184
1415 2184
1416 2184
1417 2184
1418 2184
1419 2184
1420 2184
1421 2184
1422 2184
1423 2184
1424 2184
1425 2184
1426 2184
1427 2184
1428 2184
1429 2184
1430 2184
1431 2184
1432 2184
1433 2184
1434 2184
1435 2184
1436 2184
1437 2184
1438 2184
1439 2184
1440 2184
1441 2184
1442 2184
1443 2184
1444 2184
1445 2184
1446 2184
1447 2184
1448 2184
1449 2184
1450 2184
1451 2184
1452 2184
1453 2184
1454 2184
1455 2184
1456 2184
1457 2184
1458 2184
1459 2184
1460 2184
1461 2184
1462 2184
1463 2184
1464 2184
1465 2184
1466 2184
1467 2184
1468 2184
1469 2184
1470 2184
1471 2184
1472 2184
1473 2184
1474 2184
1475 2184
1476 2184
1477 2184
1478 2184
1479 2184
1480 2184
1481 2184
1482 2184
1483 2184
1484 2184
1485 2184
1486 2184
1487 2184
1488 2184
1489 2184
1490 2184
1491 2184
1492 2184
1493 2184
1494 2184
1495 2184
1496 2184
1497 2184
1498 2184
1499 2184
1500 2184
1501 2184
1502 2184
1503 2184
1504 2184
1505 2184
1506 2184
1507 2184
1508 2184
1509 2184
1510 2184
1511 2184
1512 2184
1513 2184
1514 2184
1515 2184
1516 2184
1517 2184
1518 2184
1519 2184
1520 2184
1521 2184
1522 2184
1523 2184
1524 2184
1525 2184
1526 2184
1527 2184
1528 2184
1529 2184
1530 2184
1531 2184
1532 2184
1533 2184
1534 2184
1535 2184
1536 2184
1537 2184
1538 2184
1539 2184
1540 2184
1541 2184
1542 2184
1543 2184
1544 2184
1545 2184
1546 2184
1547 2184
1548 2184
1549 2184
1550 2184
1551 2184
1552 2184
1553 2184
1554 2184
1555 2184
1556 2184
1557 2184
1558 2184
1559 2184
1560 2184
1561 2184
1562 2184
1563 2184
1564 2184
1565 2184
1566 2184
1567 2184
1568 2184
1569 2184
1570 2184
1571 2184
1572 2184
1573 2184
1574 2184
1575 2184
1576 2184
1577 2184
1578 2184
1579 2184
1580 2184
1581 2184
1582 2184
1583 2184
1584 2184
1585 2184
1586 2184
1587 2184
1588 2184
1589 2184
1590 2184
1591 2184
1592 2184
1593 2184
1594 2184
1595 2184
1596 2184
1597 2184
1598 2184
1599 2184
1600 2184
1601 2184
1602 2184
1603 2184
1604 2184
1605 2184
1606 2184
1607 2184
1608 2184
1609 2184
1610 2184
1611 2184
1612 2184
1613 2184
1614 2184
1615 2184
1616 2184
1617 2184
1618 2184
1619 2184
1620 2184
1621 2184
1622 2184
1623 2184
1624 2184
1625 2184
1626 2184
1627 2184
1628 2184
1629 2184
1630 2184
1631 2184
1632 2184
1633 2184
1634 2184
1635 2184
1636 2184
1637 2184
1638 2184
1639 2184
1640 2184
1641 2184
1642 2184
1643 2184
1644 2184
1645 2184
1646 2184
1647 2184
1648 2184
1649 2184
1650 2184
1651 2184
1652 2184
1653 2184
1654 2184
1655 2184
1656 2184
1657 2184
1658 2184
1659 2184
1660 2184
1661 2184
1662 2184
1663 2184
1664 2184
1665 2184
1666 2184
1667 2184
1668 2184
1669 2184
1670 2184
1671 2184
1672 2184
1673 2184
1674 2184
1675 2184
1676 2184
1677 2184
1678 2184
1679 2184
1680 2184
1681 2184
1682 2184
1683 2184
1684 2184
1685 2184
1686 2184
1687 2184
1688 2184
1689 2184
1690 2184
1691 2184
1692 2184
1693 2184
1694 2184
1695 2184
1696 2184
1697 2184
1698 2184
1699 2184
1700 2184
1701 2184
1702 2184
1703 2184
1704 2184
1705 2184
1706 2184
1707 2184
1708 2184
1709 2184
1710 2184
1711 2184
1712 2184
1713 2184
1714 2184
1715 2184
1716 2184
1717 2184
1718 2184
1719 2184
1720 2184
1721 2184
1722 2184
1723 2184
1724 2184
1725 2184
1726 2184
1727 2184
1728 2184
1729 2184
1730 2184
1731 2184
1732 2184
1733 2184
1734 2184
1735 2184
1736 2184
1737 2184
1738 2184
1739 2184
1740 2184
1741 2184
1742 2184
1743 2184
1744 2184
1745 2184
1746 2184
1747 2184
1748 2184
1749 2184
1750 2184
1751 2184
1752 2184
1753 2184
1754 2184
1755 2184
1756 2184
1757 2184
1758 2184
1759 2184
1760 2184
1761 2184
1762 2184
1763 2184
1764 2184
1765 2184
1766 2184
1767 2184
1768 2184
1769 2184
1770 2184
1771 2184
1772 2184
1773 2184
1774 2184
1775 2184
1776 2184
1777 2184
1778 2184
1779 2184
1780 2184
1781 2184
1782 2184
1783 2184
1784 2184
1785 2184
1786 2184
1787 2184
1788 2184
1789 2184
1790 2184
1791 2184
1792 2184
1793 2184
1794 2184
1795 2184
1796 2184
1797 2184
1798 2184
1799 2184
1800 2184
1801 2184
1802 2184
1803 2184
1804 2184
1805 2184
1806 2184
1807 2184
1808 2184
1809 2184
1810 2184
1811 2184
1812 2184
1813 2184
1814 2184
1815 2184
1816 2184
1817 2184
1818 2184
1819 2184
1820 2184
1821 2184
1822 2184
1823 2184
1824 2184
1825 2184
1826 2184
1827 2184
1828 2184
1829 2184
1830 2184
1831 2184
1832 2184
1833 2184
1834 2184
1835 2184
1836 2184
1837 2184
1838 2184
1839 2184
1840 2184
1841 2184
1842 2184
1843 2184
1844 2184
1845 2184
1846 2184
1847 2184
1848 2184
1849 2184
1850 2184
1851 2184
1852 2184
1853 2184
1854 2184
1855 2184
1856 2184
1857 2184
1858 2184
1859 2184
1860 2184
1861 2184
1862 2184
1863 2184
1864 2184
1865 2184
1866 2184
1867 2184
1868 2184
1869 2184
1870 2184
1871 2184
1872 2184
1873 2184
1874 2184
1875 2184
1876 2184
1877 2184
1878 2184
1879 2184
1880 2184
1881 2184
1882 2184
1883 2184
1884 2184
1885 2184
1886 2184
1887 2184
1888 2184
1889 2184
1890 2184
1891 2184
1892 2184
1893 2184
1894 2184
1895 2184
1896 2184
1897 2184
1898 2184
1899 2184
1900 2184
1901 2184
1902 2184
1903 2184
1904 2184
1905 2184
1906 2184
1907 2184
1908 2184
1909 2184
1910 2184
1911 2184
1912 2184
1913 2184
1914 2184
1915 2184
1916 2184
1917 2184
1918 2184
1919 2184
1920 2184
1921 2184
1922 2184
1923 2184
1924 2184
1925 2184
1926 2184
1927 2184
1928 2184
1929 2184
1930 2184
1931 2184
1932 2184
1933 2184
1934 2184
1935 2184
1936 2184
1937 2184
1938 2184
1939 2184
1940 2184
1941 2184
1942 2184
1943 2184
1944 2184
1945 2184
1946 2184
1947 2184
1948 2184
1949 2184
1950 2184
1951 2184
1952 2184
1953 2184
1954 2184
1955 2184
1956 2184
1957 2184
1958 2184
1959 2184
1960 2184
1961 2184
1962 2184
1963 2184
1964 2184
1965 2184
1966 2184
1967 2184
1968 2184
1969 2184
1970 2184
1971 2184
1972 2184
1973 2184
1974 2184
1975 2184
1976 2184
1977 2184
1978 2184
1979 2184
1980 2184
1981 2184
1982 2184
1983 2184
1984 2184
1985 2184
1986 2184
1987 2184
1988 2184
1989 2184
1990 2184
1991 2184
1992 2184
1993 2184
1994 2184
1995 2184
1996 2184
1997 2184
1998 2184
1999 2184
2000 2184
2001 2184
2002 2184
2003 2184
2004 2184
2005 2184
2006 2184
2007 2184
2008 2184
2009 2184
2010 2184
2011 2184
2012 2184
2013 2184
2014 2184
2015 2184
2016 2184
2017 2184
2018 2184
2019 2184
2020 2184
2021 2184
2022 2184
2023 2184
2024 2184
2025 2184
2026 2184
2027 2184
2028 2184
2029 2184
2030 2184
2031 2184
2032 2184
2033 2184
2034 2184
2035 2184
2036 2184
2037 2184
2038 2184
2039 2184
2040 2184
2041 2184
2042 2184
2043 2184
2044 2184
2045 2184
2046 2184
2047 2184
2048 2184
2049 2184
2050 2184
2051 2184
2052 2184
2053 2184
2054 2184
2055 2184
2056 2184
2057 2184
2058 2184
2059 2184
2060 2184
2061 2184
2062 2184
2063 2184
2064 2184
2065 2184
2066 2184
2067 2184
2068 2184
2069 2184
2070 2184
2071 2184
2072 2184
2073 2184
2074 2184
2075 2184
2076 2184
2077 2184
2078 2184
2079 2184
2080 2184
2081 2184
2082 2184
2083 2184
2084 2184
2085 2184
2086 2184
2087 2184
2088 2184
2089 2184
2090 2184
2091 2184
2092 2184
2093 2184
2094 2184
2095 2184
2096 2184
2097 2184
2098 2184
2099 2184
2100 2184
2101 2184
2102 2184
2103 2184
2104 2184
2105 2184
2106 2184
2107 2184
2108 2184
2109 2184
2110 2184
2111 2184
2112 2184
2113 2184
2114 2184
2115 2184
2116 2184
2117 2184
2118 2184
2119 2184
2120 2184
2121 2184
2122 2184
2123 2184
2124 2184
2125 2184
2126 2184
2127 2184
2128 2184
2129 2184
2130 2184
2131 2184
2132 2184
2133 2184
2134 2184
2135 2184
2136 2184
2137 2184
2138 2184
2139 2184
2140 2184
2141 2184
2142 2184
2143 2184
2144 2184
2145 2184
2146 2184
2147 2184
2148 2184
2149 2184
2150 2184
2151 2184
2152 2184
2153 2184
2154 2184
2155 2184
2156 2184
2157 2184
2158 2184
2159 2184
2160 2184
2161 2184
2162 2184
2163 2184
2164 2184
2165 2184
2166 2184
2167 2184
2168 2184
2169 2184
2170 2184
2171 2184
2172 2184
2173 2184
2174 2184
2175 2184
2176 2184
2177 2184
2178 2184
2179 2184
2180 2184
2181 2184
2182 2184
2183 2184
2184 2184
2185 2184
2186 2184
2187 2184
2188 2184
2189 2184
2190 2184
2191 2184
2192 2184
2193 2184
2194 2184
2195 2184
2196 2184
2197 2184
2198 2184
2199 2184
2200 2184
2201 2184
2202 2184
2203 2184
2204 2184
2205 2184
2206 2184
2207 2184
2208 2184
2209 2184
2210 2184
2211 2184
2212 2184
2213 2184
2214 2184
2215 2184
2216 2184
2217 2184
2218 2184
2219 2184
2220 2184
2221 2184
2222 2184
2223 2184
2224 2184
2225 2184
2226 2184
2227 2184
2228 2184
2229 2184
2230 2184
2231 2184
2232 2184
2233 2184
2234 2184
2235 2184
2236 2184
2237 2184
2238 2184
2239 2184
2240 2184
2241 2184
2242 2184
2243 2184
2244 2184
2245 2184
2246 2184
2247 2184
2248 2184
2249 2184
2250 2184
2251 2184
2252 2184
2253 2184
2254 2184
2255 2184
2256 2184
2257 2184
2258 2184
2259 2184
2260 2184
2261 2184
2262 2184
2263 2184
2264 2184
2265 2184
2266 2184
2267 2184
2268 2184
2269 2184
2270 2184
2271 2184
2272 2184
2273 2184
2274 2184
2275 2184
2276 2184
2277 2184
2278 2184
2279 2184
2280 2184
2281 2184
2282 2184
2283 2184
2284 2184
2285 2184
2286 2184
2287 2184
2288 2184
2289 2184
2290 2184
2291 2184
2292 2184
2293 2184
2294 2184
2295 2184
2296 2184
2297 2184
2298 2184
2299 2184
2300 2184
2301 2184
2302 2184
2303 2184
2304 2184
2305 2184
2306 2184
2307 2184
2308 2184
2309 2184
2310 2184
2311 2184
2312 2184
2313 2184
2314 2184
2315 2184
2316 2184
2317 2184
2318 2184
2319 2184
2320 2184
2321 2184
2322 2184
2323 2184
2324 2184
2325 2184
2326 2184
2327 2184
2328 2184
2329 2184
2330 2184
2331 2184
2332 2184
2333 2184
2334 2184
2335 2184
2336 2184
2337 2184
2338 2184
2339 2184
2340 2184
2341 2184
2342 2184
2343 2184
2344 2184
2345 2184
2346 2184
2347 2184
2348 2184
2349 2184
2350 2184
2351 2184
2352 2184
2353 2184
2354 2184
2355 2184
2356 2184
2357 2184
2358 2184
2359 2184
2360 2184
2361 2184
2362 2184
2363 2184
2364 2184
2365 2184
2366 2184
2367 2184
2368 2184
2369 2184
2370 2184
2371 2184
2372 2184
2373 2184
2374 2184
2375 2184
2376 2184
2377 2184
2378 2184
2379 2184
2380 2184
2381 2184
2382 2184
2383 2184
2384 2184
2385 2184
2386 2184
2387 2184
2388 2184
2389 2184
2390 2184
2391 2184
2392 2184
2393 2184
2394 2184
2395 2184
2396 2184
2397 2184
2398 2184
2399 2184
2400 2184
2401 2184
2402 2184
2403 2184
2404 2184
2405 2184
2406 2184
2407 2184
2408 2184
2409 2184
2410 2184
2411 2184
2412 2184
2413 2184
2414 2184
2415 2184
2416 2184
2417 2184
2418 2184
2419 2184
2420 2184
2421 2184
2422 2184
2423 2184
2424 2184
2425 2184
2426 2184
2427 2184
2428 2184
2429 2184
2430 2184
2431 2184
2432 2184
2433 2184
2434 2184
2435 2184
2436 2184
2437 2184
2438 2184
2439 2184
2440 2184
2441 2184
2442 2184
2443 2184
2444 2184
2445 2184
2446 2184
2447 2184
2448 2184
2449 2184
2450 2184
2451 2184
2452 2184
2453 2184
2454 2184
2455 2184
2456 2184
2457 2184
2458 2184
2459 2184
2460 2184
2461 2184
2462 2184
2463 2184
2464 2184
2465 2184
2466 2184
2467 2184
2468 2184
2469 2184
2470 2184
2471 2184
2472 2184
2473 2184
2474 2184
2475 2184
2476 2184
2477 2184
2478 2184
2479 2184
2480 2184
2481 2184
2482 2184
2483 2184
2484 2184
2485 2184
2486 2184
2487 2184
2488 2184
2489 2184
2490 2184
2491 2184
2492 2184
2493 2184
2494 2184
2495 2184
2496 2184
2497 2184
2498 2184
2499 2184
2500 2184
2501 2184
2502 2184
2503 2184
2504 2184
2505 2184
2506 2184
2507 2184
2508 2184
2509 2184
2510 2184
2511 2184
2512 2184
2513 2184
2514 2184
2515 2184
2516 2184
2517 2184
2518 2184
2519 2184
2520 2184
2521 2184
2522 2184
2523 2184
2524 2184
2525 2184
2526 2184
2527 2184
2528 2184
2529 2184
2530 2184
2531 2184
2532 2184
2533 2184
2534 2184
2535 2184
2536 2184
2537 2184
2538 2184
2539 2184
2540 2184
2541 2184
2542 2184
2543 2184
2544 2184
2545 2184
2546 2184
2547 2184
2548 2184
2549 2184
2550 2184
2551 2184
2552 2184
2553 2184
2554 2184
2555 2184
2556 2184
2557 2184
2558 2184
2559 2184
2560 2184
2561 2184
2562 2184
2563 2184
2564 2184
2565 2184
2566 2184
2567 2184
2568 2184
2569 2184
2570 2184
2571 2184
2572 2184
2573 2184
2574 2184
2575 2184
2576 2184
2577 2184
2578 2184
2579 2184
2580 2184
2581 2184
2582 2184
2583 2184
2584 2184
2585 2184
2586 2184
2587 2184
2588 2184
2589 2184
2590 2184
2591 2184
2592 2184
2593 2184
2594 2184
2595 2184
2596 2184
2597 2184
2598 2184
2599 2184
2600 2184
2601 2184
2602 2184
2603 2184
2604 2184
2605 2184
2606 2184
2607 2184
2608 2184
2609 2184
2610 2184
2611 2184
2612 2184
2613 2184
2614 2184
2615 2184
2616 2184
2617 2184
2618 2184
2619 2184
2620 2184
2621 2184
2622 2184
2623 2184
2624 2184
2625 2184
2626 2184
2627 2184
2628 2184
2629 2184
2630 2184
2631 2184
2632 2184
2633 2184
2634 2184
2635 2184
2636 2184
2637 2184
2638 2184
2639 2184
2640 2184
2641 2184
2642 2184
2643 2184
2644 2184
2645 2184
2646 2184
2647 2184
2648 2184
2649 2184
2650 2184
2651 2184
2652 2184
2653 2184
2654 2184
2655 2184
2656 2184
2657 2184
2658 2184
2659 2184
2660 2184
2661 2184
2662 2184
2663 2184
2664 2184
2665 2184
2666 2184
2667 2184
2668 2184
2669 2184
2670 2184
2671 2184
2672 2184
2673 2184
2674 2184
2675 2184
2676 2184
2677 2184
2678 2184
2679 2184
2680 2184
2681 2184
2682 2184
2683 2184
2684 2184
2685 2184
2686 2184
2687 2184
2688 2184
2689 2184
2690 2184
2691 2184
2692 2184
2693 2184
2694 2184
2695 2184
2696 2184
2697 2184
2698 2184
2699 2184
2700 2184
2701 2184
2702 2184
2703 2184
2704 2184
2705 2184
2706 2184
2707 2184
2708 2184
2709 2184
2710 2184
2711 2184
2712 2184
2713 2184
2714 2184
2715 2184
2716 2184
2717 2184
2718 2184
2719 2184
2720 2184
2721 2184
2722 2184
2723 2184
2724 2184
2725 2184
2726 2184
2727 2184
2728 2184
2729 2184
2730 2184
2731 2184
2732 2184
2733 2184
2734 2184
2735 2184
2736 2184
2737 2184
2738 2184
2739 2184
2740 2184
2741 2184
2742 2184
2743 2184
2744 2184
2745 2184
2746 2184
2747 2184
2748 2184
2749 2184
2750 2184
2751 2184
2752 2184
2753 2184
2754 2184
2755 2184
2756 2184
2757 2184
2758 2184
2759 2184
2760 2184
2761 2184
2762 2184
2763 2184
2764 2184
2765 2184
2766 2184
2767 2184
2768 2184
2769 2184
2770 2184
2771 2184
2772 2184
2773 2184
2774 2184
2775 2184
2776 2184
2777 2184
2778 2184
2779 2184
2780 2184
2781 2184
2782 2184
2783 2184
2784 2184
2785 2184
2786 2184
2787 2184
2788 2184
2789 2184
2790 2184
2791 2184
2792 2184
2793 2184
2794 2184
2795 2184
2796 2184
2797 2184
2798 2184
2799 2184
2800 2184
2801 2184
2802 2184
2803 2184
2804 2184
2805 2184
2806 2184
2807 2184
2808 2184
2809 2184
2810 2184
2811 2184
2812 2184
2813 2184
2814 2184
2815 2184
2816 2184
2817 2184
2818 2184
2819 2184
2820 2184
2821 2184
2822 2184
2823 2184
2824 2184
2825 2184
2826 2184
2827 2184
2828 2184
2829 2184
2830 2184
2831 2184
2832 2184
2833 2184
2834 2184
2835 2184
2836 2184
2837 2184
2838 2184
2839 2184
2840 2184
2841 2184
2842 2184
2843 2184
2844 2184
2845 2184
2846 2184
2847 2184
2848 2184
2849 2184
2850 2184
2851 2184
2852 2184
2853 2184
2854 2184
2855 2184
2856 2184
2857 2184
2858 2184
2859 2184
2860 2184
2861 2184
2862 2184
2863 2184
2864 2184
2865 2184
2866 2184
2867 2184
2868 2184
2869 2184
2870 2184
2871 2184
2872 2184
2873 2184
2874 2184
2875 2184
2876 2184
2877 2184
2878 2184
2879 2184
2880 2184
2881 2184
2882 2184
2883 2184
2884 2184
2885 2184
2886 2184
2887 2184
2888 2184
2889 2184
2890 2184
2891 2184
2892 2184
2893 2184
2894 2184
2895 2184
2896 2184
2897 2184
2898 2184
2899 2184
2900 2184
2901 2184
2902 2184
2903 2184
2904 2184
2905 2184
2906 2184
2907 2184
2908 2184
2909 2184
2910 2184
2911 2184
2912 2184
2913 2184
2914 2184
2915 2184
2916 2184
2917 2184
2918 2184
2919 2184
2920 2184
2921 2184
2922 2184
2923 2184
2924 2184
2925 2184
2926 2184
2927 2184
2928 2184
2929 2184
2930 2184
2931 2184
2932 2184
2933 2184
2934 2184
2935 2184
2936 2184
2937 2184
2938 2184
2939 2184
2940 2184
2941 2184
2942 2184
2943 2184
2944 2184
2945 2184
2946 2184
2947 2184
2948 2184
2949 2184
2950 2184
2951 2184
2952 2184
2953 2184
2954 2184
2955 2184
2956 2184
2957 2184
2958 2184
2959 2184
2960 2184
2961 2184
2962 2184
2963 2184
2964 2184
2965 2184
2966 2184
2967 2184
2968 2184
2969 2184
2970 2184
2971 2184
2972 2184
2973 2184
2974 2184
2975 2184
2976 2184
2977 2184
2978 2184
2979 2184
2980 2184
2981 2184
2982 2184
2983 2184
2984 2184
2985 2184
2986 2184
2987 2184
2988 2184
2989 2184
2990 2184
2991 2184
2992 2184
2993 2184
2994 2184
2995 2184
2996 2184
2997 2184
2998 2184
2999 2184
3000 2184
3001 2184
3002 2184
3003 2184
3004 2184
3005 2184
3006 2184
3007 2184
3008 2184
3009 2184
3010 2184
3011 2184
3012 2183
3013 2183
3014 2183
3015 2181
3016 2181
3017 2181
3018 2179
3019 2178
3020 2178
3021 2178
3022 2176
3023 2176
3024 2175
3025 2175
3026 2175
3027 2174
3028 2171
3029 2171
3030 2169
3031 2168
3032 2168
3033 2167
3034 2167
3035 2164
3036 2163
3037 2162
3038 2160
3039 2160
3040 2160
3041 2159
3042 2158
3043 2157
3044 2157
3045 2157
3046 2157
3047 2157
3048 2157
3049 2157
3050 2156
3051 2156
3052 2156
3053 2156
3054 2155
3055 2154
3056 2154
3057 2153
3058 2153
3059 2153
3060 2153
3061 2152
3062 2152
3063 2152
3064 2151
3065 2150
3066 2150
3067 2150
3068 2150
3069 2149
3070 2149
3071 2148
3072 2148
3073 2148
3074 2148
3075 2147
3076 2147
3077 2147
3078 2147
3079 2146
3080 2145
3081 2145
3082 2144
3083 2143
3084 2143
3085 2141
3086 2140
3087 2140
3088 2140
3089 2136
3090 2136
3091 2136
3092 2136
3093 2135
3094 2135
3095 2134
3096 2134
3097 2134
3098 2134
3099 2132
3100 2131
3101 2127
3102 2125
3103 2125
3104 2124
3105 2123
3106 2123
3107 2122
3108 2122
3109 2122
3110 2120
3111 2120
3112 2120
3113 2119
3114 2118
3115 2117
3116 2115
3117 2115
3118 2115
3119 2114
3120 2113
3121 2112
3122 2111
3123 2111
3124 2111
3125 2111
3126 2111
3127 2110
3128 2110
3129 2109
3130 2109
3131 2109
3132 2109
3133 2108
3134 2107
3135 2107
3136 2107
3137 2107
3138 2105
3139 2105
3140 2105
3141 2105
3142 2105
3143 2104
3144 2104
3145 2104
3146 2104
3147 2103
3148 2103
3149 2103
3150 2102
3151 2102
3152 2102
3153 2100
3154 2098
3155 2097
3156 2097
3157 2097
3158 2095
3159 2095
3160 2095
3161 2095
3162 2092
3163 2092
3164 2091
3165 2084
3166 2075
3167 2071
3168 2067
3169 2066
3170 2065
3171 2065
3172 2064
3173 2063
3174 2063
3175 2062
3176 2062
3177 2062
3178 2062
3179 2062
3180 2062
3181 2060
3182 2059
3183 2058
3184 2057
3185 2056
3186 2055
3187 2054
3188 2054
3189 2054
3190 2053
3191 2052
3192 2049
3193 2049
3194 2049
3195 2044
3196 2043
3197 2043
3198 2043
3199 2043
3200 2041
3201 2040
3202 2039
3203 2039
3204 2039
3205 2038
3206 2038
3207 2037
3208 2037
3209 2037
3210 2035
3211 2034
3212 2034
3213 2033
3214 2030
3215 2029
3216 2029
3217 2029
3218 2028
3219 2025
3220 2025
3221 2024
3222 2022
3223 2017
3224 2012
3225 2010
3226 2009
3227 2007
3228 2006
3229 2005
3230 2003
3231 2003
3232 2002
3233 2001
3234 2001
3235 2000
3236 1998
3237 1998
3238 1998
3239 1998
3240 1997
3241 1997
3242 1995
3243 1995
3244 1995
3245 1994
3246 1994
3247 1994
3248 1993
3249 1993
3250 1993
3251 1993
3252 1993
3253 1992
3254 1992
3255 1992
3256 1991
3257 1989
3258 1989
3259 1988
3260 1988
3261 1987
3262 1987
3263 1987
3264 1986
3265 1985
3266 1982
3267 1981
3268 1979
3269 1978
3270 1977
3271 1975
3272 1974
3273 1974
3274 1973
3275 1972
3276 1972
3277 1971
3278 1965
3279 1954
3280 1949
3281 1949
3282 1949
3283 1949
3284 1949
3285 1948
3286 1946
3287 1946
3288 1946
3289 1946
3290 1946
3291 1945
3292 1944
3293 1943
3294 1943
3295 1943
3296 1943
3297 1943
3298 1942
3299 1941
3300 1939
3301 1936
3302 1936
3303 1935
3304 1935
3305 1935
3306 1935
3307 1933
3308 1933
3309 1932
3310 1932
3311 1931
3312 1929
3313 1928
3314 1927
3315 1927
3316 1927
3317 1927
3318 1927
3319 1926
3320 1926
3321 1924
3322 1924
3323 1924
3324 1924
3325 1923
3326 1923
3327 1922
3328 1922
3329 1921
3330 1919
3331 1919
3332 1919
3333 1919
3334 1913
3335 1902
3336 1897
3337 1896
3338 1896
3339 1896
3340 1896
3341 1895
3342 1894
3343 1893
3344 1892
3345 1891
3346 1891
3347 1890
3348 1889
3349 1888
3350 1887
3351 1887
3352 1886
3353 1885
3354 1885
3355 1885
3356 1884
3357 1883
3358 1883
3359 1883
3360 1882
3361 1881
3362 1881
3363 1881
3364 1881
3365 1881
3366 1881
3367 1881
3368 1881
3369 1881
3370 1880
3371 1879
3372 1879
3373 1879
3374 1878
3375 1877
3376 1876
3377 1876
3378 1875
3379 1873
3380 1872
3381 1870
3382 1870
3383 1870
3384 1870
3385 1870
3386 1869
3387 1868
3388 1868
3389 1858
3390 1853
3391 1850
3392 1847
3393 1847
3394 1846
3395 1844
3396 1843
3397 1842
3398 1841
3399 1841
3400 1841
3401 1841
3402 1841
3403 1841
3404 1841
3405 1841
3406 1841
3407 1841
3408 1841
3409 1841
3410 1840
3411 1839
3412 1838
3413 1836
3414 1834
3415 1833
3416 1832
3417 1831
3418 1829
3419 1828
3420 1828
3421 1826
3422 1823
3423 1823
3424 1823
3425 1822
3426 1820
3427 1819
3428 1819
3429 1819
3430 1819
3431 1818
3432 1817
3433 1817
3434 1815
3435 1815
3436 1814
3437 1813
3438 1812
3439 1811
3440 1811
3441 1810
3442 1810
3443 1809
3444 1809
3445 1809
3446 1809
3447 1799
3448 1792
3449 1781
3450 1781
3451 1780
3452 1780
3453 1778
3454 1778
3455 1778
3456 1778
3457 1778
3458 1778
3459 1777
3460 1777
3461 1777
3462 1777
3463 1777
3464 1775
3465 1775
3466 1775
3467 1775
3468 1775
3469 1775
3470 1774
3471 1774
3472 1774
3473 1774
3474 1774
3475 1773
3476 1773
3477 1772
3478 1772
3479 1772
3480 1771
3481 1770
3482 1770
3483 1770
3484 1770
3485 1768
3486 1768
3487 1768
3488 1767
3489 1766
3490 1766
3491 1766
3492 1765
3493 1763
3494 1762
3495 1761
3496 1761
3497 1761
3498 1761
3499 1759
3500 1759
3501 1757
3502 1756
3503 1751
3504 1742
3505 1738
3506 1735
3507 1733
3508 1733
3509 1731
3510 1730
3511 1730
3512 1730
3513 1727
3514 1727
3515 1727
3516 1726
3517 1725
3518 1724
3519 1724
3520 1724
3521 1724
3522 1724
3523 1723
3524 1723
3525 1722
3526 1721
3527 1721
3528 1721
3529 1721
3530 1721
3531 1720
3532 1719
3533 1717
3534 1717
3535 1716
3536 1714
3537 1713
3538 1712
3539 1712
3540 1712
3541 1711
3542 1711
3543 1709
3544 1707
3545 1706
3546 1704
3547 1703
3548 1702
3549 1701
3550 1700
3551 1699
3552 1698
3553 1698
3554 1696
3555 1696
3556 1694
3557 1692
3558 1691
3559 1690
3560 1689
3561 1679
3562 1669
3563 1655
3564 1654
3565 1654
3566 1651
3567 1651
3568 1651
3569 1650
3570 1650
3571 1650
3572 1650
3573 1650
3574 1649
3575 1649
3576 1648
3577 1648
3578 1648
3579 1648
3580 1647
3581 1646
3582 1646
3583 1645
3584 1645
3585 1644
3586 1644
3587 1644
3588 1644
3589 1643
3590 1641
3591 1641
3592 1641
3593 1641
3594 1641
3595 1639
3596 1639
3597 1638
3598 1638
3599 1637
3600 1637
3601 1636
3602 1632
3603 1632
3604 1631
3605 1631
3606 1631
3607 1630
3608 1628
3609 1627
3610 1627
3611 1627
3612 1627
3613 1627
3614 1627
3615 1627
3616 1627
3617 1627
3618 1627
3619 1627
3620 1627
3621 1627
3622 1627
3623 1627
3624 1627
3625 1617
3626 1605
3627 1593
3628 1593
3629 1593
3630 1593
3631 1593
3632 1593
3633 1593
3634 1593
3635 1593
3636 1593
3637 1593
3638 1593
3639 1593
3640 1593
3641 1593
3642 1593
3643 1593
3644 1593
3645 1593
3646 1593
3647 1593
3648 1593
3649 1593
3650 1593
3651 1593
3652 1593
3653 1593
3654 1593
3655 1593
3656 1593
3657 1593
3658 1593
3659 1593
3660 1593
3661 1593
3662 1593
3663 1593
3664 1593
3665 1593
3666 1593
3667 1593
3668 1593
3669 1593
3670 1593
3671 1593
3672 1593
3673 1593
3674 1593
3675 1593
3676 1593
3677 1593
3678 1593
3679 1593
3680 1593
3681 1593
3682 1593
3683 1593
3684 1593
3685 1593
3686 1593
3687 1593
3688 1593
3689 1593
3690 1583
3691 1574
3692 1568
3693 1568
3694 1568
3695 1568
3696 1568
3697 1568
3698 1568
3699 1568
3700 1568
3701 1568
3702 1568
3703 1568
3704 1568
3705 1568
3706 1568
3707 1568
3708 1568
3709 1568
3710 1568
3711 1568
3712 1568
3713 1568
3714 1568
3715 1568
3716 1568
3717 1568
3718 1568
3719 1568
3720 1568
3721 1568
3722 1568
3723 1568
3724 1568
3725 1568
3726 1568
3727 1568
3728 1568
3729 1568
3730 1568
3731 1568
3732 1568
3733 1568
3734 1568
3735 1568
3736 1568
3737 1568
3738 1568
3739 1568
3740 1568
3741 1568
3742 1568
3743 1568
3744 1568
3745 1568
3746 1568
3747 1568
3748 1568
3749 1568
3750 1568
3751 1568
3752 1568
3753 1568
3754 1562
3755 1554
3756 1549
3757 1546
3758 1546
3759 1546
3760 1546
3761 1546
3762 1546
3763 1546
3764 1546
3765 1546
3766 1546
3767 1546
3768 1546
3769 1546
3770 1546
3771 1546
3772 1546
3773 1546
3774 1546
3775 1546
3776 1546
3777 1546
3778 1546
3779 1546
3780 1546
3781 1546
3782 1546
3783 1546
3784 1546
3785 1546
3786 1546
3787 1546
3788 1546
3789 1546
3790 1546
3791 1546
3792 1546
3793 1546
3794 1546
3795 1546
3796 1546
3797 1546
3798 1546
3799 1546
3800 1546
3801 1546
3802 1546
3803 1546
3804 1546
3805 1546
3806 1546
3807 1546
3808 1546
3809 1546
3810 1546
3811 1546
3812 1546
3813 1546
3814 1546
3815 1546
3816 1546
3817 1546
3818 1536
3819 1522
3820 1509
3821 1509
3822 1509
3823 1509
3824 1509
3825 1509
3826 1509
3827 1509
3828 1509
3829 1509
3830 1509
3831 1509
3832 1509
3833 1509
3834 1509
3835 1509
3836 1509
3837 1509
3838 1509
3839 1509
3840 1509
3841 1509
3842 1509
3843 1509
3844 1509
3845 1509
3846 1509
3847 1509
3848 1509
3849 1509
3850 1509
3851 1509
3852 1509
3853 1509
3854 1509
3855 1509
3856 1509
3857 1509
3858 1509
3859 1509
3860 1509
3861 1509
3862 1509
3863 1509
3864 1509
3865 1509
3866 1509
3867 1509
3868 1509
3869 1509
3870 1509
3871 1509
3872 1509
3873 1509
3874 1509
3875 1509
3876 1509
3877 1509
3878 1509
3879 1509
3880 1509
3881 1509
3882 1509
3883 1503
3884 1491
3885 1475
3886 1475
3887 1475
3888 1475
3889 1475
3890 1475
3891 1475
3892 1475
3893 1475
3894 1475
3895 1475
3896 1475
3897 1475
3898 1475
3899 1475
3900 1475
3901 1475
3902 1475
3903 1475
3904 1475
3905 1475
3906 1475
3907 1475
3908 1475
3909 1475
3910 1475
3911 1475
3912 1475
3913 1475
3914 1475
3915 1475
3916 1475
3917 1475
3918 1475
3919 1475
3920 1475
3921 1475
3922 1475
3923 1475
3924 1475
3925 1475
3926 1475
3927 1475
3928 1475
3929 1475
3930 1475
3931 1475
3932 1475
3933 1475
3934 1475
3935 1475
3936 1475
3937 1475
3938 1475
3939 1475
3940 1475
3941 1475
3942 1475
3943 1475
3944 1475
3945 1475
3946 1475
3947 1470
3948 1465
3949 1455
3950 1448
3951 1448
3952 1448
3953 1448
3954 1448
3955 1448
3956 1448
3957 1448
3958 1448
3959 1448
3960 1448
3961 1448
3962 1448
3963 1448
3964 1448
3965 1448
3966 1448
3967 1448
3968 1448
3969 1448
3970 1448
3971 1448
3972 1448
3973 1448
3974 1448
3975 1448
3976 1448
3977 1448
3978 1448
3979 1448
3980 1448
3981 1448
3982 1448
3983 1448
3984 1448
3985 1448
3986 1448
3987 1448
3988 1448
3989 1448
3990 1448
3991 1448
3992 1448
3993 1448
3994 1448
3995 1448
3996 1448
3997 1448
3998 1448
3999 1448
4000 1448
4001 1448
4002 1448
4003 1448
4004 1448
4005 1448
4006 1448
4007 1448
4008 1448
4009 1448
4010 1448
4011 1444
4012 1425
4013 1416
4014 1409
4015 1409
4016 1409
4017 1409
4018 1409
4019 1409
4020 1409
4021 1409
4022 1409
4023 1409
4024 1409
4025 1409
4026 1409
4027 1409
4028 1409
4029 1409
4030 1409
4031 1409
4032 1409
4033 1409
4034 1409
4035 1409
4036 1409
4037 1409
4038 1409
4039 1409
4040 1409
4041 1409
4042 1409
4043 1409
4044 1409
4045 1409
4046 1409
4047 1409
4048 1409
4049 1409
4050 1409
4051 1409
4052 1409
4053 1409
4054 1409
4055 1409
4056 1409
4057 1409
4058 1409
4059 1409
4060 1409
4061 1409
4062 1409
4063 1409
4064 1409
4065 1409
4066 1409
4067 1409
4068 1409
4069 1409
4070 1409
4071 1409
4072 1409
4073 1409
4074 1409
4075 1409
4076 1409
4077 1402
4078 1391
4079 1384
4080 1384
4081 1384
4082 1384
4083 1384
4084 1384
4085 1384
4086 1384
4087 1384
4088 1384
4089 1384
4090 1384
4091 1384
4092 1384
4093 1384
4094 1384
4095 1384
4096 1384
4097 1384
4098 1384
4099 1384
4100 1384
4101 1384
4102 1384
4103 1384
4104 1384
4105 1384
4106 1384
4107 1384
4108 1384
4109 1384
4110 1384
4111 1384
4112 1384
4113 1384
4114 1384
4115 1384
4116 1384
4117 1384
4118 1384
4119 1384
4120 1384
4121 1384
4122 1384
4123 1384
4124 1384
4125 1384
4126 1384
4127 1384
4128 1384
4129 1384
4130 1384
4131 1384
4132 1384
4133 1384
4134 1384
4135 1384
4136 1384
4137 1384
4138 1384
4139 1384
4140 1384
4141 1384
4142 1384
4143 1376
4144 1363
4145 1351
4146 1351
4147 1351
4148 1351
4149 1351
4150 1351
4151 1351
4152 1351
4153 1351
4154 1351
4155 1351
4156 1351
4157 1351
4158 1351
4159 1351
4160 1351
4161 1351
4162 1351
4163 1351
4164 1351
4165 1351
4166 1351
4167 1351
4168 1351
4169 1351
4170 1351
4171 1351
4172 1351
4173 1351
4174 1351
4175 1351
4176 1351
4177 1351
4178 1351
4179 1351
4180 1351
4181 1351
4182 1351
4183 1351
4184 1351
4185 1351
4186 1351
4187 1351
4188 1351
4189 1351
4190 1351
4191 1351
4192 1351
4193 1351
4194 1351
4195 1351
4196 1351
4197 1351
4198 1351
4199 1351
4200 1351
4201 1351
4202 1351
4203 1351
4204 1351
4205 1351
4206 1351
4207 1335
4208 1322
4209 1316
4210 1316
4211 1316
4212 1316
4213 1316
4214 1316
4215 1316
4216 1316
4217 1316
4218 1316
4219 1316
4220 1316
4221 1316
4222 1316
4223 1316
4224 1316
4225 1316
4226 1316
4227 1316
4228 1316
4229 1316
4230 1316
4231 1316
4232 1316
4233 1316
4234 1316
4235 1316
4236 1316
4237 1316
4238 1316
4239 1316
4240 1316
4241 1316
4242 1316
4243 1316
4244 1316
4245 1316
4246 1316
4247 1316
4248 1316
4249 1316
4250 1316
4251 1316
4252 1316
4253 1316
4254 1316
4255 1316
4256 1316
4257 1316
4258 1316
4259 1316
4260 1316
4261 1316
4262 1316
4263 1316
4264 1316
4265 1316
4266 1316
4267 1316
4268 1316
4269 1316
4270 1316
4271 1316
4272 1314
4273 1307
4274 1295
4275 1287
4276 1287
4277 1287
4278 1287
4279 1287
4280 1287
4281 1287
4282 1287
4283 1287
4284 1287
4285 1287
4286 1287
4287 1287
4288 1287
4289 1287
4290 1287
4291 1287
4292 1287
4293 1287
4294 1287
4295 1287
4296 1287
4297 1287
4298 1287
4299 1287
4300 1287
4301 1287
4302 1287
4303 1287
4304 1287
4305 1287
4306 1287
4307 1287
4308 1287
4309 1287
4310 1287
4311 1287
4312 1287
4313 1287
4314 1287
4315 1287
4316 1287
4317 1287
4318 1287
4319 1287
4320 1287
4321 1287
4322 1287
4323 1287
4324 1287
4325 1287
4326 1287
4327 1287
4328 1287
4329 1287
4330 1287
4331 1287
4332 1287
4333 1287
4334 1287
4335 1287
4336 1287
4337 1287
4338 1287
4339 1280
4340 1276
4341 1266
4342 1264
4343 1264
4344 1264
4345 1264
4346 1264
4347 1264
4348 1264
4349 1264
4350 1264
4351 1264
4352 1264
4353 1264
4354 1264
4355 1264
4356 1264
4357 1264
4358 1264
4359 1264
4360 1264
4361 1264
4362 1264
4363 1264
4364 1264
4365 1264
4366 1264
4367 1264
4368 1264
4369 1264
4370 1264
4371 1264
4372 1264
4373 1264
4374 1264
4375 1264
4376 1264
4377 1264
4378 1264
4379 1264
4380 1264
4381 1264
4382 1264
4383 1264
4384 1264
4385 1264
4386 1264
4387 1264
4388 1264
4389 1264
4390 1264
4391 1264
4392 1264
4393 1264
4394 1264
4395 1264
4396 1264
4397 1264
4398 1264
4399 1264
4400 1264
4401 1264
4402 1264
4403 1264
4404 1264
4405 1264
4406 1255
4407 1243
4408 1239
4409 1237
4410 1237
4411 1237
4412 1237
4413 1237
4414 1237
4415 1237
4416 1237
4417 1237
4418 1237
4419 1237
4420 1237
4421 1237
4422 1237
4423 1237
4424 1237
4425 1237
4426 1237
4427 1237
4428 1237
4429 1237
4430 1237
4431 1237
4432 1237
4433 1237
4434 1237
4435 1237
4436 1237
4437 1237
4438 1237
4439 1237
4440 1237
4441 1237
4442 1237
4443 1237
4444 1237
4445 1237
4446 1237
4447 1237
4448 1237
4449 1237
4450 1237
4451 1237
4452 1237
4453 1237
4454 1237
4455 1237
4456 1237
4457 1237
4458 1237
4459 1237
4460 1237
4461 1237
4462 1237
4463 1237
4464 1237
4465 1237
4466 1237
4467 1237
4468 1237
4469 1237
4470 1237
4471 1237
4472 1237
4473 1237
4474 1235
4475 1225
4476 1217
4477 1207
4478 1207
4479 1207
4480 1207
4481 1207
4482 1207
4483 1207
4484 1207
4485 1207
4486 1207
4487 1207
4488 1207
4489 1207
4490 1207
4491 1207
4492 1207
4493 1207
4494 1207
4495 1207
4496 1207
4497 1207
4498 1207
4499 1207
4500 1207
4501 1207
4502 1207
4503 1207
4504 1207
4505 1207
4506 1207
4507 1207
4508 1207
4509 1207
4510 1207
4511 1207
4512 1207
4513 1207
4514 1207
4515 1207
4516 1207
4517 1207
4518 1207
4519 1207
4520 1207
4521 1207
4522 1207
4523 1207
4524 1207
4525 1207
4526 1207
4527 1207
4528 1207
4529 1207
4530 1207
4531 1207
4532 1207
4533 1207
4534 1207
4535 1207
4536 1207
4537 1207
4538 1207
4539 1207
4540 1207
4541 1207
4542 1202
4543 1192
4544 1183
4545 1183
4546 1183
4547 1183
4548 1183
4549 1183
4550 1183
4551 1183
4552 1183
4553 1183
4554 1183
4555 1183
4556 1183
4557 1183
4558 1183
4559 1183
4560 1183
4561 1183
4562 1183
4563 1183
4564 1183
4565 1183
4566 1183
4567 1183
4568 1183
4569 1183
4570 1183
4571 1183
4572 1183
4573 1183
4574 1183
4575 1183
4576 1183
4577 1183
4578 1183
4579 1183
4580 1183
4581 1183
4582 1183
4583 1183
4584 1183
4585 1183
4586 1183
4587 1183
4588 1183
4589 1183
4590 1183
4591 1183
4592 1183
4593 1183
4594 1183
4595 1183
4596 1183
4597 1183
4598 1183
4599 1183
4600 1183
4601 1183
4602 1183
4603 1183
4604 1183
4605 1183
4606 1183
4607 1183
4608 1183
4609 1183
4610 1183
4611 1179
4612 1168
4613 1164
4614 1162
4615 1162
4616 1162
4617 1162
4618 1162
4619 1162
4620 1162
4621 1162
4622 1162
4623 1162
4624 1162
4625 1162
4626 1162
4627 1162
4628 1162
4629 1162
4630 1162
4631 1162
4632 1162
4633 1162
4634 1162
4635 1162
4636 1162
4637 1162
4638 1162
4639 1162
4640 1162
4641 1162
4642 1162
4643 1162
4644 1162
4645 1162
4646 1162
4647 1162
4648 1162
4649 1162
4650 1162
4651 1162
4652 1162
4653 1162
4654 1162
4655 1162
4656 1162
4657 1162
4658 1162
4659 1162
4660 1162
4661 1162
4662 1162
4663 1162
4664 1162
4665 1162
4666 1162
4667 1162
4668 1162
4669 1162
4670 1162
4671 1162
4672 1162
4673 1162
4674 1162
4675 1162
4676 1162
4677 1162
4678 1162
4679 1162
4680 1162
4681 1162
4682 1156
4683 1140
4684 1134
4685 1133
4686 1133
4687 1133
4688 1133
4689 1133
4690 1133
4691 1133
4692 1133
4693 1133
4694 1133
4695 1133
4696 1133
4697 1133
4698 1133
4699 1133
4700 1133
4701 1133
4702 1133
4703 1133
4704 1133
4705 1133
4706 1133
4707 1133
4708 1133
4709 1133
4710 1133
4711 1133
4712 1133
4713 1133
4714 1133
4715 1133
4716 1133
4717 1133
4718 1133
4719 1133
4720 1133
4721 1133
4722 1133
4723 1133
4724 1133
4725 1133
4726 1133
4727 1133
4728 1133
4729 1133
4730 1133
4731 1133
4732 1133
4733 1133
4734 1133
4735 1133
4736 1133
4737 1133
4738 1133
4739 1133
4740 1133
4741 1133
4742 1133
4743 1133
4744 1133
4745 1133
4746 1133
4747 1133
4748 1133
4749 1133
4750 1131
4751 1119
4752 1114
4753 1107
4754 1107
4755 1107
4756 1107
4757 1107
4758 1107
4759 1107
4760 1107
4761 1107
4762 1107
4763 1107
4764 1107
4765 1107
4766 1107
4767 1107
4768 1107
4769 1107
4770 1107
4771 1107
4772 1107
4773 1107
4774 1107
4775 1107
4776 1107
4777 1107
4778 1107
4779 1107
4780 1107
4781 1107
4782 1107
4783 1107
4784 1107
4785 1107
4786 1107
4787 1107
4788 1107
4789 1107
4790 1107
4791 1107
4792 1107
4793 1107
4794 1107
4795 1107
4796 1107
4797 1107
4798 1107
4799 1107
4800 1107
4801 1107
4802 1107
4803 1107
4804 1107
4805 1107
4806 1107
4807 1107
4808 1107
4809 1107
4810 1107
4811 1107
4812 1107
4813 1107
4814 1107
4815 1107
4816 1107
4817 1107
4818 1107
4819 1101
4820 1096
4821 1086
4822 1084
4823 1084
4824 1084
4825 1084
4826 1084
4827 1084
4828 1084
4829 1084
4830 1084
4831 1084
4832 1084
4833 1084
4834 1084
4835 1084
4836 1084
4837 1084
4838 1084
4839 1084
4840 1084
4841 1084
4842 1084
4843 1084
4844 1084
4845 1084
4846 1084
4847 1084
4848 1084
4849 1084
4850 1084
4851 1084
4852 1084
4853 1084
4854 1084
4855 1084
4856 1084
4857 1084
4858 1084
4859 1084
4860 1084
4861 1084
4862 1084
4863 1084
4864 1084
4865 1084
4866 1084
4867 1084
4868 1084
4869 1084
4870 1084
4871 1084
4872 1084
4873 1084
4874 1084
4875 1084
4876 1084
4877 1084
4878 1084
4879 1084
4880 1084
4881 1084
4882 1084
4883 1084
4884 1084
4885 1084
4886 1084
4887 1084
4888 1084
4889 1084
4890 1084
4891 1080
4892 1072
4893 1068
4894 1064
4895 1064
4896 1064
4897 1064
4898 1064
4899 1064
4900 1064
4901 1064
4902 1064
4903 1064
4904 1064
4905 1064
4906 1064
4907 1064
4908 1064
4909 1064
4910 1064
4911 1064
4912 1064
4913 1064
4914 1064
4915 1064
4916 1064
4917 1064
4918 1064
4919 1064
4920 1064
4921 1064
4922 1064
4923 1064
4924 1064
4925 1064
4926 1064
4927 1064
4928 1064
4929 1064
4930 1064
4931 1064
4932 1064
4933 1064
4934 1064
4935 1064
4936 1064
4937 1064
4938 1064
4939 1064
4940 1064
4941 1064
4942 1064
4943 1064
4944 1064
4945 1064
4946 1064
4947 1064
4948 1064
4949 1064
4950 1064
4951 1064
4952 1064
4953 1064
4954 1064
4955 1064
4956 1064
4957 1064
4958 1064
4959 1062
4960 1056
4961 1047
4962 1044
4963 1044
4964 1044
4965 1044
4966 1044
4967 1044
4968 1044
4969 1044
4970 1044
4971 1044
4972 1044
4973 1044
4974 1044
4975 1044
4976 1044
4977 1044
4978 1044
4979 1044
4980 1044
4981 1044
4982 1044
4983 1044
4984 1044
4985 1044
4986 1044
4987 1044
4988 1044
4989 1044
4990 1044
4991 1044
4992 1044
4993 1044
4994 1044
4995 1044
4996 1044
4997 1044
4998 1044
4999 1044
5000 1044
5001 1044
5002 1044
5003 1044
5004 1044
5005 1044
5006 1044
5007 1044
5008 1044
5009 1044
5010 1044
5011 1044
5012 1044
5013 1044
5014 1044
5015 1044
5016 1044
5017 1044
5018 1043
5019 1032
5020 1027
5021 1027
5022 1027
5023 1027
5024 1027
5025 1027
5026 1027
5027 1027
5028 1027
5029 1027
5030 1027
5031 1027
5032 1027
5033 1027
5034 1027
5035 1027
5036 1027
5037 1027
5038 1027
5039 1027
5040 1027
5041 1027
5042 1027
5043 1027
5044 1027
5045 1027
5046 1027
5047 1027
5048 1027
5049 1027
5050 1027
5051 1027
5052 1027
5053 1027
5054 1027
5055 1027
5056 1027
5057 1027
5058 1027
5059 1027
5060 1027
5061 1027
5062 1027
5063 1027
5064 1027
5065 1027
5066 1027
5067 1027
5068 1027
5069 1027
5070 1027
5071 1027
5072 1027
5073 1024
5074 1015
5075 1004
5076 1000
5077 1000
5078 1000
5079 1000
5080 1000
5081 1000
5082 1000
5083 1000
5084 1000
5085 1000
5086 1000
5087 1000
5088 1000
5089 1000
5090 1000
5091 1000
5092 1000
5093 1000
5094 1000
5095 1000
5096 1000
5097 1000
5098 1000
5099 1000
5100 1000
5101 1000
5102 1000
5103 1000
5104 1000
5105 1000
5106 1000
5107 1000
5108 1000
5109 1000
5110 1000
5111 1000
5112 1000
5113 1000
5114 1000
5115 1000
5116 1000
5117 1000
5118 1000
5119 1000
5120 1000
5121 1000
5122 1000
5123 1000
5124 1000
5125 1000
5126 1000
5127 1000
5128 1000
5129 1000
5130 1000
5131 1000
5132 1000
5133 1000
5134 1000
5135 1000
5136 1000
5137 992
5138 981
5139 974
5140 974
5141 974
5142 974
5143 974
5144 974
5145 974
5146 974
5147 974
5148 974
5149 974
5150 974
5151 974
5152 974
5153 974
5154 974
5155 974
5156 974
5157 974
5158 974
5159 974
5160 974
5161 974
5162 974
5163 974
5164 974
5165 974
5166 974
5167 974
5168 974
5169 974
5170 974
5171 974
5172 974
5173 974
5174 974
5175 974
5176 974
5177 974
5178 974
5179 974
5180 974
5181 974
5182 974
5183 974
5184 974
5185 974
5186 974
5187 974
5188 974
5189 974
5190 974
5191 974
5192 974
5193 974
5194 974
5195 974
5196 974
5197 974
5198 974
5199 974
5200 974
5201 974
5202 974
5203 974
5204 974
5205 974
5206 974
5207 969
5208 964
5209 957
5210 950
5211 950
5212 950
5213 950
5214 950
5215 950
5216 950
5217 950
5218 950
5219 950
5220 950
5221 950
5222 950
5223 950
5224 950
5225 950
5226 950
5227 950
5228 950
5229 950
5230 950
5231 950
5232 950
5233 950
5234 950
5235 950
5236 950
5237 950
5238 950
5239 950
5240 950
5241 950
5242 950
5243 950
5244 950
5245 950
5246 950
5247 950
5248 950
5249 950
5250 950
5251 950
5252 950
5253 950
5254 950
5255 950
5256 950
5257 950
5258 950
5259 950
5260 950
5261 950
5262 950
5263 950
5264 950
5265 950
5266 950
5267 950
5268 950
5269 950
5270 950
5271 950
5272 950
5273 950
5274 950
5275 950
5276 950
5277 950
5278 935
5279 926
5280 920
5281 920
5282 920
5283 920
5284 920
5285 920
5286 920
5287 920
5288 920
5289 920
5290 920
5291 920
5292 920
5293 920
5294 920
5295 920
5296 920
5297 920
5298 920
5299 920
5300 920
5301 920
5302 920
5303 920
5304 920
5305 920
5306 920
5307 920
5308 920
5309 920
5310 920
5311 920
5312 920
5313 920
5314 920
5315 920
5316 920
5317 920
5318 920
5319 920
5320 920
5321 920
5322 920
5323 920
5324 920
5325 920
5326 920
5327 920
5328 920
5329 920
5330 920
5331 920
5332 920
5333 920
5334 920
5335 920
5336 920
5337 920
5338 920
5339 920
5340 920
5341 920
5342 920
5343 920
5344 920
5345 920
5346 920
5347 920
5348 920
5349 920
5350 915
5351 911
5352 908
5353 897
5354 897
5355 897
5356 897
5357 897
5358 897
5359 897
5360 897
5361 897
5362 897
5363 897
5364 897
5365 897
5366 897
5367 897
5368 897
5369 897
5370 897
5371 897
5372 897
5373 897
5374 897
5375 897
5376 897
5377 897
5378 897
5379 897
5380 897
5381 897
5382 897
5383 897
5384 897
5385 897
5386 897
5387 897
5388 897
5389 897
5390 897
5391 897
5392 897
5393 897
5394 897
5395 897
5396 897
5397 897
5398 897
5399 897
5400 897
5401 897
5402 897
5403 897
5404 897
5405 897
5406 897
5407 897
5408 897
5409 897
5410 897
5411 897
5412 897
5413 897
5414 897
5415 897
5416 897
5417 897
5418 897
5419 897
5420 897
5421 897
5422 892
5423 885
5424 881
5425 870
5426 870
5427 870
5428 870
5429 870
5430 870
5431 870
5432 870
5433 870
5434 870
5435 870
5436 870
5437 870
5438 870
5439 870
5440 870
5441 870
5442 870
5443 870
5444 870
5445 870
5446 870
5447 870
5448 870
5449 870
5450 870
5451 870
5452 870
5453 870
5454 870
5455 870
5456 870
5457 870
5458 870
5459 870
5460 870
5461 870
5462 870
5463 870
5464 870
5465 870
5466 870
5467 870
5468 870
5469 870
5470 870
5471 870
5472 870
5473 870
5474 870
5475 870
5476 870
5477 870
5478 870
5479 870
5480 870
5481 870
5482 870
5483 870
5484 870
5485 870
5486 870
5487 870
5488 870
5489 870
5490 870
5491 870
5492 867
5493 866
5494 863
5495 858
5496 858
5497 858
5498 858
5499 858
5500 858
5501 858
5502 858
5503 858
5504 858
5505 858
5506 858
5507 858
5508 858
5509 858
5510 858
5511 858
5512 858
5513 858
5514 858
5515 858
5516 858
5517 858
5518 858
5519 858
5520 858
5521 858
5522 858
5523 858
5524 858
5525 858
5526 858
5527 858
5528 858
5529 858
5530 858
5531 858
5532 858
5533 858
5534 858
5535 858
5536 858
5537 858
5538 858
5539 858
5540 858
5541 858
5542 858
5543 858
5544 858
5545 858
5546 858
5547 858
5548 858
5549 858
5550 858
5551 858
5552 858
5553 858
5554 858
5555 858
5556 858
5557 858
5558 858
5559 858
5560 855
5561 845
5562 840
5563 839
5564 839
5565 839
5566 839
5567 839
5568 839
5569 839
5570 839
5571 839
5572 839
5573 839
5574 839
5575 839
5576 839
5577 839
5578 839
5579 839
5580 839
5581 839
5582 839
5583 839
5584 839
5585 839
5586 839
5587 839
5588 839
5589 839
5590 839
5591 839
5592 839
5593 839
5594 839
5595 839
5596 839
5597 839
5598 839
5599 839
5600 839
5601 839
5602 839
5603 839
5604 839
5605 839
5606 839
5607 839
5608 839
5609 839
5610 839
5611 839
5612 839
5613 839
5614 839
5615 839
5616 839
5617 839
5618 839
5619 839
5620 839
5621 839
5622 839
5623 839
5624 839
5625 839
5626 839
5627 839
5628 839
5629 838
5630 833
5631 825
5632 825
5633 825
5634 825
5635 825
5636 825
5637 825
5638 825
5639 825
5640 825
5641 825
5642 825
5643 825
5644 825
5645 825
5646 825
5647 825
5648 825
5649 825
5650 825
5651 825
5652 825
5653 825
5654 825
5655 825
5656 825
5657 825
5658 825
5659 825
5660 825
5661 825
5662 825
5663 825
5664 825
5665 825
5666 825
5667 825
5668 825
5669 825
5670 825
5671 825
5672 825
5673 825
5674 825
5675 825
5676 825
5677 825
5678 825
5679 825
5680 825
5681 825
5682 825
5683 825
5684 825
5685 825
5686 825
5687 825
5688 825
5689 825
5690 825
5691 825
5692 825
5693 825
5694 825
5695 825
5696 825
5697 825
5698 825
5699 821
5700 813
5701 812
5702 810
5703 810
5704 810
5705 810
5706 810
5707 810
5708 810
5709 810
5710 810
5711 810
5712 810
5713 810
5714 810
5715 810
5716 810
5717 810
5718 810
5719 810
5720 810
5721 810
5722 810
5723 810
5724 810
5725 810
5726 810
5727 810
5728 810
5729 810
5730 810
5731 810
5732 810
5733 810
5734 810
5735 810
5736 810
5737 810
5738 810
5739 810
5740 810
5741 810
5742 810
5743 810
5744 810
5745 810
5746 810
5747 810
5748 810
5749 810
5750 810
5751 810
5752 810
5753 810
5754 810
5755 810
5756 810
5757 810
5758 810
5759 810
5760 810
5761 810
5762 810
5763 810
5764 810
5765 810
5766 810
5767 810
5768 803
5769 796
5770 788
5771 787
5772 787
5773 787
5774 787
5775 787
5776 787
5777 787
5778 787
5779 787
5780 787
5781 787
5782 787
5783 787
5784 787
5785 787
5786 787
5787 787
5788 787
5789 787
5790 787
5791 787
5792 787
5793 787
5794 787
5795 787
5796 787
5797 787
5798 787
5799 787
5800 787
5801 787
5802 787
5803 787
5804 787
5805 787
5806 787
5807 787
5808 787
5809 787
5810 787
5811 787
5812 787
5813 787
5814 787
5815 787
5816 787
5817 787
5818 787
5819 787
5820 787
5821 787
5822 787
5823 787
5824 787
5825 787
5826 787
5827 787
5828 787
5829 787
5830 787
5831 787
5832 787
5833 787
5834 787
5835 787
5836 787
5837 787
5838 786
5839 781
5840 779
5841 778
5842 777
5843 777
5844 777
5845 777
5846 777
5847 777
5848 777
5849 777
5850 777
5851 777
5852 777
5853 777
5854 777
5855 777
5856 777
5857 777
5858 777
5859 777
5860 777
5861 777
5862 777
5863 777
5864 777
5865 777
5866 777
5867 777
5868 777
5869 777
5870 777
5871 777
5872 777
5873 777
5874 777
5875 777
5876 777
5877 777
5878 777
5879 777
5880 777
5881 777
5882 777
5883 777
5884 777
5885 777
5886 777
5887 777
5888 777
5889 777
5890 777
5891 777
5892 777
5893 777
5894 777
5895 777
5896 777
5897 777
5898 777
5899 777
5900 777
5901 777
5902 777
5903 777
5904 777
5905 777
5906 777
5907 777
5908 774
5909 765
5910 752
5911 752
5912 752
5913 752
5914 752
5915 752
5916 752
5917 752
5918 752
5919 752
5920 752
5921 752
5922 752
5923 752
5924 752
5925 752
5926 752
5927 752
5928 752
5929 752
5930 752
5931 752
5932 752
5933 752
5934 752
5935 752
5936 752
5937 752
5938 752
5939 752
5940 752
5941 752
5942 752
5943 752
5944 752
5945 752
5946 752
5947 752
5948 752
5949 752
5950 752
5951 752
5952 752
5953 752
5954 752
5955 752
5956 752
5957 752
5958 752
5959 752
5960 752
5961 752
5962 752
5963 752
5964 752
5965 752
5966 752
5967 752
5968 752
5969 752
5970 752
5971 752
5972 752
5973 752
5974 752
5975 752
5976 752
5977 752
5978 752
5979 746
5980 740
5981 736
5982 736
5983 736
5984 736
5985 736
5986 736
5987 736
5988 736
5989 736
5990 736
5991 736
5992 736
5993 736
5994 736
5995 736
5996 736
5997 736
5998 736
5999 736
6000 736
6001 736
6002 736
6003 736
6004 736
6005 736
6006 736
6007 736
6008 736
6009 736
6010 736
6011 736
6012 736
6013 736
6014 736
6015 736
6016 736
6017 736
6018 736
6019 736
6020 736
6021 736
6022 736
6023 736
6024 736
6025 736
6026 736
6027 736
6028 736
6029 736
6030 736
6031 736
6032 736
6033 736
6034 736
6035 736
6036 736
6037 736
6038 736
6039 736
6040 736
6041 736
6042 736
6043 736
6044 736
6045 736
6046 736
6047 736
6048 735
6049 732
6050 731
6051 726
6052 726
6053 726
6054 726
6055 726
6056 726
6057 726
6058 726
6059 726
6060 726
6061 726
6062 726
6063 726
6064 726
6065 726
6066 726
6067 726
6068 726
6069 726
6070 726
6071 726
6072 726
6073 726
6074 726
6075 726
6076 726
6077 726
6078 726
6079 726
6080 726
6081 726
6082 726
6083 726
6084 726
6085 726
6086 726
6087 726
6088 726
6089 726
6090 726
6091 726
6092 726
6093 726
6094 726
6095 726
6096 726
6097 726
6098 726
6099 726
6100 726
6101 726
6102 726
6103 726
6104 726
6105 726
6106 726
6107 726
6108 726
6109 726
6110 726
6111 726
6112 726
6113 726
6114 726
6115 726
6116 726
6117 726
6118 726
6119 725
6120 719
6121 716
6122 712
6123 712
6124 712
6125 712
6126 712
6127 712
6128 712
6129 712
6130 712
6131 712
6132 712
6133 712
6134 712
6135 712
6136 712
6137 712
6138 712
6139 712
6140 712
6141 712
6142 712
6143 712
6144 712
6145 712
6146 712
6147 712
6148 712
6149 712
6150 712
6151 712
6152 712
6153 712
6154 712
6155 712
6156 712
6157 712
6158 712
6159 712
6160 712
6161 712
6162 712
6163 712
6164 712
6165 712
6166 712
6167 712
6168 712
6169 712
6170 712
6171 712
6172 712
6173 712
6174 712
6175 712
6176 712
6177 712
6178 712
6179 712
6180 712
6181 712
6182 712
6183 712
6184 712
6185 712
6186 712
6187 712
6188 712
6189 712
6190 712
6191 708
6192 703
6193 698
6194 694
6195 694
6196 694
6197 694
6198 694
6199 694
6200 694
6201 694
6202 694
6203 694
6204 694
6205 694
6206 694
6207 694
6208 694
6209 694
6210 694
6211 694
6212 694
6213 694
6214 694
6215 694
6216 694
6217 694
6218 694
6219 694
6220 694
6221 694
6222 694
6223 694
6224 694
6225 694
6226 694
6227 694
6228 694
6229 694
6230 694
6231 694
6232 694
6233 694
6234 694
6235 694
6236 694
6237 694
6238 694
6239 694
6240 694
6241 694
6242 694
6243 694
6244 694
6245 694
6246 694
6247 694
6248 694
6249 694
6250 694
6251 694
6252 694
6253 694
6254 694
6255 694
6256 694
6257 694
6258 694
6259 692
6260 685
6261 677
6262 671
6263 671
6264 671
6265 671
6266 671
6267 671
6268 671
6269 671
6270 671
6271 671
6272 671
6273 671
6274 671
6275 671
6276 671
6277 671
6278 671
6279 671
6280 671
6281 671
6282 671
6283 671
6284 671
6285 671
6286 671
6287 671
6288 671
6289 671
6290 671
6291 671
6292 671
6293 671
6294 671
6295 671
6296 671
6297 671
6298 671
6299 671
6300 671
6301 671
6302 671
6303 671
6304 671
6305 671
6306 671
6307 671
6308 671
6309 671
6310 671
6311 671
6312 671
6313 671
6314 671
6315 671
6316 671
6317 671
6318 671
6319 671
6320 671
6321 671
6322 671
6323 671
6324 671
6325 671
6326 671
6327 671
6328 659
6329 652
6330 646
6331 646
6332 646
6333 646
6334 646
6335 646
6336 646
6337 646
6338 646
6339 670
6340 713
6341 726
6342 816
6343 942
6344 1008
6345 1030
6346 1029
6347 1049
6348 1131
6349 1237
6350 1285
6351 1300
6352 1323
6353 1341
6354 1396
6355 1501
6356 1507
6357 1542
6358 1628
6359 1676
6360 1722
6361 1836
6362 1874
6363 1927
6364 1925
6365 2060
6366 2243
6367 2458
6368 2457
6369 2860
6370 2953
6371 3071
6372 3542
6373 4051
6374 4933
6375 5503
6376 6361
6377 6907
6378 7741
6379 8288
6380 8691
6381 9285
6382 9685
6383 10608
6384 11454
6385 11811
6386 12168
6387 12311
6388 12548
6389 13219
6390 13744
6391 14194
6392 14909
6393 15483
6394 15903
6395 16085
6396 17038
6397 17422
6398 17563
6399 18542
6400 18778
6401 19113
6402 19804
6403 20550
6404 21311
6405 21567
6406 21782
6407 22067
6408 22352
6409 22972
6410 23357
6411 24095
6412 24623
6413 24909
6414 24909
6415 26177
6416 26390
6417 26728
6418 27992
6419 28617
6420 29191
6421 29667
6422 31118
6423 31648
6424 32362
6425 32861
6426 33276
6427 34136
6428 34232
6429 34497
6430 35284
6431 35879
6432 37047
6433 37375
6434 38475
6435 39336
6436 40142
6437 41197
6438 41816
6439 42533
6440 43511
6441 44397
6442 44545
6443 45765
6444 46769
6445 47535
6446 47832
6447 48232
6448 49008
6449 49704
6450 50284
6451 51264
6452 52034
6453 53286
6454 53640
6455 53973
6456 54164
6457 55095
6458 55457
6459 56014
6460 56666
6461 56833
6462 56856
6463 56977
6464 57333
6465 57865
6466 58226
6467 58598
6468 58984
6469 59513
6470 59966
6471 60311
6472 60358
6473 60358
6474 60358
6475 60358
6476 60358
6477 60358
6478 60327
6479 60327
6480 60327
6481 60327
6482 60327
6483 60327
6484 60327
6485 60327
6486 60327
6487 60327
6488 60325
6489 60301
6490 60301
6491 60301
6492 60301
6493 60301
6494 60301
6495 60301
6496 60301
6497 60301
6498 60301
6499 60275
6500 60275
6501 60275
6502 60275
6503 60275
6504 60275
6505 60275
6506 60275
6507 60275
6508 60275
6509 60265
6510 60239
6511 60239
6512 60239
6513 60239
6514 60239
6515 60239
6516 60239
6517 60239
6518 60239
6519 60239
6520 60210
6521 60210
6522 60210
6523 60210
6524 60210
6525 60210
6526 60210
6527 60210
6528 60210
6529 60210
6530 60199
6531 60170
6532 60170
6533 60170
6534 60170
6535 60170
6536 60170
6537 60170
6538 60170
6539 60170
6540 60170
6541 60126
6542 60126
6543 60126
6544 60126
6545 60126
6546 60126
6547 60126
6548 60126
6549 60126
6550 60126
6551 60118
6552 60086
6553 60086
6554 60086
6555 60086
6556 60086
6557 60086
6558 60086
6559 60086
6560 60086
6561 60086
6562 60054
6563 60054
6564 60054
6565 60054
6566 60054
6567 60054
6568 60054
6569 60054
6570 60054
6571 60054
6572 60048
6573 60027
6574 60027
6575 60027
6576 60027
6577 60027
6578 60027
6579 60027
6580 60027
6581 60027
6582 60027
6583 59988
6584 59988
6585 59988
6586 59988
6587 59988
6588 59988
6589 59988
6590 59988
6591 59988
6592 59988
6593 59985
6594 59964
6595 59964
6596 59964
6597 59964
6598 59964
6599 59964
6600 59964
6601 59964
6602 59964
6603 59964
6604 59942
6605 59942
6606 59942
6607 59942
6608 59942
6609 59942
6610 59942
6611 59942
6612 59942
6613 59942
6614 59936
6615 59916
6616 59916
6617 59916
6618 59916
6619 59916
6620 59916
6621 59916
6622 59916
6623 59916
6624 59916
6625 59903
6626 59903
6627 59903
6628 59903
6629 59903
6630 59903
6631 59903
6632 59903
6633 59903
6634 59903
6635 59900
6636 59889
6637 59889
6638 59889
6639 59889
6640 59889
6641 59889
6642 59889
6643 59889
6644 59889
6645 59889
6646 59862
6647 59862
6648 59862
6649 59862
6650 59862
6651 59862
6652 59862
6653 59862
6654 59862
6655 59862
6656 59857
6657 59831
6658 59831
6659 59831
6660 59831
6661 59831
6662 59831
6663 59831
6664 59831
6665 59831
6666 59831
6667 59809
6668 59809
6669 59809
6670 59809
6671 59809
6672 59809
6673 59809
6674 59809
6675 59809
6676 59809
6677 59805
6678 59787
6679 59787
6680 59787
6681 59787
6682 59787
6683 59787
6684 59787
6685 59787
6686 59787
6687 59787
6688 59765
6689 59765
6690 59765
6691 59765
6692 59765
6693 59765
6694 59765
6695 59765
6696 59765
6697 59765
6698 59757
6699 59739
6700 59739
6701 59739
6702 59739
6703 59739
6704 59739
6705 59739
6706 59739
6707 59739
6708 59739
6709 59718
6710 59718
6711 59718
6712 59718
6713 59718
6714 59718
6715 59718
6716 59718
6717 59718
6718 59718
6719 59716
6720 59705
6721 59705
6722 59705
6723 59705
6724 59705
6725 59705
6726 59705
6727 59705
6728 59705
6729 59705
6730 59682
6731 59682
6732 59682
6733 59682
6734 59682
6735 59682
6736 59682
6737 59682
6738 59682
6739 59682
6740 59678
6741 59656
6742 59656
6743 59656
6744 59656
6745 59656
6746 59656
6747 59656
6748 59656
6749 59656
6750 59656
6751 59630
6752 59630
6753 59630
6754 59630
6755 59630
6756 59630
6757 59630
6758 59630
6759 59630
6760 59630
6761 59622
6762 59600
6763 59600
6764 59600
6765 59600
6766 59600
6767 59600
6768 59600
6769 59600
6770 59600
6771 59600
6772 59583
6773 59583
6774 59583
6775 59583
6776 59583
6777 59583
6778 59583
6779 59583
6780 59583
6781 59583
6782 59581
6783 59561
6784 59561
6785 59561
6786 59561
6787 59561
6788 59561
6789 59561
6790 59561
6791 59561
6792 59561
6793 59549
6794 59549
6795 59549
6796 59549
6797 59549
6798 59549
6799 59549
6800 59549
6801 59549
6802 59549
6803 59545
6804 59530
6805 59530
6806 59530
6807 59530
6808 59530
6809 59530
6810 59530
6811 59530
6812 59530
6813 59530
6814 59510
6815 59510
6816 59510
6817 59510
6818 59510
6819 59510
6820 59510
6821 59510
