1 10
2 2160
3 2160
4 2160
5 2160
6 2160
7 2160
8 2160
9 2160
10 2160
11 2160
12 2160
13 2160
14 2160
15 2160
16 2160
17 2160
18 2160
19 2160
20 2160
21 2160
22 2160
23 2160
24 2160
25 2160
26 2160
27 2160
28 2160
29 2160
30 2160
31 2160
32 2160
33 2160
34 2160
35 2160
36 2160
37 2160
38 2160
39 2160
40 2160
41 2160
42 2160
43 2160
44 2160
45 2160
46 2160
47 2160
48 2160
49 2160
50 2160
51 2160
52 2160
53 2160
54 2160
55 2160
56 2160
57 2160
58 2160
59 2160
60 2160
61 2160
62 2160
63 2160
64 2160
65 2160
66 2160
67 2160
68 2160
69 2160
70 2160
71 2160
72 2160
73 2160
74 2160
75 2160
76 2160
77 2160
78 2160
79 2160
80 2160
81 2160
82 2160
83 2160
84 2160
85 2160
86 2160
87 2160
88 2160
89 2160
90 2160
91 2160
92 2160
93 2160
94 2160
95 2160
96 2160
97 2160
98 2160
99 2160
100 2160
101 2160
102 2160
103 2160
104 2160
105 2160
106 2160
107 2160
108 2160
109 2160
110 2160
111 2160
112 2160
113 2160
114 2160
115 2160
116 2160
117 2160
118 2160
119 2160
120 2160
121 2160
122 2160
123 2160
124 2160
125 2160
126 2160
127 2160
128 2160
129 2160
130 2160
131 2160
132 2160
133 2160
134 2160
135 2160
136 2160
137 2160
138 2160
139 2160
140 2160
141 2160
142 2160
143 2160
144 2160
145 2160
146 2160
147 2160
148 2160
149 2160
150 2160
151 2160
152 2160
153 2160
154 2160
155 2160
156 2160
157 2160
158 2160
159 2160
160 2160
161 2160
162 2160
163 2160
164 2160
165 2160
166 2160
167 2160
168 2160
169 2160
170 2160
171 2160
172 2160
173 2160
174 2160
175 2160
176 2160
177 2160
178 2160
179 2160
180 2160
181 2160
182 2160
183 2160
184 2160
185 2160
186 2160
187 2160
188 2160
189 2160
190 2160
191 2160
192 2160
193 2160
194 2160
195 2160
196 2160
197 2160
198 2160
199 2160
200 2160
201 2160
202 2160
203 2160
204 2160
205 2160
206 2160
207 2160
208 2160
209 2160
210 2160
211 2160
212 2160
213 2160
214 2160
215 2160
216 2160
217 2160
218 2160
219 2160
220 2160
221 2160
222 2160
223 2160
224 2160
225 2160
226 2160
227 2160
228 2160
229 2160
230 2160
231 2160
232 2160
233 2160
234 2160
235 2160
236 2160
237 2160
238 2160
239 2160
240 2160
241 2160
242 2160
243 2160
244 2160
245 2160
246 2160
247 2160
248 2160
249 2160
250 2160
251 2160
252 2160
253 2160
254 2160
255 2160
256 2160
257 2160
258 2160
259 2160
260 2160
261 2160
262 2160
263 2160
264 2160
265 2160
266 2160
267 2160
268 2160
269 2160
270 2160
271 2160
272 2160
273 2160
274 2160
275 2160
276 2160
277 2160
278 2160
279 2160
280 2160
281 2160
282 2160
283 2160
284 2160
285 2160
286 2160
287 2160
288 2160
289 2160
290 2160
291 2160
292 2160
293 2160
294 2160
295 2160
296 2160
297 2160
298 2160
299 2160
300 2160
301 2160
302 2160
303 2160
304 2160
305 2160
306 2160
307 2160
308 2160
309 2160
310 2160
311 2160
312 2160
313 2160
314 2160
315 2160
316 2160
317 2160
318 2160
319 2160
320 2160
321 2160
322 2160
323 2160
324 2160
325 2160
326 2160
327 2160
328 2160
329 2160
330 2160
331 2160
332 2160
333 2160
334 2160
335 2160
336 2160
337 2160
338 2160
339 2160
340 2160
341 2160
342 2160
343 2160
344 2160
345 2160
346 2160
347 2160
348 2160
349 2160
350 2160
351 2160
352 2160
353 2160
354 2160
355 2160
356 2160
357 2160
358 2160
359 2160
360 2160
361 2160
362 2160
363 2160
364 2160
365 2160
366 2160
367 2160
368 2160
369 2160
370 2160
371 2160
372 2160
373 2160
374 2160
375 2160
376 2160
377 2160
378 2160
379 2160
380 2160
381 2160
382 2160
383 2160
384 2160
385 2160
386 2160
387 2160
388 2160
389 2160
390 2160
391 2160
392 2160
393 2160
394 2160
395 2160
396 2160
397 2160
398 2160
399 2160
400 2160
401 2160
402 2160
403 2160
404 2160
405 2160
406 2160
407 2160
408 2160
409 2160
410 2160
411 2160
412 2160
413 2160
414 2160
415 2160
416 2160
417 2160
418 2160
419 2160
420 2160
421 2160
422 2160
423 2160
424 2160
425 2160
426 2160
427 2160
428 2160
429 2160
430 2160
431 2160
432 2160
433 2160
434 2160
435 2160
436 2160
437 2160
438 2160
439 2160
440 2160
441 2160
442 2160
443 2160
444 2160
445 2160
446 2160
447 2160
448 2160
449 2160
450 2160
451 2160
452 2160
453 2160
454 2160
455 2160
456 2160
457 2160
458 2160
459 2160
460 2160
461 2160
462 2160
463 2160
464 2160
465 2160
466 2160
467 2160
468 2160
469 2160
470 2160
471 2160
472 2160
473 2160
474 2160
475 2160
476 2160
477 2160
478 2160
479 2160
480 2160
481 2160
482 2160
483 2160
484 2160
485 2160
486 2160
487 2160
488 2160
489 2160
490 2160
491 2160
492 2160
493 2160
494 2160
495 2160
496 2160
497 2160
498 2160
499 2160
500 2160
501 2160
502 2160
503 2160
504 2160
505 2160
506 2160
507 2160
508 2160
509 2160
510 2160
511 2160
512 2160
513 2160
514 2160
515 2160
516 2160
517 2160
518 2160
519 2160
520 2160
521 2160
522 2160
523 2160
524 2160
525 2160
526 2160
527 2160
528 2160
529 2160
530 2160
531 2160
532 2160
533 2160
534 2160
535 2160
536 2160
537 2160
538 2160
539 2160
540 2160
541 2160
542 2160
543 2160
544 2160
545 2160
546 2160
547 2160
548 2160
549 2160
550 2160
551 2160
552 2160
553 2160
554 2160
555 2160
556 2160
557 2160
558 2160
559 2160
560 2160
561 2160
562 2160
563 2160
564 2160
565 2160
566 2160
567 2160
568 2160
569 2160
570 2160
571 2160
572 2160
573 2160
574 2160
575 2160
576 2160
577 2160
578 2160
579 2160
580 2160
581 2160
582 2160
583 2160
584 2160
585 2160
586 2160
587 2160
588 2160
589 2160
590 2160
591 2160
592 2160
593 2160
594 2160
595 2160
596 2160
597 2160
598 2160
599 2160
600 2160
601 2160
602 2160
603 2160
604 2160
605 2160
606 2160
607 2160
608 2160
609 2160
610 2160
611 2160
612 2160
613 2160
614 2160
615 2160
616 2160
617 2160
618 2160
619 2160
620 2160
621 2160
622 2160
623 2160
624 2160
625 2160
626 2160
627 2160
628 2160
629 2160
630 2160
631 2160
632 2160
633 2160
634 2160
635 2160
636 2160
637 2160
638 2160
639 2160
640 2160
641 2160
642 2160
643 2160
644 2160
645 2160
646 2160
647 2160
648 2160
649 2160
650 2160
651 2160
652 2160
653 2160
654 2160
655 2160
656 2160
657 2160
658 2160
659 2160
660 2160
661 2160
662 2160
663 2160
664 2160
665 2160
666 2160
667 2160
668 2160
669 2160
670 2160
671 2160
672 2160
673 2160
674 2160
675 2160
676 2160
677 2160
678 2160
679 2160
680 2160
681 2160
682 2160
683 2160
684 2160
685 2160
686 2160
687 2160
688 2160
689 2160
690 2160
691 2160
692 2160
693 2160
694 2160
695 2160
696 2160
697 2160
698 2160
699 2160
700 2160
701 2160
702 2160
703 2160
704 2160
705 2160
706 2160
707 2160
708 2160
709 2160
710 2160
711 2160
712 2160
713 2160
714 2160
715 2160
716 2160
717 2160
718 2160
719 2160
720 2160
721 2160
722 2160
723 2160
724 2160
725 2160
726 2160
727 2160
728 2160
729 2160
730 2160
731 2160
732 2160
733 2160
734 2160
735 2160
736 2160
737 2160
738 2160
739 2160
740 2160
741 2160
742 2160
743 2160
744 2160
745 2160
746 2160
747 2160
748 2160
749 2160
750 2160
751 2160
752 2160
753 2160
754 2160
755 2160
756 2160
757 2160
758 2160
759 2160
760 2160
761 2160
762 2160
763 2160
764 2160
765 2160
766 2160
767 2160
768 2160
769 2160
770 2160
771 2160
772 2160
773 2160
774 2160
775 2160
776 2160
777 2160
778 2160
779 2160
780 2160
781 2160
782 2160
783 2160
784 2160
785 2160
786 2160
787 2160
788 2160
789 2160
790 2160
791 2160
792 2160
793 2160
794 2160
795 2160
796 2160
797 2160
798 2160
799 2160
800 2160
801 2160
802 2160
803 2160
804 2160
805 2160
806 2160
807 2160
808 2160
809 2160
810 2160
811 2160
812 2160
813 2160
814 2160
815 2160
816 2160
817 2160
818 2160
819 2160
820 2160
821 2160
822 2160
823 2160
824 2160
825 2160
826 2160
827 2160
828 2160
829 2160
830 2160
831 2160
832 2160
833 2160
834 2160
835 2160
836 2160
837 2160
838 2160
839 2160
840 2160
841 2160
842 2160
843 2160
844 2160
845 2160
846 2160
847 2160
848 2160
849 2160
850 2160
851 2160
852 2160
853 2160
854 2160
855 2160
856 2160
857 2160
858 2160
859 2160
860 2160
861 2160
862 2160
863 2160
864 2160
865 2160
866 2160
867 2160
868 2160
869 2160
870 2160
871 2160
872 2160
873 2160
874 2160
875 2160
876 2160
877 2160
878 2160
879 2160
880 2160
881 2160
882 2160
883 2160
884 2160
885 2160
886 2160
887 2160
888 2160
889 2160
890 2160
891 2160
892 2160
893 2160
894 2160
895 2160
896 2160
897 2160
898 2160
899 2160
900 2160
901 2160
902 2160
903 2160
904 2160
905 2160
906 2160
907 2160
908 2160
909 2160
910 2160
911 2160
912 2160
913 2160
914 2160
915 2160
916 2160
917 2160
918 2160
919 2160
920 2160
921 2160
922 2160
923 2160
924 2160
925 2160
926 2160
927 2160
928 2160
929 2160
930 2160
931 2160
932 2160
933 2160
934 2160
935 2160
936 2160
937 2160
938 2160
939 2160
940 2160
941 2160
942 2160
943 2160
944 2160
945 2160
946 2160
947 2160
948 2160
949 2160
950 2160
951 2160
952 2160
953 2160
954 2160
955 2160
956 2160
957 2160
958 2160
959 2160
960 2160
961 2160
962 2160
963 2160
964 2160
965 2160
966 2160
967 2160
968 2160
969 2160
970 2160
971 2160
972 2160
973 2160
974 2160
975 2160
976 2160
977 2160
978 2160
979 2160
980 2160
981 2160
982 2160
983 2160
984 2160
985 2160
986 2160
987 2160
988 2160
989 2160
990 2160
991 2160
992 2160
993 2160
994 2160
995 2160
996 2160
997 2160
998 2160
999 2160
1000 2160
1001 2160
1002 2160
1003 2160
1004 2160
1005 2160
1006 2160
1007 2160
1008 2160
1009 2160
1010 2160
1011 2160
1012 2160
1013 2160
1014 2160
1015 2160
1016 2160
1017 2160
1018 2160
1019 2160
1020 2160
1021 2160
1022 2160
1023 2160
1024 2160
1025 2160
1026 2160
1027 2160
1028 2160
1029 2160
1030 2160
1031 2160
1032 2160
1033 2160
1034 2160
1035 2160
1036 2160
1037 2160
1038 2160
1039 2160
1040 2160
1041 2160
1042 2160
1043 2160
1044 2160
1045 2160
1046 2160
1047 2160
1048 2160
1049 2160
1050 2160
1051 2160
1052 2160
1053 2160
1054 2160
1055 2160
1056 2160
1057 2160
1058 2160
1059 2160
1060 2160
1061 2160
1062 2160
1063 2160
1064 2160
1065 2160
1066 2160
1067 2160
1068 2160
1069 2160
1070 2160
1071 2160
1072 2160
1073 2160
1074 2160
1075 2160
1076 2160
1077 2160
1078 2160
1079 2160
1080 2160
1081 2160
1082 2160
1083 2160
1084 2160
1085 2160
1086 2160
1087 2160
1088 2160
1089 2160
1090 2160
1091 2160
1092 2160
1093 2160
1094 2160
1095 2160
1096 2160
1097 2160
1098 2160
1099 2160
1100 2160
1101 2160
1102 2160
1103 2160
1104 2160
1105 2160
1106 2160
1107 2160
1108 2160
1109 2160
1110 2160
1111 2160
1112 2160
1113 2160
1114 2160
1115 2160
1116 2160
1117 2160
1118 2160
1119 2160
1120 2160
1121 2160
1122 2160
1123 2160
1124 2160
1125 2160
1126 2160
1127 2160
1128 2160
1129 2160
1130 2160
1131 2160
1132 2160
1133 2160
1134 2160
1135 2160
1136 2160
1137 2160
1138 2160
1139 2160
1140 2160
1141 2160
1142 2160
1143 2160
1144 2160
1145 2160
1146 2160
1147 2160
1148 2160
1149 2160
1150 2160
1151 2160
1152 2160
1153 2160
1154 2160
1155 2160
1156 2160
1157 2160
1158 2160
1159 2160
1160 2160
1161 2160
1162 2160
1163 2160
1164 2160
1165 2160
1166 2160
1167 2160
1168 2160
1169 2160
1170 2160
1171 2160
1172 2160
1173 2160
1174 2160
1175 2160
1176 2160
1177 2160
1178 2160
1179 2160
1180 2160
1181 2160
1182 2160
1183 2160
1184 2160
1185 2160
1186 2160
1187 2160
1188 2160
1189 2160
1190 2160
1191 2160
1192 2160
1193 2160
1194 2160
1195 2160
1196 2160
1197 2160
1198 2160
1199 2160
1200 2160
1201 2160
1202 2160
1203 2160
1204 2160
1205 2160
1206 2160
1207 2160
1208 2160
1209 2160
1210 2160
1211 2160
1212 2160
1213 2160
1214 2160
1215 2160
1216 2160
1217 2160
1218 2160
1219 2160
1220 2160
1221 2160
1222 2160
1223 2160
1224 2160
1225 2160
1226 2160
1227 2160
1228 2160
1229 2160
1230 2160
1231 2160
1232 2160
1233 2160
1234 2160
1235 2160
1236 2160
1237 2160
1238 2160
1239 2160
1240 2160
1241 2160
1242 2160
1243 2160
1244 2160
1245 2160
1246 2160
1247 2160
1248 2160
1249 2160
1250 2160
1251 2160
1252 2160
1253 2160
1254 2160
1255 2160
1256 2160
1257 2160
1258 2160
1259 2160
1260 2160
1261 2160
1262 2160
1263 2160
1264 2160
1265 2160
1266 2160
1267 2160
1268 2160
1269 2160
1270 2160
1271 2160
1272 2160
1273 2160
1274 2160
1275 2160
1276 2160
1277 2160
1278 2160
1279 2160
1280 2160
1281 2160
1282 2160
1283 2160
1284 2160
1285 2160
1286 2160
1287 2160
1288 2160
1289 2160
1290 2160
1291 2160
1292 2160
1293 2160
1294 2160
1295 2160
1296 2160
1297 2160
1298 2160
1299 2160
1300 2160
1301 2160
1302 2160
1303 2160
1304 2160
1305 2160
1306 2160
1307 2160
1308 2160
1309 2160
1310 2160
1311 2160
1312 2160
1313 2160
1314 2160
1315 2160
1316 2160
1317 2160
1318 2160
1319 2160
1320 2160
1321 2160
1322 2160
1323 2160
1324 2160
1325 2160
1326 2160
1327 2160
1328 2160
1329 2160
1330 2160
1331 2160
1332 2160
1333 2160
1334 2160
1335 2160
1336 2160
1337 2160
1338 2160
1339 2160
1340 2160
1341 2160
1342 2160
1343 2160
1344 2160
1345 2160
1346 2160
1347 2160
1348 2160
1349 2160
1350 2160
1351 2160
1352 2160
1353 2160
1354 2160
1355 2160
1356 2160
1357 2160
1358 2160
1359 2160
1360 2160
1361 2160
1362 2160
1363 2160
1364 2160
1365 2160
1366 2160
1367 2160
1368 2160
1369 2160
1370 2160
1371 2160
1372 2160
1373 2160
1374 2160
1375 2160
1376 2160
1377 2160
1378 2160
1379 2160
1380 2160
1381 2160
1382 2160
1383 2160
1384 2160
1385 2160
1386 2160
1387 2160
1388 2160
1389 2160
1390 2160
1391 2160
1392 2160
1393 2160
1394 2160
1395 2160
1396 2160
1397 2160
1398 2160
1399 2160
1400 2160
1401 2160
1402 2160
1403 2160
1404 2160
1405 2160
1406 2160
1407 2160
1408 2160
1409 2160
1410 2160
1411 2160
1412 2160
1413 2160
1414 2160
1415 2160
1416 2160
1417 2160
1418 2160
1419 2160
1420 2160
1421 2160
1422 2160
1423 2160
1424 2160
1425 2160
1426 2160
1427 2160
1428 2160
1429 2160
1430 2160
1431 2160
1432 2160
1433 2160
1434 2160
1435 2160
1436 2160
1437 2160
1438 2160
1439 2160
1440 2160
1441 2160
1442 2160
1443 2160
1444 2160
1445 2160
1446 2160
1447 2160
1448 2160
1449 2160
1450 2160
1451 2160
1452 2160
1453 2160
1454 2160
1455 2160
1456 2160
1457 2160
1458 2160
1459 2160
1460 2160
1461 2160
1462 2160
1463 2160
1464 2160
1465 2160
1466 2160
1467 2160
1468 2160
1469 2160
1470 2160
1471 2160
1472 2160
1473 2160
1474 2160
1475 2160
1476 2160
1477 2160
1478 2160
1479 2160
1480 2160
1481 2160
1482 2160
1483 2160
1484 2160
1485 2160
1486 2160
1487 2160
1488 2160
1489 2160
1490 2160
1491 2160
1492 2160
1493 2160
1494 2160
1495 2160
1496 2160
1497 2160
1498 2160
1499 2160
1500 2160
1501 2160
1502 2160
1503 2160
1504 2160
1505 2160
1506 2160
1507 2160
1508 2160
1509 2160
1510 2160
1511 2160
1512 2160
1513 2160
1514 2160
1515 2160
1516 2160
1517 2160
1518 2160
1519 2160
1520 2160
1521 2160
1522 2160
1523 2160
1524 2160
1525 2160
1526 2160
1527 2160
1528 2160
1529 2160
1530 2160
1531 2160
1532 2160
1533 2160
1534 2160
1535 2160
1536 2160
1537 2160
1538 2160
1539 2160
1540 2160
1541 2160
1542 2160
1543 2160
1544 2160
1545 2160
1546 2160
1547 2160
1548 2160
1549 2160
1550 2160
1551 2160
1552 2160
1553 2160
1554 2160
1555 2160
1556 2160
1557 2160
1558 2160
1559 2160
1560 2160
1561 2160
1562 2160
1563 2160
1564 2160
1565 2160
1566 2160
1567 2160
1568 2160
1569 2160
1570 2160
1571 2160
1572 2160
1573 2160
1574 2160
1575 2160
1576 2160
1577 2160
1578 2160
1579 2160
1580 2160
1581 2160
1582 2160
1583 2160
1584 2160
1585 2160
1586 2160
1587 2160
1588 2160
1589 2160
1590 2160
1591 2160
1592 2160
1593 2160
1594 2160
1595 2160
1596 2160
1597 2160
1598 2160
1599 2160
1600 2160
1601 2160
1602 2160
1603 2160
1604 2160
1605 2160
1606 2160
1607 2160
1608 2160
1609 2160
1610 2160
1611 2160
1612 2160
1613 2160
1614 2160
1615 2160
1616 2160
1617 2160
1618 2160
1619 2160
1620 2160
1621 2160
1622 2160
1623 2160
1624 2160
1625 2160
1626 2160
1627 2160
1628 2160
1629 2160
1630 2160
1631 2160
1632 2160
1633 2160
1634 2160
1635 2160
1636 2160
1637 2160
1638 2160
1639 2160
1640 2160
1641 2160
1642 2160
1643 2160
1644 2160
1645 2160
1646 2160
1647 2160
1648 2160
1649 2160
1650 2160
1651 2160
1652 2160
1653 2160
1654 2160
1655 2160
1656 2160
1657 2160
1658 2160
1659 2160
1660 2160
1661 2160
1662 2160
1663 2160
1664 2160
1665 2160
1666 2160
1667 2160
1668 2160
1669 2160
1670 2160
1671 2160
1672 2160
1673 2160
1674 2160
1675 2160
1676 2160
1677 2160
1678 2160
1679 2160
1680 2160
1681 2160
1682 2160
1683 2160
1684 2160
1685 2160
1686 2160
1687 2160
1688 2160
1689 2160
1690 2160
1691 2160
1692 2160
1693 2160
1694 2160
1695 2160
1696 2160
1697 2160
1698 2160
1699 2160
1700 2160
1701 2160
1702 2160
1703 2160
1704 2160
1705 2160
1706 2160
1707 2160
1708 2160
1709 2160
1710 2160
1711 2160
1712 2160
1713 2160
1714 2160
1715 2160
1716 2160
1717 2160
1718 2160
1719 2160
1720 2160
1721 2160
1722 2160
1723 2160
1724 2160
1725 2160
1726 2160
1727 2160
1728 2160
1729 2160
1730 2160
1731 2160
1732 2160
1733 2160
1734 2160
1735 2160
1736 2160
1737 2160
1738 2160
1739 2160
1740 2160
1741 2160
1742 2160
1743 2160
1744 2160
1745 2160
1746 2160
1747 2160
1748 2160
1749 2160
1750 2160
1751 2160
1752 2160
1753 2160
1754 2160
1755 2160
1756 2160
1757 2160
1758 2160
1759 2160
1760 2160
1761 2160
1762 2160
1763 2160
1764 2160
1765 2160
1766 2160
1767 2160
1768 2160
1769 2160
1770 2160
1771 2160
1772 2160
1773 2160
1774 2160
1775 2160
1776 2160
1777 2160
1778 2160
1779 2160
1780 2160
1781 2160
1782 2160
1783 2160
1784 2160
1785 2160
1786 2160
1787 2160
1788 2160
1789 2160
1790 2160
1791 2160
1792 2160
1793 2160
1794 2160
1795 2160
1796 2160
1797 2160
1798 2160
1799 2160
1800 2160
1801 2160
1802 2160
1803 2160
1804 2160
1805 2160
1806 2160
1807 2160
1808 2160
1809 2160
1810 2160
1811 2160
1812 2160
1813 2160
1814 2160
1815 2160
1816 2160
1817 2160
1818 2160
1819 2160
1820 2160
1821 2160
1822 2160
1823 2160
1824 2160
1825 2160
1826 2160
1827 2160
1828 2160
1829 2160
1830 2160
1831 2160
1832 2160
1833 2160
1834 2160
1835 2160
1836 2160
1837 2160
1838 2160
1839 2160
1840 2160
1841 2160
1842 2160
1843 2160
1844 2160
1845 2160
1846 2160
1847 2160
1848 2160
1849 2160
1850 2160
1851 2160
1852 2160
1853 2160
1854 2160
1855 2160
1856 2160
1857 2160
1858 2160
1859 2160
1860 2160
1861 2160
1862 2160
1863 2160
1864 2160
1865 2160
1866 2160
1867 2160
1868 2160
1869 2160
1870 2160
1871 2160
1872 2160
1873 2160
1874 2160
1875 2160
1876 2160
1877 2160
1878 2160
1879 2160
1880 2160
1881 2160
1882 2160
1883 2160
1884 2160
1885 2160
1886 2160
1887 2160
1888 2160
1889 2160
1890 2160
1891 2160
1892 2160
1893 2160
1894 2160
1895 2160
1896 2160
1897 2160
1898 2160
1899 2160
1900 2160
1901 2160
1902 2160
1903 2160
1904 2160
1905 2160
1906 2160
1907 2160
1908 2160
1909 2160
1910 2160
1911 2160
1912 2160
1913 2160
1914 2160
1915 2160
1916 2160
1917 2160
1918 2160
1919 2160
1920 2160
1921 2160
1922 2160
1923 2160
1924 2160
1925 2160
1926 2160
1927 2160
1928 2160
1929 2160
1930 2160
1931 2160
1932 2160
1933 2160
1934 2160
1935 2160
1936 2160
1937 2160
1938 2160
1939 2160
1940 2160
1941 2160
1942 2160
1943 2160
1944 2160
1945 2160
1946 2160
1947 2160
1948 2160
1949 2160
1950 2160
1951 2160
1952 2160
1953 2160
1954 2160
1955 2160
1956 2160
1957 2160
1958 2160
1959 2160
1960 2160
1961 2160
1962 2160
1963 2160
1964 2160
1965 2160
1966 2160
1967 2160
1968 2160
1969 2160
1970 2160
1971 2160
1972 2160
1973 2160
1974 2160
1975 2160
1976 2160
1977 2160
1978 2160
1979 2160
1980 2160
1981 2160
1982 2160
1983 2160
1984 2160
1985 2160
1986 2160
1987 2160
1988 2160
1989 2160
1990 2160
1991 2160
1992 2160
1993 2160
1994 2160
1995 2160
1996 2160
1997 2160
1998 2160
1999 2160
2000 2160
2001 2160
2002 2160
2003 2160
2004 2160
2005 2160
2006 2160
2007 2160
2008 2160
2009 2160
2010 2160
2011 2160
2012 2160
2013 2160
2014 2160
2015 2160
2016 2160
2017 2160
2018 2160
2019 2160
2020 2160
2021 2160
2022 2160
2023 2160
2024 2160
2025 2160
2026 2160
2027 2160
2028 2160
2029 2160
2030 2160
2031 2160
2032 2160
2033 2160
2034 2160
2035 2160
2036 2160
2037 2160
2038 2160
2039 2160
2040 2160
2041 2160
2042 2160
2043 2160
2044 2160
2045 2160
2046 2160
2047 2160
2048 2160
2049 2160
2050 2160
2051 2160
2052 2160
2053 2160
2054 2160
2055 2160
2056 2160
2057 2160
2058 2160
2059 2160
2060 2160
2061 2160
2062 2160
2063 2160
2064 2160
2065 2160
2066 2160
2067 2160
2068 2160
2069 2160
2070 2160
2071 2160
2072 2160
2073 2160
2074 2160
2075 2160
2076 2160
2077 2160
2078 2160
2079 2160
2080 2160
2081 2160
2082 2160
2083 2160
2084 2160
2085 2160
2086 2160
2087 2160
2088 2160
2089 2160
2090 2160
2091 2160
2092 2160
2093 2160
2094 2160
2095 2160
2096 2160
2097 2160
2098 2160
2099 2160
2100 2160
2101 2160
2102 2160
2103 2160
2104 2160
2105 2160
2106 2160
2107 2160
2108 2160
2109 2160
2110 2160
2111 2160
2112 2160
2113 2160
2114 2160
2115 2160
2116 2160
2117 2160
2118 2160
2119 2160
2120 2160
2121 2160
2122 2160
2123 2160
2124 2160
2125 2160
2126 2160
2127 2160
2128 2160
2129 2160
2130 2160
2131 2160
2132 2160
2133 2160
2134 2160
2135 2160
2136 2160
2137 2160
2138 2160
2139 2160
2140 2160
2141 2160
2142 2160
2143 2160
2144 2160
2145 2160
2146 2160
2147 2160
2148 2160
2149 2160
2150 2160
2151 2160
2152 2160
2153 2160
2154 2160
2155 2160
2156 2160
2157 2160
2158 2160
2159 2160
2160 2160
2161 2160
2162 2160
2163 2160
2164 2160
2165 2160
2166 2160
2167 2160
2168 2160
2169 2160
2170 2160
2171 2160
2172 2160
2173 2160
2174 2160
2175 2160
2176 2160
2177 2160
2178 2160
2179 2160
2180 2160
2181 2160
2182 2160
2183 2160
2184 2160
2185 2160
2186 2160
2187 2160
2188 2160
2189 2160
2190 2160
2191 2160
2192 2160
2193 2160
2194 2160
2195 2160
2196 2160
2197 2160
2198 2160
2199 2160
2200 2160
2201 2160
2202 2160
2203 2160
2204 2160
2205 2160
2206 2160
2207 2160
2208 2160
2209 2160
2210 2160
2211 2160
2212 2160
2213 2160
2214 2160
2215 2160
2216 2160
2217 2160
2218 2160
2219 2160
2220 2160
2221 2160
2222 2160
2223 2160
2224 2160
2225 2160
2226 2160
2227 2160
2228 2160
2229 2160
2230 2160
2231 2160
2232 2160
2233 2160
2234 2160
2235 2160
2236 2160
2237 2160
2238 2160
2239 2160
2240 2160
2241 2160
2242 2160
2243 2160
2244 2160
2245 2160
2246 2160
2247 2160
2248 2160
2249 2160
2250 2160
2251 2160
2252 2160
2253 2160
2254 2160
2255 2160
2256 2160
2257 2160
2258 2160
2259 2160
2260 2160
2261 2160
2262 2160
2263 2160
2264 2160
2265 2160
2266 2160
2267 2160
2268 2160
2269 2160
2270 2160
2271 2160
2272 2160
2273 2160
2274 2160
2275 2160
2276 2160
2277 2160
2278 2160
2279 2160
2280 2160
2281 2160
2282 2160
2283 2160
2284 2160
2285 2160
2286 2160
2287 2160
2288 2160
2289 2160
2290 2160
2291 2160
2292 2160
2293 2160
2294 2160
2295 2160
2296 2160
2297 2160
2298 2160
2299 2160
2300 2160
2301 2160
2302 2160
2303 2160
2304 2160
2305 2160
2306 2160
2307 2160
2308 2160
2309 2160
2310 2160
2311 2160
2312 2160
2313 2160
2314 2160
2315 2160
2316 2160
2317 2160
2318 2160
2319 2160
2320 2160
2321 2160
2322 2160
2323 2160
2324 2160
2325 2160
2326 2160
2327 2160
2328 2160
2329 2160
2330 2160
2331 2160
2332 2160
2333 2160
2334 2160
2335 2160
2336 2160
2337 2160
2338 2160
2339 2160
2340 2160
2341 2160
2342 2160
2343 2160
2344 2160
2345 2160
2346 2160
2347 2160
2348 2160
2349 2160
2350 2160
2351 2160
2352 2160
2353 2160
2354 2160
2355 2160
2356 2160
2357 2160
2358 2160
2359 2160
2360 2160
2361 2160
2362 2160
2363 2160
2364 2160
2365 2160
2366 2160
2367 2160
2368 2160
2369 2160
2370 2160
2371 2160
2372 2160
2373 2160
2374 2160
2375 2160
2376 2160
2377 2160
2378 2160
2379 2160
2380 2160
2381 2160
2382 2160
2383 2160
2384 2160
2385 2160
2386 2160
2387 2160
2388 2160
2389 2160
2390 2160
2391 2160
2392 2160
2393 2160
2394 2160
2395 2160
2396 2160
2397 2160
2398 2160
2399 2160
2400 2160
2401 2160
2402 2160
2403 2160
2404 2160
2405 2160
2406 2160
2407 2160
2408 2160
2409 2160
2410 2160
2411 2160
2412 2160
2413 2160
2414 2160
2415 2160
2416 2160
2417 2160
2418 2160
2419 2160
2420 2160
2421 2160
2422 2160
2423 2160
2424 2160
2425 2160
2426 2160
2427 2160
2428 2160
2429 2160
2430 2160
2431 2160
2432 2160
2433 2160
2434 2160
2435 2160
2436 2160
2437 2160
2438 2160
2439 2160
2440 2160
2441 2160
2442 2160
2443 2160
2444 2160
2445 2160
2446 2160
2447 2160
2448 2160
2449 2160
2450 2160
2451 2160
2452 2160
2453 2160
2454 2160
2455 2160
2456 2160
2457 2160
2458 2160
2459 2160
2460 2160
2461 2160
2462 2160
2463 2160
2464 2160
2465 2160
2466 2160
2467 2160
2468 2160
2469 2160
2470 2160
2471 2160
2472 2160
2473 2160
2474 2160
2475 2160
2476 2160
2477 2160
2478 2160
2479 2160
2480 2160
2481 2160
2482 2160
2483 2160
2484 2160
2485 2160
2486 2160
2487 2160
2488 2160
2489 2160
2490 2160
2491 2160
2492 2160
2493 2160
2494 2160
2495 2160
2496 2160
2497 2160
2498 2160
2499 2160
2500 2160
2501 2160
2502 2160
2503 2160
2504 2160
2505 2160
2506 2160
2507 2160
2508 2160
2509 2160
2510 2160
2511 2160
2512 2160
2513 2160
2514 2160
2515 2160
2516 2160
2517 2160
2518 2160
2519 2160
2520 2160
2521 2160
2522 2160
2523 2160
2524 2160
2525 2160
2526 2160
2527 2160
2528 2160
2529 2160
2530 2160
2531 2160
2532 2160
2533 2160
2534 2160
2535 2160
2536 2160
2537 2160
2538 2160
2539 2160
2540 2160
2541 2160
2542 2160
2543 2160
2544 2160
2545 2160
2546 2160
2547 2160
2548 2160
2549 2160
2550 2160
2551 2160
2552 2160
2553 2160
2554 2160
2555 2160
2556 2160
2557 2160
2558 2160
2559 2160
2560 2160
2561 2160
2562 2160
2563 2160
2564 2160
2565 2160
2566 2160
2567 2160
2568 2160
2569 2160
2570 2160
2571 2160
2572 2160
2573 2160
2574 2160
2575 2160
2576 2160
2577 2160
2578 2160
2579 2160
2580 2160
2581 2160
2582 2160
2583 2160
2584 2160
2585 2160
2586 2160
2587 2160
2588 2160
2589 2160
2590 2160
2591 2160
2592 2160
2593 2160
2594 2160
2595 2160
2596 2160
2597 2160
2598 2160
2599 2160
2600 2160
2601 2160
2602 2160
2603 2160
2604 2160
2605 2160
2606 2160
2607 2160
2608 2160
2609 2160
2610 2160
2611 2160
2612 2160
2613 2160
2614 2160
2615 2160
2616 2160
2617 2160
2618 2160
2619 2160
2620 2160
2621 2160
2622 2160
2623 2160
2624 2160
2625 2160
2626 2160
2627 2160
2628 2160
2629 2160
2630 2160
2631 2160
2632 2160
2633 2160
2634 2160
2635 2160
2636 2160
2637 2160
2638 2160
2639 2160
2640 2160
2641 2160
2642 2160
2643 2160
2644 2160
2645 2160
2646 2160
2647 2160
2648 2160
2649 2160
2650 2160
2651 2160
2652 2160
2653 2160
2654 2160
2655 2160
2656 2160
2657 2160
2658 2160
2659 2160
2660 2160
2661 2160
2662 2160
2663 2160
2664 2160
2665 2160
2666 2160
2667 2160
2668 2160
2669 2160
2670 2160
2671 2160
2672 2160
2673 2160
2674 2160
2675 2160
2676 2160
2677 2160
2678 2160
2679 2160
2680 2160
2681 2160
2682 2160
2683 2160
2684 2160
2685 2160
2686 2160
2687 2160
2688 2160
2689 2160
2690 2160
2691 2160
2692 2160
2693 2160
2694 2160
2695 2160
2696 2160
2697 2160
2698 2160
2699 2160
2700 2160
2701 2160
2702 2160
2703 2160
2704 2160
2705 2160
2706 2160
2707 2160
2708 2160
2709 2160
2710 2160
2711 2160
2712 2160
2713 2160
2714 2160
2715 2160
2716 2160
2717 2160
2718 2160
2719 2160
2720 2160
2721 2160
2722 2160
2723 2160
2724 2160
2725 2160
2726 2160
2727 2160
2728 2160
2729 2160
2730 2160
2731 2160
2732 2160
2733 2160
2734 2160
2735 2160
2736 2160
2737 2160
2738 2160
2739 2160
2740 2160
2741 2160
2742 2160
2743 2160
2744 2160
2745 2160
2746 2160
2747 2160
2748 2160
2749 2160
2750 2160
2751 2160
2752 2160
2753 2160
2754 2160
2755 2160
2756 2160
2757 2160
2758 2160
2759 2160
2760 2160
2761 2160
2762 2160
2763 2160
2764 2160
2765 2160
2766 2160
2767 2160
2768 2160
2769 2160
2770 2160
2771 2160
2772 2160
2773 2160
2774 2160
2775 2160
2776 2160
2777 2160
2778 2160
2779 2160
2780 2160
2781 2160
2782 2160
2783 2160
2784 2160
2785 2160
2786 2160
2787 2160
2788 2160
2789 2160
2790 2160
2791 2160
2792 2160
2793 2160
2794 2160
2795 2160
2796 2160
2797 2160
2798 2160
2799 2160
2800 2160
2801 2160
2802 2160
2803 2160
2804 2160
2805 2160
2806 2160
2807 2160
2808 2160
2809 2160
2810 2160
2811 2160
2812 2160
2813 2160
2814 2160
2815 2160
2816 2160
2817 2160
2818 2160
2819 2160
2820 2160
2821 2160
2822 2160
2823 2160
2824 2160
2825 2160
2826 2160
2827 2160
2828 2160
2829 2160
2830 2160
2831 2160
2832 2160
2833 2160
2834 2160
2835 2160
2836 2160
2837 2160
2838 2160
2839 2160
2840 2160
2841 2160
2842 2160
2843 2160
2844 2160
2845 2160
2846 2160
2847 2160
2848 2160
2849 2160
2850 2160
2851 2160
2852 2160
2853 2160
2854 2160
2855 2160
2856 2160
2857 2160
2858 2160
2859 2160
2860 2160
2861 2160
2862 2160
2863 2160
2864 2160
2865 2160
2866 2160
2867 2160
2868 2160
2869 2160
2870 2160
2871 2160
2872 2160
2873 2160
2874 2160
2875 2160
2876 2160
2877 2160
2878 2160
2879 2160
2880 2160
2881 2160
2882 2160
2883 2160
2884 2160
2885 2160
2886 2160
2887 2160
2888 2160
2889 2160
2890 2160
2891 2160
2892 2160
2893 2160
2894 2160
2895 2160
2896 2160
2897 2160
2898 2160
2899 2160
2900 2160
2901 2160
2902 2160
2903 2160
2904 2160
2905 2160
2906 2160
2907 2160
2908 2160
2909 2160
2910 2160
2911 2160
2912 2160
2913 2160
2914 2160
2915 2160
2916 2160
2917 2160
2918 2160
2919 2160
2920 2160
2921 2160
2922 2160
2923 2160
2924 2160
2925 2160
2926 2160
2927 2160
2928 2160
2929 2160
2930 2160
2931 2160
2932 2160
2933 2160
2934 2160
2935 2160
2936 2160
2937 2160
2938 2160
2939 2160
2940 2160
2941 2160
2942 2160
2943 2160
2944 2160
2945 2160
2946 2160
2947 2160
2948 2160
2949 2160
2950 2160
2951 2160
2952 2160
2953 2160
2954 2160
2955 2160
2956 2160
2957 2160
2958 2160
2959 2160
2960 2159
2961 2159
2962 2158
2963 2157
2964 2157
2965 2155
2966 2155
2967 2155
2968 2155
2969 2154
2970 2154
2971 2154
2972 2154
2973 2154
2974 2154
2975 2154
2976 2154
2977 2153
2978 2153
2979 2153
2980 2153
2981 2153
2982 2152
2983 2151
2984 2151
2985 2151
2986 2151
2987 2151
2988 2151
2989 2151
2990 2151
2991 2151
2992 2150
2993 2150
2994 2149
2995 2149
2996 2149
2997 2148
2998 2148
2999 2148
3000 2148
3001 2148
3002 2148
3003 2148
3004 2148
3005 2148
3006 2148
3007 2148
3008 2148
3009 2147
3010 2147
3011 2147
3012 2146
3013 2146
3014 2146
3015 2146
3016 2145
3017 2145
3018 2145
3019 2145
3020 2145
3021 2145
3022 2145
3023 2144
3024 2144
3025 2144
3026 2144
3027 2143
3028 2143
3029 2143
3030 2143
3031 2143
3032 2141
3033 2141
3034 2140
3035 2139
3036 2137
3037 2136
3038 2135
3039 2135
3040 2135
3041 2135
3042 2135
3043 2134
3044 2134
3045 2134
3046 2134
3047 2131
3048 2131
3049 2128
3050 2126
3051 2125
3052 2125
3053 2125
3054 2125
3055 2124
3056 2123
3057 2121
3058 2121
3059 2121
3060 2121
3061 2121
3062 2120
3063 2120
3064 2120
3065 2119
3066 2118
3067 2117
3068 2117
3069 2116
3070 2116
3071 2116
3072 2116
3073 2116
3074 2116
3075 2116
3076 2116
3077 2116
3078 2116
3079 2116
3080 2116
3081 2115
3082 2115
3083 2114
3084 2114
3085 2114
3086 2114
3087 2114
3088 2114
3089 2114
3090 2113
3091 2113
3092 2113
3093 2113
3094 2113
3095 2112
3096 2112
3097 2112
3098 2112
3099 2112
3100 2112
3101 2112
3102 2112
3103 2112
3104 2112
3105 2112
3106 2112
3107 2110
3108 2110
3109 2110
3110 2110
3111 2110
3112 2109
3113 2108
3114 2104
3115 2096
3116 2094
3117 2094
3118 2093
3119 2093
3120 2093
3121 2093
3122 2093
3123 2093
3124 2093
3125 2093
3126 2093
3127 2093
3128 2093
3129 2093
3130 2093
3131 2093
3132 2093
3133 2093
3134 2093
3135 2092
3136 2092
3137 2092
3138 2090
3139 2089
3140 2089
3141 2088
3142 2088
3143 2088
3144 2088
3145 2088
3146 2088
3147 2088
3148 2088
3149 2087
3150 2087
3151 2087
3152 2087
3153 2087
3154 2087
3155 2086
3156 2085
3157 2084
3158 2084
3159 2084
3160 2084
3161 2084
3162 2083
3163 2083
3164 2083
3165 2083
3166 2083
3167 2083
3168 2081
3169 2081
3170 2081
3171 2081
3172 2081
3173 2080
3174 2080
3175 2080
3176 2080
3177 2080
3178 2080
3179 2078
3180 2075
3181 2072
3182 2067
3183 2067
3184 2067
3185 2066
3186 2066
3187 2065
3188 2065
3189 2065
3190 2063
3191 2063
3192 2063
3193 2063
3194 2063
3195 2061
3196 2061
3197 2060
3198 2059
3199 2059
3200 2059
3201 2059
3202 2059
3203 2059
3204 2059
3205 2059
3206 2059
3207 2059
3208 2059
3209 2059
3210 2059
3211 2059
3212 2059
3213 2059
3214 2058
3215 2058
3216 2057
3217 2057
3218 2057
3219 2057
3220 2057
3221 2057
3222 2057
3223 2057
3224 2057
3225 2057
3226 2057
3227 2057
3228 2057
3229 2057
3230 2057
3231 2057
3232 2056
3233 2056
3234 2056
3235 2056
3236 2056
3237 2056
3238 2056
3239 2056
3240 2056
3241 2056
3242 2055
3243 2055
3244 2053
3245 2053
3246 2045
3247 2036
3248 2029
3249 2029
3250 2029
3251 2029
3252 2029
3253 2029
3254 2029
3255 2029
3256 2029
3257 2029
3258 2028
3259 2027
3260 2027
3261 2027
3262 2027
3263 2027
3264 2026
3265 2025
3266 2025
3267 2024
3268 2024
3269 2024
3270 2024
3271 2020
3272 2020
3273 2020
3274 2020
3275 2020
3276 2020
3277 2020
3278 2019
3279 2019
3280 2018
3281 2018
3282 2018
3283 2018
3284 2017
3285 2017
3286 2017
3287 2017
3288 2016
3289 2016
3290 2016
3291 2015
3292 2015
3293 2014
3294 2014
3295 2014
3296 2014
3297 2014
3298 2014
3299 2014
3300 2014
3301 2014
3302 2014
3303 2014
3304 2013
3305 2013
3306 2007
3307 1996
3308 1980
3309 1980
3310 1980
3311 1980
3312 1980
3313 1980
3314 1980
3315 1980
3316 1980
3317 1980
3318 1980
3319 1980
3320 1980
3321 1979
3322 1979
3323 1976
3324 1976
3325 1976
3326 1976
3327 1976
3328 1976
3329 1976
3330 1976
3331 1975
3332 1975
3333 1975
3334 1973
3335 1973
3336 1973
3337 1972
3338 1972
3339 1972
3340 1972
3341 1972
3342 1971
3343 1971
3344 1971
3345 1971
3346 1970
3347 1970
3348 1970
3349 1970
3350 1970
3351 1970
3352 1970
3353 1969
3354 1969
3355 1969
3356 1968
3357 1968
3358 1968
3359 1968
3360 1968
3361 1968
3362 1964
3363 1958
3364 1942
3365 1934
3366 1934
3367 1934
3368 1934
3369 1934
3370 1934
3371 1934
3372 1934
3373 1934
3374 1933
3375 1933
3376 1932
3377 1932
3378 1931
3379 1931
3380 1930
3381 1929
3382 1928
3383 1928
3384 1927
3385 1927
3386 1927
3387 1925
3388 1925
3389 1925
3390 1924
3391 1924
3392 1924
3393 1924
3394 1924
3395 1924
3396 1924
3397 1924
3398 1924
3399 1924
3400 1924
3401 1923
3402 1923
3403 1923
3404 1923
3405 1923
3406 1923
3407 1923
3408 1923
3409 1923
3410 1922
3411 1922
3412 1920
3413 1918
3414 1918
3415 1917
3416 1916
3417 1909
3418 1893
3419 1886
3420 1884
3421 1884
3422 1882
3423 1882
3424 1882
3425 1882
3426 1882
3427 1882
3428 1882
3429 1882
3430 1881
3431 1881
3432 1879
3433 1879
3434 1879
3435 1879
3436 1879
3437 1878
3438 1878
3439 1878
3440 1877
3441 1877
3442 1876
3443 1876
3444 1876
3445 1876
3446 1876
3447 1875
3448 1875
3449 1875
3450 1874
3451 1874
3452 1872
3453 1872
3454 1872
3455 1872
3456 1871
3457 1870
3458 1870
3459 1870
3460 1869
3461 1868
3462 1868
3463 1868
3464 1868
3465 1868
3466 1868
3467 1868
3468 1867
3469 1866
3470 1866
3471 1866
3472 1866
3473 1851
3474 1832
3475 1821
3476 1821
3477 1821
3478 1821
3479 1821
3480 1820
3481 1819
3482 1819
3483 1818
3484 1818
3485 1817
3486 1817
3487 1817
3488 1817
3489 1817
3490 1816
3491 1816
3492 1815
3493 1815
3494 1815
3495 1814
3496 1814
3497 1814
3498 1814
3499 1814
3500 1814
3501 1814
3502 1814
3503 1814
3504 1814
3505 1814
3506 1814
3507 1811
3508 1811
3509 1811
3510 1811
3511 1810
3512 1810
3513 1810
3514 1810
3515 1809
3516 1808
3517 1808
3518 1806
3519 1806
3520 1806
3521 1805
3522 1805
3523 1804
3524 1803
3525 1803
3526 1803
3527 1803
3528 1797
3529 1778
3530 1761
3531 1761
3532 1760
3533 1760
3534 1760
3535 1759
3536 1759
3537 1759
3538 1759
3539 1758
3540 1758
3541 1758
3542 1757
3543 1757
3544 1757
3545 1756
3546 1756
3547 1756
3548 1756
3549 1756
3550 1756
3551 1756
3552 1755
3553 1755
3554 1755
3555 1755
3556 1755
3557 1755
3558 1755
3559 1754
3560 1754
3561 1754
3562 1754
3563 1754
3564 1754
3565 1754
3566 1753
3567 1753
3568 1753
3569 1753
3570 1753
3571 1753
3572 1753
3573 1753
3574 1753
3575 1753
3576 1753
3577 1753
3578 1753
3579 1753
3580 1753
3581 1753
3582 1753
3583 1753
3584 1753
3585 1738
3586 1726
3587 1717
3588 1711
3589 1711
3590 1711
3591 1711
3592 1711
3593 1711
3594 1711
3595 1711
3596 1711
3597 1711
3598 1711
3599 1711
3600 1711
3601 1711
3602 1711
3603 1711
3604 1711
3605 1711
3606 1711
3607 1711
3608 1711
3609 1711
3610 1711
3611 1711
3612 1711
3613 1711
3614 1711
3615 1711
3616 1711
3617 1711
3618 1711
3619 1711
3620 1711
3621 1711
3622 1711
3623 1711
3624 1711
3625 1711
3626 1711
3627 1711
3628 1711
3629 1711
3630 1711
3631 1711
3632 1711
3633 1711
3634 1711
3635 1711
3636 1711
3637 1711
3638 1711
3639 1711
3640 1711
3641 1711
3642 1711
3643 1711
3644 1711
3645 1711
3646 1711
3647 1711
3648 1711
3649 1711
3650 1703
3651 1686
3652 1677
3653 1670
3654 1670
3655 1670
3656 1670
3657 1670
3658 1670
3659 1670
3660 1670
3661 1670
3662 1670
3663 1670
3664 1670
3665 1670
3666 1670
3667 1670
3668 1670
3669 1670
3670 1670
3671 1670
3672 1670
3673 1670
3674 1670
3675 1670
3676 1670
3677 1670
3678 1670
3679 1670
3680 1670
3681 1670
3682 1670
3683 1670
3684 1670
3685 1670
3686 1670
3687 1670
3688 1670
3689 1670
3690 1670
3691 1670
3692 1670
3693 1670
3694 1670
3695 1670
3696 1670
3697 1670
3698 1670
3699 1670
3700 1670
3701 1670
3702 1670
3703 1670
3704 1670
3705 1670
3706 1670
3707 1670
3708 1670
3709 1670
3710 1670
3711 1670
3712 1670
3713 1670
3714 1670
3715 1663
3716 1653
3717 1644
3718 1643
3719 1643
3720 1643
3721 1643
3722 1643
3723 1643
3724 1643
3725 1643
3726 1643
3727 1643
3728 1643
3729 1643
3730 1643
3731 1643
3732 1643
3733 1643
3734 1643
3735 1643
3736 1643
3737 1643
3738 1643
3739 1643
3740 1643
3741 1643
3742 1643
3743 1643
3744 1643
3745 1643
3746 1643
3747 1643
3748 1643
3749 1643
3750 1643
3751 1643
3752 1643
3753 1643
3754 1643
3755 1643
3756 1643
3757 1643
3758 1643
3759 1643
3760 1643
3761 1643
3762 1643
3763 1643
3764 1643
3765 1643
3766 1643
3767 1643
3768 1643
3769 1643
3770 1643
3771 1643
3772 1643
3773 1643
3774 1643
3775 1643
3776 1643
3777 1636
3778 1630
3779 1610
3780 1610
3781 1610
3782 1610
3783 1610
3784 1610
3785 1610
3786 1610
3787 1610
3788 1610
3789 1610
3790 1610
3791 1610
3792 1610
3793 1610
3794 1610
3795 1610
3796 1610
3797 1610
3798 1610
3799 1610
3800 1610
3801 1610
3802 1610
3803 1610
3804 1610
3805 1610
3806 1610
3807 1610
3808 1610
3809 1610
3810 1610
3811 1610
3812 1610
3813 1610
3814 1610
3815 1610
3816 1610
3817 1610
3818 1610
3819 1610
3820 1610
3821 1610
3822 1610
3823 1610
3824 1610
3825 1610
3826 1604
3827 1592
3828 1583
3829 1571
3830 1566
3831 1566
3832 1566
3833 1566
3834 1566
3835 1566
3836 1566
3837 1566
3838 1566
3839 1566
3840 1566
3841 1566
3842 1566
3843 1566
3844 1566
3845 1566
3846 1566
3847 1566
3848 1566
3849 1566
3850 1566
3851 1566
3852 1566
3853 1566
3854 1566
3855 1566
3856 1566
3857 1566
3858 1566
3859 1566
3860 1566
3861 1566
3862 1566
3863 1566
3864 1566
3865 1566
3866 1566
3867 1566
3868 1566
3869 1566
3870 1566
3871 1566
3872 1566
3873 1566
3874 1566
3875 1566
3876 1566
3877 1566
3878 1566
3879 1566
3880 1566
3881 1566
3882 1566
3883 1566
3884 1566
3885 1566
3886 1566
3887 1566
3888 1566
3889 1566
3890 1566
3891 1566
3892 1566
3893 1559
3894 1545
3895 1529
3896 1529
3897 1529
3898 1529
3899 1529
3900 1529
3901 1529
3902 1529
3903 1529
3904 1529
3905 1529
3906 1529
3907 1529
3908 1529
3909 1529
3910 1529
3911 1529
3912 1529
3913 1529
3914 1529
3915 1529
3916 1529
3917 1529
3918 1529
3919 1529
3920 1529
3921 1529
3922 1529
3923 1529
3924 1529
3925 1529
3926 1529
3927 1529
3928 1529
3929 1529
3930 1529
3931 1529
3932 1529
3933 1529
3934 1529
3935 1529
3936 1529
3937 1529
3938 1529
3939 1529
3940 1529
3941 1529
3942 1529
3943 1529
3944 1529
3945 1529
3946 1529
3947 1529
3948 1529
3949 1529
3950 1529
3951 1529
3952 1529
3953 1529
3954 1529
3955 1529
3956 1529
3957 1529
3958 1523
3959 1510
3960 1500
3961 1500
3962 1500
3963 1500
3964 1500
3965 1500
3966 1500
3967 1500
3968 1500
3969 1500
3970 1500
3971 1500
3972 1500
3973 1500
3974 1500
3975 1500
3976 1500
3977 1500
3978 1500
3979 1500
3980 1500
3981 1500
3982 1500
3983 1500
3984 1500
3985 1500
3986 1500
3987 1500
3988 1500
3989 1500
3990 1500
3991 1500
3992 1500
3993 1500
3994 1500
3995 1500
3996 1500
3997 1500
3998 1500
3999 1500
4000 1500
4001 1500
4002 1500
4003 1500
4004 1500
4005 1500
4006 1500
4007 1500
4008 1500
4009 1500
4010 1500
4011 1500
4012 1500
4013 1500
4014 1500
4015 1500
4016 1500
4017 1500
4018 1500
4019 1500
4020 1500
4021 1500
4022 1500
4023 1496
4024 1479
4025 1464
4026 1464
4027 1464
4028 1464
4029 1464
4030 1464
4031 1464
4032 1464
4033 1464
4034 1464
4035 1464
4036 1464
4037 1464
4038 1464
4039 1464
4040 1464
4041 1464
4042 1464
4043 1464
4044 1464
4045 1464
4046 1464
4047 1464
4048 1464
4049 1464
4050 1464
4051 1464
4052 1464
4053 1464
4054 1464
4055 1464
4056 1464
4057 1464
4058 1464
4059 1464
4060 1464
4061 1464
4062 1464
4063 1464
4064 1464
4065 1464
4066 1464
4067 1464
4068 1464
4069 1464
4070 1464
4071 1464
4072 1464
4073 1464
4074 1464
4075 1464
4076 1464
4077 1464
4078 1464
4079 1464
4080 1464
4081 1464
4082 1464
4083 1464
4084 1464
4085 1464
4086 1464
4087 1464
4088 1457
4089 1446
4090 1437
4091 1437
4092 1437
4093 1437
4094 1437
4095 1437
4096 1437
4097 1437
4098 1437
4099 1437
4100 1437
4101 1437
4102 1437
4103 1437
4104 1437
4105 1437
4106 1437
4107 1437
4108 1437
4109 1437
4110 1437
4111 1437
4112 1437
4113 1437
4114 1437
4115 1437
4116 1437
4117 1437
4118 1437
4119 1437
4120 1437
4121 1437
4122 1437
4123 1437
4124 1437
4125 1437
4126 1437
4127 1437
4128 1437
4129 1437
4130 1437
4131 1437
4132 1437
4133 1437
4134 1437
4135 1437
4136 1437
4137 1437
4138 1437
4139 1437
4140 1437
4141 1437
4142 1437
4143 1437
4144 1437
4145 1437
4146 1437
4147 1437
4148 1437
4149 1437
4150 1437
4151 1437
4152 1437
4153 1437
4154 1437
4155 1436
4156 1423
4157 1408
4158 1408
4159 1408
4160 1408
4161 1408
4162 1408
4163 1408
4164 1408
4165 1408
4166 1408
4167 1408
4168 1408
4169 1408
4170 1408
4171 1408
4172 1408
4173 1408
4174 1408
4175 1408
4176 1408
4177 1408
4178 1408
4179 1408
4180 1408
4181 1408
4182 1408
4183 1408
4184 1408
4185 1408
4186 1408
4187 1408
4188 1408
4189 1408
4190 1408
4191 1408
4192 1408
4193 1408
4194 1408
4195 1408
4196 1408
4197 1408
4198 1408
4199 1408
4200 1408
4201 1408
4202 1408
4203 1408
4204 1408
4205 1408
4206 1408
4207 1408
4208 1408
4209 1408
4210 1408
4211 1408
4212 1408
4213 1408
4214 1408
4215 1408
4216 1408
4217 1408
4218 1408
4219 1408
4220 1408
4221 1408
4222 1408
4223 1404
4224 1388
4225 1380
4226 1380
4227 1380
4228 1380
4229 1380
4230 1380
4231 1380
4232 1380
4233 1380
4234 1380
4235 1380
4236 1380
4237 1380
4238 1380
4239 1380
4240 1380
4241 1380
4242 1380
4243 1380
4244 1380
4245 1380
4246 1380
4247 1380
4248 1380
4249 1380
4250 1380
4251 1380
4252 1380
4253 1380
4254 1380
4255 1380
4256 1380
4257 1380
4258 1380
4259 1380
4260 1380
4261 1380
4262 1380
4263 1380
4264 1380
4265 1380
4266 1380
4267 1380
4268 1380
4269 1380
4270 1380
4271 1380
4272 1380
4273 1380
4274 1380
4275 1380
4276 1380
4277 1380
4278 1380
4279 1380
4280 1380
4281 1380
4282 1380
4283 1380
4284 1380
4285 1380
4286 1380
4287 1380
4288 1380
4289 1380
4290 1380
4291 1371
4292 1362
4293 1355
4294 1351
4295 1351
4296 1351
4297 1351
4298 1351
4299 1351
4300 1351
4301 1351
4302 1351
4303 1351
4304 1351
4305 1351
4306 1351
4307 1351
4308 1351
4309 1351
4310 1351
4311 1351
4312 1351
4313 1351
4314 1351
4315 1351
4316 1351
4317 1351
4318 1351
4319 1351
4320 1351
4321 1351
4322 1351
4323 1351
4324 1351
4325 1351
4326 1351
4327 1351
4328 1351
4329 1351
4330 1351
4331 1351
4332 1351
4333 1351
4334 1351
4335 1351
4336 1351
4337 1351
4338 1351
4339 1351
4340 1351
4341 1351
4342 1351
4343 1351
4344 1351
4345 1351
4346 1351
4347 1351
4348 1351
4349 1351
4350 1351
4351 1351
4352 1351
4353 1351
4354 1351
4355 1351
4356 1351
4357 1351
4358 1351
4359 1343
4360 1335
4361 1328
4362 1328
4363 1328
4364 1328
4365 1328
4366 1328
4367 1328
4368 1328
4369 1328
4370 1328
4371 1328
4372 1328
4373 1328
4374 1328
4375 1328
4376 1328
4377 1328
4378 1328
4379 1328
4380 1328
4381 1328
4382 1328
4383 1328
4384 1328
4385 1328
4386 1328
4387 1328
4388 1328
4389 1328
4390 1328
4391 1328
4392 1328
4393 1328
4394 1328
4395 1328
4396 1328
4397 1328
4398 1328
4399 1328
4400 1328
4401 1328
4402 1328
4403 1328
4404 1328
4405 1328
4406 1328
4407 1328
4408 1328
4409 1328
4410 1328
4411 1328
4412 1328
4413 1328
4414 1328
4415 1328
4416 1328
4417 1328
4418 1328
4419 1328
4420 1328
4421 1328
4422 1328
4423 1328
4424 1328
4425 1328
4426 1328
4427 1328
4428 1328
4429 1320
4430 1312
4431 1295
4432 1295
4433 1295
4434 1295
4435 1295
4436 1295
4437 1295
4438 1295
4439 1295
4440 1295
4441 1295
4442 1295
4443 1295
4444 1295
4445 1295
4446 1295
4447 1295
4448 1295
4449 1295
4450 1295
4451 1295
4452 1295
4453 1295
4454 1295
4455 1295
4456 1295
4457 1295
4458 1295
4459 1295
4460 1295
4461 1295
4462 1295
4463 1295
4464 1295
4465 1295
4466 1295
4467 1295
4468 1295
4469 1295
4470 1295
4471 1295
4472 1295
4473 1295
4474 1295
4475 1295
4476 1295
4477 1295
4478 1295
4479 1295
4480 1295
4481 1295
4482 1295
4483 1295
4484 1295
4485 1295
4486 1295
4487 1295
4488 1295
4489 1295
4490 1295
4491 1295
4492 1295
4493 1295
4494 1295
4495 1295
4496 1288
4497 1276
4498 1265
4499 1265
4500 1265
4501 1265
4502 1265
4503 1265
4504 1265
4505 1265
4506 1265
4507 1265
4508 1265
4509 1265
4510 1265
4511 1265
4512 1265
4513 1265
4514 1265
4515 1265
4516 1265
4517 1265
4518 1265
4519 1265
4520 1265
4521 1265
4522 1265
4523 1265
4524 1265
4525 1265
4526 1265
4527 1265
4528 1265
4529 1265
4530 1265
4531 1265
4532 1265
4533 1265
4534 1265
4535 1265
4536 1265
4537 1265
4538 1265
4539 1265
4540 1265
4541 1265
4542 1265
4543 1265
4544 1265
4545 1265
4546 1265
4547 1265
4548 1265
4549 1265
4550 1265
4551 1265
4552 1265
4553 1265
4554 1265
4555 1265
4556 1265
4557 1265
4558 1265
4559 1265
4560 1265
4561 1265
4562 1263
4563 1254
4564 1241
4565 1233
4566 1233
4567 1233
4568 1233
4569 1233
4570 1233
4571 1233
4572 1233
4573 1233
4574 1233
4575 1233
4576 1233
4577 1233
4578 1233
4579 1233
4580 1233
4581 1233
4582 1233
4583 1233
4584 1233
4585 1233
4586 1233
4587 1233
4588 1233
4589 1233
4590 1233
4591 1233
4592 1233
4593 1233
4594 1233
4595 1233
4596 1233
4597 1233
4598 1233
4599 1233
4600 1233
4601 1233
4602 1233
4603 1233
4604 1233
4605 1233
4606 1233
4607 1233
4608 1233
4609 1233
4610 1233
4611 1233
4612 1233
4613 1233
4614 1233
4615 1233
4616 1233
4617 1233
4618 1233
4619 1233
4620 1233
4621 1233
4622 1233
4623 1233
4624 1233
4625 1233
4626 1233
4627 1233
4628 1233
4629 1233
4630 1233
4631 1233
4632 1233
4633 1230
4634 1218
4635 1207
4636 1204
4637 1204
4638 1204
4639 1204
4640 1204
4641 1204
4642 1204
4643 1204
4644 1204
4645 1204
4646 1204
4647 1204
4648 1204
4649 1204
4650 1204
4651 1204
4652 1204
4653 1204
4654 1204
4655 1204
4656 1204
4657 1204
4658 1204
4659 1204
4660 1204
4661 1204
4662 1204
4663 1204
4664 1204
4665 1204
4666 1204
4667 1204
4668 1204
4669 1204
4670 1204
4671 1204
4672 1204
4673 1204
4674 1204
4675 1204
4676 1204
4677 1204
4678 1204
4679 1204
4680 1204
4681 1204
4682 1204
4683 1204
4684 1204
4685 1204
4686 1204
4687 1204
4688 1204
4689 1204
4690 1204
4691 1204
4692 1204
4693 1204
4694 1204
4695 1204
4696 1204
4697 1204
4698 1204
4699 1204
4700 1204
4701 1204
4702 1204
4703 1200
4704 1192
4705 1180
4706 1174
4707 1174
4708 1174
4709 1174
4710 1174
4711 1174
4712 1174
4713 1174
4714 1174
4715 1174
4716 1174
4717 1174
4718 1174
4719 1174
4720 1174
4721 1174
4722 1174
4723 1174
4724 1174
4725 1174
4726 1174
4727 1174
4728 1174
4729 1174
4730 1174
4731 1174
4732 1174
4733 1174
4734 1174
4735 1174
4736 1174
4737 1174
4738 1174
4739 1174
4740 1174
4741 1174
4742 1174
4743 1174
4744 1174
4745 1174
4746 1174
4747 1174
4748 1174
4749 1174
4750 1174
4751 1174
4752 1174
4753 1174
4754 1174
4755 1174
4756 1174
4757 1174
4758 1174
4759 1174
4760 1174
4761 1174
4762 1174
4763 1174
4764 1174
4765 1174
4766 1174
4767 1174
4768 1174
4769 1174
4770 1174
4771 1174
4772 1174
4773 1174
4774 1168
4775 1160
4776 1152
4777 1150
4778 1150
4779 1150
4780 1150
4781 1150
4782 1150
4783 1150
4784 1150
4785 1150
4786 1150
4787 1150
4788 1150
4789 1150
4790 1150
4791 1150
4792 1150
4793 1150
4794 1150
4795 1150
4796 1150
4797 1150
4798 1150
4799 1150
4800 1150
4801 1150
4802 1150
4803 1150
4804 1150
4805 1150
4806 1150
4807 1150
4808 1150
4809 1150
4810 1150
4811 1150
4812 1150
4813 1150
4814 1150
4815 1150
4816 1150
4817 1150
4818 1150
4819 1150
4820 1150
4821 1150
4822 1150
4823 1150
4824 1150
4825 1150
4826 1150
4827 1150
4828 1150
4829 1150
4830 1150
4831 1150
4832 1150
4833 1150
4834 1150
4835 1150
4836 1150
4837 1150
4838 1150
4839 1150
4840 1144
4841 1133
4842 1127
4843 1121
4844 1121
4845 1121
4846 1121
4847 1121
4848 1121
4849 1121
4850 1121
4851 1121
4852 1121
4853 1121
4854 1121
4855 1121
4856 1121
4857 1121
4858 1121
4859 1121
4860 1121
4861 1121
4862 1121
4863 1121
4864 1121
4865 1121
4866 1121
4867 1121
4868 1121
4869 1121
4870 1121
4871 1121
4872 1121
4873 1121
4874 1121
4875 1121
4876 1121
4877 1121
4878 1121
4879 1121
4880 1121
4881 1121
4882 1121
4883 1121
4884 1121
4885 1121
4886 1121
4887 1121
4888 1121
4889 1121
4890 1121
4891 1121
4892 1121
4893 1121
4894 1121
4895 1121
4896 1121
4897 1121
4898 1121
4899 1121
4900 1121
4901 1121
4902 1121
4903 1121
4904 1121
4905 1116
4906 1107
4907 1099
4908 1097
4909 1097
4910 1097
4911 1097
4912 1097
4913 1097
4914 1097
4915 1097
4916 1097
4917 1097
4918 1097
4919 1097
4920 1097
4921 1097
4922 1097
4923 1097
4924 1097
4925 1097
4926 1097
4927 1097
4928 1097
4929 1097
4930 1097
4931 1097
4932 1097
4933 1097
4934 1097
4935 1097
4936 1097
4937 1097
4938 1097
4939 1097
4940 1097
4941 1097
4942 1097
4943 1097
4944 1097
4945 1097
4946 1097
4947 1097
4948 1097
4949 1097
4950 1097
4951 1097
4952 1097
4953 1097
4954 1097
4955 1097
4956 1097
4957 1097
4958 1097
4959 1097
4960 1097
4961 1097
4962 1097
4963 1097
4964 1097
4965 1097
4966 1097
4967 1097
4968 1097
4969 1097
4970 1097
4971 1097
4972 1097
4973 1097
4974 1094
4975 1087
4976 1078
4977 1074
4978 1074
4979 1074
4980 1074
4981 1074
4982 1074
4983 1074
4984 1074
4985 1074
4986 1074
4987 1074
4988 1074
4989 1074
4990 1074
4991 1074
4992 1074
4993 1074
4994 1074
4995 1074
4996 1074
4997 1074
4998 1074
4999 1074
5000 1074
5001 1074
5002 1074
5003 1074
5004 1074
5005 1074
5006 1074
5007 1074
5008 1074
5009 1074
5010 1074
5011 1074
5012 1074
5013 1074
5014 1074
5015 1074
5016 1074
5017 1074
5018 1074
5019 1074
5020 1074
5021 1074
5022 1074
5023 1074
5024 1074
5025 1074
5026 1074
5027 1074
5028 1074
5029 1074
5030 1074
5031 1074
5032 1074
5033 1074
5034 1074
5035 1074
5036 1074
5037 1074
5038 1074
5039 1074
5040 1074
5041 1074
5042 1074
5043 1074
5044 1068
5045 1060
5046 1054
5047 1051
5048 1051
5049 1051
5050 1051
5051 1051
5052 1051
5053 1051
5054 1051
5055 1051
5056 1051
5057 1051
5058 1051
5059 1051
5060 1051
5061 1051
5062 1051
5063 1051
5064 1051
5065 1051
5066 1051
5067 1051
5068 1051
5069 1051
5070 1051
5071 1051
5072 1051
5073 1051
5074 1051
5075 1051
5076 1051
5077 1051
5078 1051
5079 1051
5080 1051
5081 1051
5082 1051
5083 1051
5084 1051
5085 1051
5086 1051
5087 1051
5088 1051
5089 1051
5090 1051
5091 1051
5092 1051
5093 1051
5094 1051
5095 1051
5096 1051
5097 1051
5098 1051
5099 1051
5100 1051
5101 1051
5102 1051
5103 1051
5104 1051
5105 1051
5106 1051
5107 1051
5108 1051
5109 1051
5110 1051
5111 1051
5112 1051
5113 1051
5114 1051
5115 1047
5116 1035
5117 1029
5118 1027
5119 1027
5120 1027
5121 1027
5122 1027
5123 1027
5124 1027
5125 1027
5126 1027
5127 1027
5128 1027
5129 1027
5130 1027
5131 1027
5132 1027
5133 1027
5134 1027
5135 1027
5136 1027
5137 1027
5138 1027
5139 1027
5140 1027
5141 1027
5142 1027
5143 1027
5144 1027
5145 1027
5146 1027
5147 1027
5148 1027
5149 1027
5150 1027
5151 1027
5152 1027
5153 1027
5154 1027
5155 1027
5156 1027
5157 1027
5158 1027
5159 1027
5160 1027
5161 1027
5162 1027
5163 1027
5164 1027
5165 1027
5166 1027
5167 1027
5168 1027
5169 1027
5170 1027
5171 1027
5172 1027
5173 1027
5174 1027
5175 1027
5176 1027
5177 1027
5178 1027
5179 1027
5180 1027
5181 1027
5182 1027
5183 1027
5184 1027
5185 1024
5186 1018
5187 1011
5188 1006
5189 1006
5190 1006
5191 1006
5192 1006
5193 1006
5194 1006
5195 1006
5196 1006
5197 1006
5198 1006
5199 1006
5200 1006
5201 1006
5202 1006
5203 1006
5204 1006
5205 1006
5206 1006
5207 1006
5208 1006
5209 1006
5210 1006
5211 1006
5212 1006
5213 1006
5214 1006
5215 1006
5216 1006
5217 1006
5218 1006
5219 1006
5220 1006
5221 1006
5222 1006
5223 1006
5224 1006
5225 1006
5226 1006
5227 1006
5228 1006
5229 1006
5230 1006
5231 1006
5232 1006
5233 1006
5234 1006
5235 1006
5236 1006
5237 1006
5238 1006
5239 1006
5240 1006
5241 1006
5242 1006
5243 1006
5244 1006
5245 1006
5246 1006
5247 1006
5248 1006
5249 1006
5250 1006
5251 1006
5252 1006
5253 1006
5254 1000
5255 992
5256 988
5257 982
5258 982
5259 982
5260 982
5261 982
5262 982
5263 982
5264 982
5265 982
5266 982
5267 982
5268 982
5269 982
5270 982
5271 982
5272 982
5273 982
5274 982
5275 982
5276 982
5277 982
5278 982
5279 982
5280 982
5281 982
5282 982
5283 982
5284 982
5285 982
5286 982
5287 982
5288 982
5289 982
5290 982
5291 982
5292 982
5293 982
5294 982
5295 982
5296 982
5297 982
5298 982
5299 982
5300 982
5301 982
5302 982
5303 982
5304 982
5305 982
5306 982
5307 982
5308 982
5309 982
5310 982
5311 982
5312 982
5313 982
5314 982
5315 982
5316 982
5317 982
5318 982
5319 982
5320 982
5321 982
5322 982
5323 982
5324 978
5325 973
5326 968
5327 968
5328 968
5329 968
5330 968
5331 968
5332 968
5333 968
5334 968
5335 968
5336 968
5337 968
5338 968
5339 968
5340 968
5341 968
5342 968
5343 968
5344 968
5345 968
5346 968
5347 968
5348 968
5349 968
5350 968
5351 968
5352 968
5353 968
5354 968
5355 968
5356 968
5357 968
5358 968
5359 968
5360 968
5361 968
5362 968
5363 968
5364 968
5365 968
5366 968
5367 968
5368 968
5369 968
5370 968
5371 968
5372 968
5373 968
5374 968
5375 968
5376 968
5377 968
5378 968
5379 968
5380 968
5381 968
5382 968
5383 968
5384 968
5385 968
5386 968
5387 968
5388 968
5389 968
5390 968
5391 968
5392 968
5393 968
5394 966
5395 961
5396 954
5397 945
5398 945
5399 945
5400 945
5401 945
5402 945
5403 945
5404 945
5405 945
5406 945
5407 945
5408 945
5409 945
5410 945
5411 945
5412 945
5413 945
5414 945
5415 945
5416 945
5417 945
5418 945
5419 945
5420 945
5421 945
5422 945
5423 945
5424 945
5425 945
5426 945
5427 945
5428 945
5429 945
5430 945
5431 945
5432 945
5433 945
5434 945
5435 945
5436 945
5437 945
5438 945
5439 945
5440 945
5441 945
5442 945
5443 945
5444 945
5445 945
5446 945
5447 945
5448 945
5449 945
5450 945
5451 945
5452 945
5453 945
5454 945
5455 945
5456 945
5457 945
5458 945
5459 945
5460 945
5461 945
5462 945
5463 939
5464 928
5465 923
5466 919
5467 919
5468 919
5469 919
5470 919
5471 919
5472 919
5473 919
5474 919
5475 919
5476 919
5477 919
5478 919
5479 919
5480 919
5481 919
5482 919
5483 919
5484 919
5485 919
5486 919
5487 919
5488 919
5489 919
5490 919
5491 919
5492 919
5493 919
5494 919
5495 919
5496 919
5497 919
5498 919
5499 919
5500 919
5501 919
5502 919
5503 919
5504 919
5505 919
5506 919
5507 919
5508 919
5509 919
5510 919
5511 919
5512 919
5513 919
5514 919
5515 919
5516 919
5517 919
5518 919
5519 919
5520 919
5521 919
5522 919
5523 919
5524 919
5525 919
5526 919
5527 919
5528 919
5529 919
5530 919
5531 919
5532 919
5533 919
5534 916
5535 901
5536 895
5537 893
5538 893
5539 893
5540 893
5541 893
5542 893
5543 893
5544 893
5545 893
5546 893
5547 893
5548 893
5549 893
5550 893
5551 893
5552 893
5553 893
5554 893
5555 893
5556 893
5557 893
5558 893
5559 893
5560 893
5561 893
5562 893
5563 893
5564 893
5565 893
5566 893
5567 893
5568 893
5569 893
5570 893
5571 893
5572 893
5573 893
5574 893
5575 893
5576 893
5577 893
5578 893
5579 893
5580 893
5581 893
5582 893
5583 893
5584 893
5585 893
5586 893
5587 893
5588 893
5589 893
5590 893
5591 893
5592 893
5593 893
5594 893
5595 893
5596 893
5597 893
5598 893
5599 893
5600 893
5601 893
5602 893
5603 893
5604 893
5605 892
5606 890
5607 883
5608 878
5609 876
5610 876
5611 876
5612 876
5613 876
5614 876
5615 876
5616 876
5617 876
5618 876
5619 876
5620 876
5621 876
5622 876
5623 876
5624 876
5625 876
5626 876
5627 876
5628 876
5629 876
5630 876
5631 876
5632 876
5633 876
5634 876
5635 876
5636 876
5637 876
5638 876
5639 876
5640 876
5641 876
5642 876
5643 876
5644 876
5645 876
5646 876
5647 876
5648 876
5649 876
5650 876
5651 876
5652 876
5653 876
5654 876
5655 876
5656 876
5657 876
5658 876
5659 876
5660 876
5661 876
5662 876
5663 876
5664 876
5665 876
5666 876
5667 876
5668 876
5669 876
5670 876
5671 876
5672 876
5673 876
5674 876
5675 876
5676 875
5677 869
5678 864
5679 859
5680 859
5681 859
5682 859
5683 859
5684 859
5685 859
5686 859
5687 859
5688 859
5689 859
5690 859
5691 859
5692 859
5693 859
5694 859
5695 859
5696 859
5697 859
5698 859
5699 859
5700 859
5701 859
5702 859
5703 859
5704 859
5705 859
5706 859
5707 859
5708 859
5709 859
5710 859
5711 859
5712 859
5713 859
5714 859
5715 859
5716 859
5717 859
5718 859
5719 859
5720 859
5721 859
5722 859
5723 859
5724 859
5725 859
5726 859
5727 859
5728 859
5729 859
5730 859
5731 859
5732 859
5733 859
5734 859
5735 859
5736 859
5737 859
5738 859
5739 859
5740 859
5741 859
5742 859
5743 859
5744 859
5745 859
5746 859
5747 859
5748 856
5749 851
5750 845
5751 843
5752 843
5753 843
5754 843
5755 843
5756 843
5757 843
5758 843
5759 843
5760 843
5761 843
5762 843
5763 843
5764 843
5765 843
5766 843
5767 843
5768 843
5769 843
5770 843
5771 843
5772 843
5773 843
5774 843
5775 843
5776 843
5777 843
5778 843
5779 843
5780 843
5781 843
5782 843
5783 843
5784 843
5785 843
5786 843
5787 843
5788 843
5789 843
5790 843
5791 843
5792 843
5793 843
5794 843
5795 843
5796 843
5797 843
5798 843
5799 843
5800 843
5801 843
5802 843
5803 843
5804 843
5805 843
5806 843
5807 843
5808 843
5809 843
5810 843
5811 843
5812 843
5813 843
5814 843
5815 843
5816 843
5817 843
5818 841
5819 837
5820 824
5821 822
5822 822
5823 822
5824 822
5825 822
5826 822
5827 822
5828 822
5829 822
5830 822
5831 822
5832 822
5833 822
5834 822
5835 822
5836 822
5837 822
5838 822
5839 822
5840 822
5841 822
5842 822
5843 822
5844 822
5845 822
5846 822
5847 822
5848 822
5849 822
5850 822
5851 822
5852 822
5853 822
5854 822
5855 822
5856 822
5857 822
5858 822
5859 822
5860 822
5861 822
5862 822
5863 822
5864 822
5865 822
5866 822
5867 822
5868 822
5869 822
5870 822
5871 822
5872 822
5873 822
5874 822
5875 822
5876 822
5877 822
5878 822
5879 822
5880 822
5881 822
5882 822
5883 822
5884 822
5885 822
5886 822
5887 822
5888 820
5889 812
5890 800
5891 797
5892 797
5893 797
5894 797
5895 797
5896 797
5897 797
5898 797
5899 797
5900 797
5901 797
5902 797
5903 797
5904 797
5905 797
5906 797
5907 797
5908 797
5909 797
5910 797
5911 797
5912 797
5913 797
5914 797
5915 797
5916 797
5917 797
5918 797
5919 797
5920 797
5921 797
5922 797
5923 797
5924 797
5925 797
5926 797
5927 797
5928 797
5929 797
5930 797
5931 797
5932 797
5933 797
5934 797
5935 797
5936 797
5937 797
5938 797
5939 797
5940 797
5941 797
5942 797
5943 797
5944 797
5945 797
5946 797
5947 797
5948 797
5949 797
5950 797
5951 797
5952 797
5953 797
5954 797
5955 797
5956 797
5957 797
5958 797
5959 789
5960 781
5961 778
5962 776
5963 776
5964 776
5965 776
5966 776
5967 776
5968 776
5969 776
5970 776
5971 776
5972 776
5973 776
5974 776
5975 776
5976 776
5977 776
5978 776
5979 776
5980 776
5981 776
5982 776
5983 776
5984 776
5985 776
5986 776
5987 776
5988 776
5989 776
5990 776
5991 776
5992 776
5993 776
5994 776
5995 776
5996 776
5997 776
5998 776
5999 776
6000 776
6001 776
6002 776
6003 776
6004 776
6005 776
6006 776
6007 776
6008 776
6009 776
6010 776
6011 776
6012 776
6013 776
6014 776
6015 776
6016 776
6017 776
6018 776
6019 776
6020 776
6021 776
6022 776
6023 776
6024 776
6025 776
6026 776
6027 776
6028 771
6029 767
6030 764
6031 759
6032 759
6033 759
6034 759
6035 759
6036 759
6037 759
6038 759
6039 759
6040 759
6041 759
6042 759
6043 759
6044 759
6045 759
6046 759
6047 759
6048 759
6049 759
6050 759
6051 759
6052 759
6053 759
6054 759
6055 759
6056 759
6057 759
6058 759
6059 759
6060 759
6061 759
6062 759
6063 759
6064 759
6065 759
6066 759
6067 759
6068 759
6069 759
6070 759
6071 759
6072 759
6073 759
6074 759
6075 759
6076 759
6077 759
6078 759
6079 759
6080 759
6081 759
6082 759
6083 759
6084 759
6085 759
6086 759
6087 759
6088 759
6089 759
6090 759
6091 759
6092 759
6093 759
6094 759
6095 759
6096 759
6097 759
6098 759
6099 753
6100 750
6101 747
6102 741
6103 741
6104 741
6105 741
6106 741
6107 741
6108 741
6109 741
6110 741
6111 741
6112 741
6113 741
6114 741
6115 741
6116 741
6117 741
6118 741
6119 741
6120 741
6121 741
6122 741
6123 741
6124 741
6125 741
6126 741
6127 741
6128 741
6129 741
6130 741
6131 741
6132 741
6133 741
6134 741
6135 741
6136 741
6137 741
6138 741
6139 741
6140 741
6141 741
6142 741
6143 741
6144 741
6145 741
6146 741
6147 741
6148 741
6149 741
6150 741
6151 741
6152 741
6153 741
6154 741
6155 741
6156 741
6157 741
6158 741
6159 741
6160 741
6161 741
6162 741
6163 741
6164 741
6165 741
6166 741
6167 741
6168 741
6169 741
6170 737
6171 733
6172 730
6173 722
6174 722
6175 722
6176 722
6177 722
6178 722
6179 722
6180 722
6181 722
6182 722
6183 722
6184 722
6185 722
6186 722
6187 722
6188 722
6189 722
6190 722
6191 722
6192 722
6193 722
6194 722
6195 722
6196 722
6197 722
6198 722
6199 722
6200 722
6201 722
6202 722
6203 722
6204 722
6205 722
6206 722
6207 722
6208 722
6209 722
6210 722
6211 722
6212 722
6213 722
6214 722
6215 722
6216 722
6217 722
6218 722
6219 722
6220 722
6221 722
6222 722
6223 722
6224 722
6225 722
6226 722
6227 722
6228 722
6229 722
6230 722
6231 722
6232 722
6233 722
6234 722
6235 722
6236 722
6237 722
6238 722
6239 722
6240 722
6241 715
6242 707
6243 705
6244 703
6245 703
6246 703
6247 703
6248 703
6249 703
6250 703
6251 703
6252 703
6253 703
6254 703
6255 703
6256 703
6257 703
6258 703
6259 703
6260 703
6261 703
6262 703
6263 703
6264 703
6265 703
6266 703
6267 703
6268 703
6269 703
6270 703
6271 703
6272 703
6273 703
6274 703
6275 703
6276 703
6277 703
6278 703
6279 703
6280 703
6281 703
6282 703
6283 703
6284 703
6285 703
6286 703
6287 703
6288 703
6289 703
6290 703
6291 703
6292 703
6293 703
6294 703
6295 703
6296 703
6297 703
6298 703
6299 703
6300 703
6301 703
6302 703
6303 703
6304 703
6305 703
6306 703
6307 703
6308 703
6309 703
6310 703
6311 701
6312 693
6313 683
6314 679
6315 679
6316 679
6317 679
6318 679
6319 679
6320 679
6321 679
6322 679
6323 679
6324 679
6325 679
6326 679
6327 727
6328 829
6329 875
6330 924
6331 974
6332 1083
6333 1250
6334 1525
6335 1725
6336 1919
6337 1976
6338 1975
6339 1975
6340 1975
6341 2008
6342 2054
6343 2143
6344 2189
6345 2189
6346 2189
6347 2284
6348 2596
6349 2742
6350 2884
6351 3074
6352 3382
6353 3981
6354 4457
6355 4860
6356 5544
6357 6618
6358 8789
6359 9881
6360 10878
6361 11045
6362 13099
6363 14337
6364 15034
6365 15865
6366 16001
6367 17170
6368 17813
6369 18337
6370 18956
6371 19670
6372 20623
6373 21743
6374 22607
6375 23831
6376 24329
6377 24950
6378 25950
6379 26715
6380 27073
6381 27598
6382 28298
6383 29453
6384 30644
6385 31358
6386 32766
6387 33432
6388 34227
6389 34661
6390 35359
6391 35625
6392 35983
6393 36965
6394 37347
6395 37848
6396 39404
6397 40012
6398 40669
6399 41245
6400 42303
6401 43195
6402 43798
6403 44616
6404 45265
6405 46768
6406 47629
6407 48582
6408 49889
6409 50297
6410 50799
6411 51232
6412 51957
6413 52363
6414 53111
6415 54909
6416 55415
6417 56012
6418 56429
6419 56984
6420 57179
6421 57537
6422 58281
6423 59223
6424 59684
6425 59998
6426 60602
6427 61232
6428 62019
6429 62151
6430 62315
6431 62579
6432 62870
6433 63159
6434 63302
6435 63854
6436 64118
6437 64266
6438 64387
6439 64925
6440 65350
6441 65803
6442 66023
6443 66259
6444 66281
6445 66526
6446 66840
6447 67109
6448 67687
6449 68166
6450 68503
6451 68884
6452 68962
6453 69009
6454 69032
6455 69032
6456 69032
6457 69032
6458 69032
6459 69032
6460 68998
6461 68998
6462 68998
6463 68998
6464 68998
6465 68998
6466 68998
6467 68998
6468 68998
6469 68998
6470 68995
6471 68977
6472 68977
6473 68977
6474 68977
6475 68977
6476 68977
6477 68977
6478 68977
6479 68977
6480 68977
6481 68953
6482 68953
6483 68953
6484 68953
6485 68953
6486 68953
6487 68953
6488 68953
6489 68953
6490 68953
6491 68950
6492 68922
6493 68922
6494 68922
6495 68922
6496 68922
6497 68922
6498 68922
6499 68922
6500 68922
6501 68922
6502 68884
6503 68884
6504 68884
6505 68884
6506 68884
6507 68884
6508 68884
6509 68884
6510 68884
6511 68884
6512 68882
6513 68848
6514 68848
6515 68848
6516 68848
6517 68848
6518 68848
6519 68848
6520 68848
6521 68848
6522 68848
6523 68823
6524 68823
6525 68823
6526 68823
6527 68823
6528 68823
6529 68823
6530 68823
6531 68823
6532 68823
6533 68821
6534 68780
6535 68780
6536 68780
6537 68780
6538 68780
6539 68780
6540 68780
6541 68780
6542 68780
6543 68780
6544 68754
6545 68754
6546 68754
6547 68754
6548 68754
6549 68754
6550 68754
6551 68754
6552 68754
6553 68754
6554 68751
6555 68720
6556 68720
6557 68720
6558 68720
6559 68720
6560 68720
6561 68720
6562 68720
6563 68720
6564 68720
6565 68693
6566 68693
6567 68693
6568 68693
6569 68693
6570 68693
6571 68693
6572 68693
6573 68693
6574 68693
6575 68692
6576 68673
6577 68673
6578 68673
6579 68673
6580 68673
6581 68673
6582 68673
6583 68673
6584 68673
6585 68673
6586 68645
6587 68645
6588 68645
6589 68645
6590 68645
6591 68645
6592 68645
6593 68645
6594 68645
6595 68645
6596 68640
6597 68606
6598 68606
6599 68606
6600 68606
6601 68606
6602 68606
6603 68606
6604 68606
6605 68606
6606 68606
6607 68571
6608 68571
6609 68571
6610 68571
6611 68571
6612 68571
6613 68571
6614 68571
6615 68571
6616 68571
6617 68568
6618 68549
6619 68549
6620 68549
6621 68549
6622 68549
6623 68549
6624 68549
6625 68549
6626 68549
6627 68549
6628 68520
6629 68520
6630 68520
6631 68520
6632 68520
6633 68520
6634 68520
6635 68520
6636 68520
6637 68520
6638 68516
6639 68484
6640 68483
6641 68483
6642 68483
6643 68483
6644 68483
6645 68483
6646 68483
6647 68483
6648 68483
6649 68449
6650 68449
6651 68449
6652 68449
6653 68449
6654 68449
6655 68449
6656 68449
6657 68449
6658 68449
6659 68446
6660 68413
6661 68413
6662 68413
6663 68413
6664 68413
6665 68413
6666 68413
6667 68413
6668 68413
6669 68413
6670 68379
6671 68379
6672 68379
6673 68379
6674 68379
6675 68379
6676 68379
6677 68379
6678 68379
6679 68379
6680 68377
6681 68349
6682 68349
6683 68349
6684 68349
6685 68349
6686 68349
6687 68349
6688 68349
6689 68349
6690 68349
6691 68326
6692 68326
6693 68326
6694 68326
6695 68326
6696 68326
6697 68326
6698 68326
6699 68326
6700 68326
6701 68324
6702 68302
6703 68302
6704 68302
6705 68302
6706 68302
6707 68302
6708 68302
6709 68302
6710 68302
6711 68302
6712 68277
6713 68277
6714 68277
6715 68277
6716 68277
6717 68277
6718 68277
6719 68277
6720 68277
6721 68277
6722 68274
6723 68244
6724 68244
6725 68244
6726 68244
6727 68244
6728 68244
6729 68244
6730 68244
6731 68244
6732 68244
6733 68216
6734 68216
6735 68216
6736 68216
6737 68216
6738 68216
6739 68216
6740 68216
6741 68216
6742 68216
6743 68210
6744 68194
6745 68194
6746 68194
6747 68194
6748 68194
6749 68194
6750 68194
6751 68194
6752 68194
6753 68194
6754 68177
6755 68177
6756 68177
6757 68177
6758 68177
6759 68177
6760 68177
6761 68177
6762 68177
6763 68177
6764 68175
