1 10
2 2160
3 2160
4 2160
5 2160
6 2160
7 2160
8 2160
9 2160
10 2160
11 2160
12 2160
13 2160
14 2160
15 2160
16 2160
17 2160
18 2160
19 2160
20 2160
21 2160
22 2160
23 2160
24 2160
25 2160
26 2160
27 2160
28 2160
29 2160
30 2160
31 2160
32 2160
33 2160
34 2160
35 2160
36 2160
37 2160
38 2160
39 2160
40 2160
41 2160
42 2160
43 2160
44 2160
45 2160
46 2160
47 2160
48 2160
49 2160
50 2160
51 2160
52 2160
53 2160
54 2160
55 2160
56 2160
57 2160
58 2160
59 2160
60 2160
61 2160
62 2160
63 2160
64 2160
65 2160
66 2160
67 2160
68 2160
69 2160
70 2160
71 2160
72 2160
73 2160
74 2160
75 2160
76 2160
77 2160
78 2160
79 2160
80 2160
81 2160
82 2160
83 2160
84 2160
85 2160
86 2160
87 2160
88 2160
89 2160
90 2160
91 2160
92 2160
93 2160
94 2160
95 2160
96 2160
97 2160
98 2160
99 2160
100 2160
101 2160
102 2160
103 2160
104 2160
105 2160
106 2160
107 2160
108 2160
109 2160
110 2160
111 2160
112 2160
113 2160
114 2160
115 2160
116 2160
117 2160
118 2160
119 2160
120 2160
121 2160
122 2160
123 2160
124 2160
125 2160
126 2160
127 2160
128 2160
129 2160
130 2160
131 2160
132 2160
133 2160
134 2160
135 2160
136 2160
137 2160
138 2160
139 2160
140 2160
141 2160
142 2160
143 2160
144 2160
145 2160
146 2160
147 2160
148 2160
149 2160
150 2160
151 2160
152 2160
153 2160
154 2160
155 2160
156 2160
157 2160
158 2160
159 2160
160 2160
161 2160
162 2160
163 2160
164 2160
165 2160
166 2160
167 2160
168 2160
169 2160
170 2160
171 2160
172 2160
173 2160
174 2160
175 2160
176 2160
177 2160
178 2160
179 2160
180 2160
181 2160
182 2160
183 2160
184 2160
185 2160
186 2160
187 2160
188 2160
189 2160
190 2160
191 2160
192 2160
193 2160
194 2160
195 2160
196 2160
197 2160
198 2160
199 2160
200 2160
201 2160
202 2160
203 2160
204 2160
205 2160
206 2160
207 2160
208 2160
209 2160
210 2160
211 2160
212 2160
213 2160
214 2160
215 2160
216 2160
217 2160
218 2160
219 2160
220 2160
221 2160
222 2160
223 2160
224 2160
225 2160
226 2160
227 2160
228 2160
229 2160
230 2160
231 2160
232 2160
233 2160
234 2160
235 2160
236 2160
237 2160
238 2160
239 2160
240 2160
241 2160
242 2160
243 2160
244 2160
245 2160
246 2160
247 2160
248 2160
249 2160
250 2160
251 2160
252 2160
253 2160
254 2160
255 2160
256 2160
257 2160
258 2160
259 2160
260 2160
261 2160
262 2160
263 2160
264 2160
265 2160
266 2160
267 2160
268 2160
269 2160
270 2160
271 2160
272 2160
273 2160
274 2160
275 2160
276 2160
277 2160
278 2160
279 2160
280 2160
281 2160
282 2160
283 2160
284 2160
285 2160
286 2160
287 2160
288 2160
289 2160
290 2160
291 2160
292 2160
293 2160
294 2160
295 2160
296 2160
297 2160
298 2160
299 2160
300 2160
301 2160
302 2160
303 2160
304 2160
305 2160
306 2160
307 2160
308 2160
309 2160
310 2160
311 2160
312 2160
313 2160
314 2160
315 2160
316 2160
317 2160
318 2160
319 2160
320 2160
321 2160
322 2160
323 2160
324 2160
325 2160
326 2160
327 2160
328 2160
329 2160
330 2160
331 2160
332 2160
333 2160
334 2160
335 2160
336 2160
337 2160
338 2160
339 2160
340 2160
341 2160
342 2160
343 2160
344 2160
345 2160
346 2160
347 2160
348 2160
349 2160
350 2160
351 2160
352 2160
353 2160
354 2160
355 2160
356 2160
357 2160
358 2160
359 2160
360 2160
361 2160
362 2160
363 2160
364 2160
365 2160
366 2160
367 2160
368 2160
369 2160
370 2160
371 2160
372 2160
373 2160
374 2160
375 2160
376 2160
377 2160
378 2160
379 2160
380 2160
381 2160
382 2160
383 2160
384 2160
385 2160
386 2160
387 2160
388 2160
389 2160
390 2160
391 2160
392 2160
393 2160
394 2160
395 2160
396 2160
397 2160
398 2160
399 2160
400 2160
401 2160
402 2160
403 2160
404 2160
405 2160
406 2160
407 2160
408 2160
409 2160
410 2160
411 2160
412 2160
413 2160
414 2160
415 2160
416 2160
417 2160
418 2160
419 2160
420 2160
421 2160
422 2160
423 2160
424 2160
425 2160
426 2160
427 2160
428 2160
429 2160
430 2160
431 2160
432 2160
433 2160
434 2160
435 2160
436 2160
437 2160
438 2160
439 2160
440 2160
441 2160
442 2160
443 2160
444 2160
445 2160
446 2160
447 2160
448 2160
449 2160
450 2160
451 2160
452 2160
453 2160
454 2160
455 2160
456 2160
457 2160
458 2160
459 2160
460 2160
461 2160
462 2160
463 2160
464 2160
465 2160
466 2160
467 2160
468 2160
469 2160
470 2160
471 2160
472 2160
473 2160
474 2160
475 2160
476 2160
477 2160
478 2160
479 2160
480 2160
481 2160
482 2160
483 2160
484 2160
485 2160
486 2160
487 2160
488 2160
489 2160
490 2160
491 2160
492 2160
493 2160
494 2160
495 2160
496 2160
497 2160
498 2160
499 2160
500 2160
501 2160
502 2160
503 2160
504 2160
505 2160
506 2160
507 2160
508 2160
509 2160
510 2160
511 2160
512 2160
513 2160
514 2160
515 2160
516 2160
517 2160
518 2160
519 2160
520 2160
521 2160
522 2160
523 2160
524 2160
525 2160
526 2160
527 2160
528 2160
529 2160
530 2160
531 2160
532 2160
533 2160
534 2160
535 2160
536 2160
537 2160
538 2160
539 2160
540 2160
541 2160
542 2160
543 2160
544 2160
545 2160
546 2160
547 2160
548 2160
549 2160
550 2160
551 2160
552 2160
553 2160
554 2160
555 2160
556 2160
557 2160
558 2160
559 2160
560 2160
561 2160
562 2160
563 2160
564 2160
565 2160
566 2160
567 2160
568 2160
569 2160
570 2160
571 2160
572 2160
573 2160
574 2160
575 2160
576 2160
577 2160
578 2160
579 2160
580 2160
581 2160
582 2160
583 2160
584 2160
585 2160
586 2160
587 2160
588 2160
589 2160
590 2160
591 2160
592 2160
593 2160
594 2160
595 2160
596 2160
597 2160
598 2160
599 2160
600 2160
601 2160
602 2160
603 2160
604 2160
605 2160
606 2160
607 2160
608 2160
609 2160
610 2160
611 2160
612 2160
613 2160
614 2160
615 2160
616 2160
617 2160
618 2160
619 2160
620 2160
621 2160
622 2160
623 2160
624 2160
625 2160
626 2160
627 2160
628 2160
629 2160
630 2160
631 2160
632 2160
633 2160
634 2160
635 2160
636 2160
637 2160
638 2160
639 2160
640 2160
641 2160
642 2160
643 2160
644 2160
645 2160
646 2160
647 2160
648 2160
649 2160
650 2160
651 2160
652 2160
653 2160
654 2160
655 2160
656 2160
657 2160
658 2160
659 2160
660 2160
661 2160
662 2160
663 2160
664 2160
665 2160
666 2160
667 2160
668 2160
669 2160
670 2160
671 2160
672 2160
673 2160
674 2160
675 2160
676 2160
677 2160
678 2160
679 2160
680 2160
681 2160
682 2160
683 2160
684 2160
685 2160
686 2160
687 2160
688 2160
689 2160
690 2160
691 2160
692 2160
693 2160
694 2160
695 2160
696 2160
697 2160
698 2160
699 2160
700 2160
701 2160
702 2160
703 2160
704 2160
705 2160
706 2160
707 2160
708 2160
709 2160
710 2160
711 2160
712 2160
713 2160
714 2160
715 2160
716 2160
717 2160
718 2160
719 2160
720 2160
721 2160
722 2160
723 2160
724 2160
725 2160
726 2160
727 2160
728 2160
729 2160
730 2160
731 2160
732 2160
733 2160
734 2160
735 2160
736 2160
737 2160
738 2160
739 2160
740 2160
741 2160
742 2160
743 2160
744 2160
745 2160
746 2160
747 2160
748 2160
749 2160
750 2160
751 2160
752 2160
753 2160
754 2160
755 2160
756 2160
757 2160
758 2160
759 2160
760 2160
761 2160
762 2160
763 2160
764 2160
765 2160
766 2160
767 2160
768 2160
769 2160
770 2160
771 2160
772 2160
773 2160
774 2160
775 2160
776 2160
777 2160
778 2160
779 2160
780 2160
781 2160
782 2160
783 2160
784 2160
785 2160
786 2160
787 2160
788 2160
789 2160
790 2160
791 2160
792 2160
793 2160
794 2160
795 2160
796 2160
797 2160
798 2160
799 2160
800 2160
801 2160
802 2160
803 2160
804 2160
805 2160
806 2160
807 2160
808 2160
809 2160
810 2160
811 2160
812 2160
813 2160
814 2160
815 2160
816 2160
817 2160
818 2160
819 2160
820 2160
821 2160
822 2160
823 2160
824 2160
825 2160
826 2160
827 2160
828 2160
829 2160
830 2160
831 2160
832 2160
833 2160
834 2160
835 2160
836 2160
837 2160
838 2160
839 2160
840 2160
841 2160
842 2160
843 2160
844 2160
845 2160
846 2160
847 2160
848 2160
849 2160
850 2160
851 2160
852 2160
853 2160
854 2160
855 2160
856 2160
857 2160
858 2160
859 2160
860 2160
861 2160
862 2160
863 2160
864 2160
865 2160
866 2160
867 2160
868 2160
869 2160
870 2160
871 2160
872 2160
873 2160
874 2160
875 2160
876 2160
877 2160
878 2160
879 2160
880 2160
881 2160
882 2160
883 2160
884 2160
885 2160
886 2160
887 2160
888 2160
889 2160
890 2160
891 2160
892 2160
893 2160
894 2160
895 2160
896 2160
897 2160
898 2160
899 2160
900 2160
901 2160
902 2160
903 2160
904 2160
905 2160
906 2160
907 2160
908 2160
909 2160
910 2160
911 2160
912 2160
913 2160
914 2160
915 2160
916 2160
917 2160
918 2160
919 2160
920 2160
921 2160
922 2160
923 2160
924 2160
925 2160
926 2160
927 2160
928 2160
929 2160
930 2160
931 2160
932 2160
933 2160
934 2160
935 2160
936 2160
937 2160
938 2160
939 2160
940 2160
941 2160
942 2160
943 2160
944 2160
945 2160
946 2160
947 2160
948 2160
949 2160
950 2160
951 2160
952 2160
953 2160
954 2160
955 2160
956 2160
957 2160
958 2160
959 2160
960 2160
961 2160
962 2160
963 2160
964 2160
965 2160
966 2160
967 2160
968 2160
969 2160
970 2160
971 2160
972 2160
973 2160
974 2160
975 2160
976 2160
977 2160
978 2160
979 2160
980 2160
981 2160
982 2160
983 2160
984 2160
985 2160
986 2160
987 2160
988 2160
989 2160
990 2160
991 2160
992 2160
993 2160
994 2160
995 2160
996 2160
997 2160
998 2160
999 2160
1000 2160
1001 2160
1002 2160
1003 2160
1004 2160
1005 2160
1006 2160
1007 2160
1008 2160
1009 2160
1010 2160
1011 2160
1012 2160
1013 2160
1014 2160
1015 2160
1016 2160
1017 2160
1018 2160
1019 2160
1020 2160
1021 2160
1022 2160
1023 2160
1024 2160
1025 2160
1026 2160
1027 2160
1028 2160
1029 2160
1030 2160
1031 2160
1032 2160
1033 2160
1034 2160
1035 2160
1036 2160
1037 2160
1038 2160
1039 2160
1040 2160
1041 2160
1042 2160
1043 2160
1044 2160
1045 2160
1046 2160
1047 2160
1048 2160
1049 2160
1050 2160
1051 2160
1052 2160
1053 2160
1054 2160
1055 2160
1056 2160
1057 2160
1058 2160
1059 2160
1060 2160
1061 2160
1062 2160
1063 2160
1064 2160
1065 2160
1066 2160
1067 2160
1068 2160
1069 2160
1070 2160
1071 2160
1072 2160
1073 2160
1074 2160
1075 2160
1076 2160
1077 2160
1078 2160
1079 2160
1080 2160
1081 2160
1082 2160
1083 2160
1084 2160
1085 2160
1086 2160
1087 2160
1088 2160
1089 2160
1090 2160
1091 2160
1092 2160
1093 2160
1094 2160
1095 2160
1096 2160
1097 2160
1098 2160
1099 2160
1100 2160
1101 2160
1102 2160
1103 2160
1104 2160
1105 2160
1106 2160
1107 2160
1108 2160
1109 2160
1110 2160
1111 2160
1112 2160
1113 2160
1114 2160
1115 2160
1116 2160
1117 2160
1118 2160
1119 2160
1120 2160
1121 2160
1122 2160
1123 2160
1124 2160
1125 2160
1126 2160
1127 2160
1128 2160
1129 2160
1130 2160
1131 2160
1132 2160
1133 2160
1134 2160
1135 2160
1136 2160
1137 2160
1138 2160
1139 2160
1140 2160
1141 2160
1142 2160
1143 2160
1144 2160
1145 2160
1146 2160
1147 2160
1148 2160
1149 2160
1150 2160
1151 2160
1152 2160
1153 2160
1154 2160
1155 2160
1156 2160
1157 2160
1158 2160
1159 2160
1160 2160
1161 2160
1162 2160
1163 2160
1164 2160
1165 2160
1166 2160
1167 2160
1168 2160
1169 2160
1170 2160
1171 2160
1172 2160
1173 2160
1174 2160
1175 2160
1176 2160
1177 2160
1178 2160
1179 2160
1180 2160
1181 2160
1182 2160
1183 2160
1184 2160
1185 2160
1186 2160
1187 2160
1188 2160
1189 2160
1190 2160
1191 2160
1192 2160
1193 2160
1194 2160
1195 2160
1196 2160
1197 2160
1198 2160
1199 2160
1200 2160
1201 2160
1202 2160
1203 2160
1204 2160
1205 2160
1206 2160
1207 2160
1208 2160
1209 2160
1210 2160
1211 2160
1212 2160
1213 2160
1214 2160
1215 2160
1216 2160
1217 2160
1218 2160
1219 2160
1220 2160
1221 2160
1222 2160
1223 2160
1224 2160
1225 2160
1226 2160
1227 2160
1228 2160
1229 2160
1230 2160
1231 2160
1232 2160
1233 2160
1234 2160
1235 2160
1236 2160
1237 2160
1238 2160
1239 2160
1240 2160
1241 2160
1242 2160
1243 2160
1244 2160
1245 2160
1246 2160
1247 2160
1248 2160
1249 2160
1250 2160
1251 2160
1252 2160
1253 2160
1254 2160
1255 2160
1256 2160
1257 2160
1258 2160
1259 2160
1260 2160
1261 2160
1262 2160
1263 2160
1264 2160
1265 2160
1266 2160
1267 2160
1268 2160
1269 2160
1270 2160
1271 2160
1272 2160
1273 2160
1274 2160
1275 2160
1276 2160
1277 2160
1278 2160
1279 2160
1280 2160
1281 2160
1282 2160
1283 2160
1284 2160
1285 2160
1286 2160
1287 2160
1288 2160
1289 2160
1290 2160
1291 2160
1292 2160
1293 2160
1294 2160
1295 2160
1296 2160
1297 2160
1298 2160
1299 2160
1300 2160
1301 2160
1302 2160
1303 2160
1304 2160
1305 2160
1306 2160
1307 2160
1308 2160
1309 2160
1310 2160
1311 2160
1312 2160
1313 2160
1314 2160
1315 2160
1316 2160
1317 2160
1318 2160
1319 2160
1320 2160
1321 2160
1322 2160
1323 2160
1324 2160
1325 2160
1326 2160
1327 2160
1328 2160
1329 2160
1330 2160
1331 2160
1332 2160
1333 2160
1334 2160
1335 2160
1336 2160
1337 2160
1338 2160
1339 2160
1340 2160
1341 2160
1342 2160
1343 2160
1344 2160
1345 2160
1346 2160
1347 2160
1348 2160
1349 2160
1350 2160
1351 2160
1352 2160
1353 2160
1354 2160
1355 2160
1356 2160
1357 2160
1358 2160
1359 2160
1360 2160
1361 2160
1362 2160
1363 2160
1364 2160
1365 2160
1366 2160
1367 2160
1368 2160
1369 2160
1370 2160
1371 2160
1372 2160
1373 2160
1374 2160
1375 2160
1376 2160
1377 2160
1378 2160
1379 2160
1380 2160
1381 2160
1382 2160
1383 2160
1384 2160
1385 2160
1386 2160
1387 2160
1388 2160
1389 2160
1390 2160
1391 2160
1392 2160
1393 2160
1394 2160
1395 2160
1396 2160
1397 2160
1398 2160
1399 2160
1400 2160
1401 2160
1402 2160
1403 2160
1404 2160
1405 2160
1406 2160
1407 2160
1408 2160
1409 2160
1410 2160
1411 2160
1412 2160
1413 2160
1414 2160
1415 2160
1416 2160
1417 2160
1418 2160
1419 2160
1420 2160
1421 2160
1422 2160
1423 2160
1424 2160
1425 2160
1426 2160
1427 2160
1428 2160
1429 2160
1430 2160
1431 2160
1432 2160
1433 2160
1434 2160
1435 2160
1436 2160
1437 2160
1438 2160
1439 2160
1440 2160
1441 2160
1442 2160
1443 2160
1444 2160
1445 2160
1446 2160
1447 2160
1448 2160
1449 2160
1450 2160
1451 2160
1452 2160
1453 2160
1454 2160
1455 2160
1456 2160
1457 2160
1458 2160
1459 2160
1460 2160
1461 2160
1462 2160
1463 2160
1464 2160
1465 2160
1466 2160
1467 2160
1468 2160
1469 2160
1470 2160
1471 2160
1472 2160
1473 2160
1474 2160
1475 2160
1476 2160
1477 2160
1478 2160
1479 2160
1480 2160
1481 2160
1482 2160
1483 2160
1484 2160
1485 2160
1486 2160
1487 2160
1488 2160
1489 2160
1490 2160
1491 2160
1492 2160
1493 2160
1494 2160
1495 2160
1496 2160
1497 2160
1498 2160
1499 2160
1500 2160
1501 2160
1502 2160
1503 2160
1504 2160
1505 2160
1506 2160
1507 2160
1508 2160
1509 2160
1510 2160
1511 2160
1512 2160
1513 2160
1514 2160
1515 2160
1516 2160
1517 2160
1518 2160
1519 2160
1520 2160
1521 2160
1522 2160
1523 2160
1524 2160
1525 2160
1526 2160
1527 2160
1528 2160
1529 2160
1530 2160
1531 2160
1532 2160
1533 2160
1534 2160
1535 2160
1536 2160
1537 2160
1538 2160
1539 2160
1540 2160
1541 2160
1542 2160
1543 2160
1544 2160
1545 2160
1546 2160
1547 2160
1548 2160
1549 2160
1550 2160
1551 2160
1552 2160
1553 2160
1554 2160
1555 2160
1556 2160
1557 2160
1558 2160
1559 2160
1560 2160
1561 2160
1562 2160
1563 2160
1564 2160
1565 2160
1566 2160
1567 2160
1568 2160
1569 2160
1570 2160
1571 2160
1572 2160
1573 2160
1574 2160
1575 2160
1576 2160
1577 2160
1578 2160
1579 2160
1580 2160
1581 2160
1582 2160
1583 2160
1584 2160
1585 2160
1586 2160
1587 2160
1588 2160
1589 2160
1590 2160
1591 2160
1592 2160
1593 2160
1594 2160
1595 2160
1596 2160
1597 2160
1598 2160
1599 2160
1600 2160
1601 2160
1602 2160
1603 2160
1604 2160
1605 2160
1606 2160
1607 2160
1608 2160
1609 2160
1610 2160
1611 2160
1612 2160
1613 2160
1614 2160
1615 2160
1616 2160
1617 2160
1618 2160
1619 2160
1620 2160
1621 2160
1622 2160
1623 2160
1624 2160
1625 2160
1626 2160
1627 2160
1628 2160
1629 2160
1630 2160
1631 2160
1632 2160
1633 2160
1634 2160
1635 2160
1636 2160
1637 2160
1638 2160
1639 2160
1640 2160
1641 2160
1642 2160
1643 2160
1644 2160
1645 2160
1646 2160
1647 2160
1648 2160
1649 2160
1650 2160
1651 2160
1652 2160
1653 2160
1654 2160
1655 2160
1656 2160
1657 2160
1658 2160
1659 2160
1660 2160
1661 2160
1662 2160
1663 2160
1664 2160
1665 2160
1666 2160
1667 2160
1668 2160
1669 2160
1670 2160
1671 2160
1672 2160
1673 2160
1674 2160
1675 2160
1676 2160
1677 2160
1678 2160
1679 2160
1680 2160
1681 2160
1682 2160
1683 2160
1684 2160
1685 2160
1686 2160
1687 2160
1688 2160
1689 2160
1690 2160
1691 2160
1692 2160
1693 2160
1694 2160
1695 2160
1696 2160
1697 2160
1698 2160
1699 2160
1700 2160
1701 2160
1702 2160
1703 2160
1704 2160
1705 2160
1706 2160
1707 2160
1708 2160
1709 2160
1710 2160
1711 2160
1712 2160
1713 2160
1714 2160
1715 2160
1716 2160
1717 2160
1718 2160
1719 2160
1720 2160
1721 2160
1722 2160
1723 2160
1724 2160
1725 2160
1726 2160
1727 2160
1728 2160
1729 2160
1730 2160
1731 2160
1732 2160
1733 2160
1734 2160
1735 2160
1736 2160
1737 2160
1738 2160
1739 2160
1740 2160
1741 2160
1742 2160
1743 2160
1744 2160
1745 2160
1746 2160
1747 2160
1748 2160
1749 2160
1750 2160
1751 2160
1752 2160
1753 2160
1754 2160
1755 2160
1756 2160
1757 2160
1758 2160
1759 2160
1760 2160
1761 2160
1762 2160
1763 2160
1764 2160
1765 2160
1766 2160
1767 2160
1768 2160
1769 2160
1770 2160
1771 2160
1772 2160
1773 2160
1774 2160
1775 2160
1776 2160
1777 2160
1778 2160
1779 2160
1780 2160
1781 2160
1782 2160
1783 2160
1784 2160
1785 2160
1786 2160
1787 2160
1788 2160
1789 2160
1790 2160
1791 2160
1792 2160
1793 2160
1794 2160
1795 2160
1796 2160
1797 2160
1798 2160
1799 2160
1800 2160
1801 2160
1802 2160
1803 2160
1804 2160
1805 2160
1806 2160
1807 2160
1808 2160
1809 2160
1810 2160
1811 2160
1812 2160
1813 2160
1814 2160
1815 2160
1816 2160
1817 2160
1818 2160
1819 2160
1820 2160
1821 2160
1822 2160
1823 2160
1824 2160
1825 2160
1826 2160
1827 2160
1828 2160
1829 2160
1830 2160
1831 2160
1832 2160
1833 2160
1834 2160
1835 2160
1836 2160
1837 2160
1838 2160
1839 2160
1840 2160
1841 2160
1842 2160
1843 2160
1844 2160
1845 2160
1846 2160
1847 2160
1848 2160
1849 2160
1850 2160
1851 2160
1852 2160
1853 2160
1854 2160
1855 2160
1856 2160
1857 2160
1858 2160
1859 2160
1860 2160
1861 2160
1862 2160
1863 2160
1864 2160
1865 2160
1866 2160
1867 2160
1868 2160
1869 2160
1870 2160
1871 2160
1872 2160
1873 2160
1874 2160
1875 2160
1876 2160
1877 2160
1878 2160
1879 2160
1880 2160
1881 2160
1882 2160
1883 2160
1884 2160
1885 2160
1886 2160
1887 2160
1888 2160
1889 2160
1890 2160
1891 2160
1892 2160
1893 2160
1894 2160
1895 2160
1896 2160
1897 2160
1898 2160
1899 2160
1900 2160
1901 2160
1902 2160
1903 2160
1904 2160
1905 2160
1906 2160
1907 2160
1908 2160
1909 2160
1910 2160
1911 2160
1912 2160
1913 2160
1914 2160
1915 2160
1916 2160
1917 2160
1918 2160
1919 2160
1920 2160
1921 2160
1922 2160
1923 2160
1924 2160
1925 2160
1926 2160
1927 2160
1928 2160
1929 2160
1930 2160
1931 2160
1932 2160
1933 2160
1934 2160
1935 2160
1936 2160
1937 2160
1938 2160
1939 2160
1940 2160
1941 2160
1942 2160
1943 2160
1944 2160
1945 2160
1946 2160
1947 2160
1948 2160
1949 2160
1950 2160
1951 2160
1952 2160
1953 2160
1954 2160
1955 2160
1956 2160
1957 2160
1958 2160
1959 2160
1960 2160
1961 2160
1962 2160
1963 2160
1964 2160
1965 2160
1966 2160
1967 2160
1968 2160
1969 2160
1970 2160
1971 2160
1972 2160
1973 2160
1974 2160
1975 2160
1976 2160
1977 2160
1978 2160
1979 2160
1980 2160
1981 2160
1982 2160
1983 2160
1984 2160
1985 2160
1986 2160
1987 2160
1988 2160
1989 2160
1990 2160
1991 2160
1992 2160
1993 2160
1994 2160
1995 2160
1996 2160
1997 2160
1998 2160
1999 2160
2000 2160
2001 2160
2002 2160
2003 2160
2004 2160
2005 2160
2006 2160
2007 2160
2008 2160
2009 2160
2010 2160
2011 2160
2012 2160
2013 2160
2014 2160
2015 2160
2016 2160
2017 2160
2018 2160
2019 2160
2020 2160
2021 2160
2022 2160
2023 2160
2024 2160
2025 2160
2026 2160
2027 2160
2028 2160
2029 2160
2030 2160
2031 2160
2032 2160
2033 2160
2034 2160
2035 2160
2036 2160
2037 2160
2038 2160
2039 2160
2040 2160
2041 2160
2042 2160
2043 2160
2044 2160
2045 2160
2046 2160
2047 2160
2048 2160
2049 2160
2050 2160
2051 2160
2052 2160
2053 2160
2054 2160
2055 2160
2056 2160
2057 2160
2058 2160
2059 2160
2060 2160
2061 2160
2062 2160
2063 2160
2064 2160
2065 2160
2066 2160
2067 2160
2068 2160
2069 2160
2070 2160
2071 2160
2072 2160
2073 2160
2074 2160
2075 2160
2076 2160
2077 2160
2078 2160
2079 2160
2080 2160
2081 2160
2082 2160
2083 2160
2084 2160
2085 2160
2086 2160
2087 2160
2088 2160
2089 2160
2090 2160
2091 2160
2092 2160
2093 2160
2094 2160
2095 2160
2096 2160
2097 2160
2098 2160
2099 2160
2100 2160
2101 2160
2102 2160
2103 2160
2104 2160
2105 2160
2106 2160
2107 2160
2108 2160
2109 2160
2110 2160
2111 2160
2112 2160
2113 2160
2114 2160
2115 2160
2116 2160
2117 2160
2118 2160
2119 2160
2120 2160
2121 2160
2122 2160
2123 2160
2124 2160
2125 2160
2126 2160
2127 2160
2128 2160
2129 2160
2130 2160
2131 2160
2132 2160
2133 2160
2134 2160
2135 2160
2136 2160
2137 2160
2138 2160
2139 2160
2140 2160
2141 2160
2142 2160
2143 2160
2144 2160
2145 2160
2146 2160
2147 2160
2148 2160
2149 2160
2150 2160
2151 2160
2152 2160
2153 2160
2154 2160
2155 2160
2156 2160
2157 2160
2158 2160
2159 2160
2160 2160
2161 2160
2162 2160
2163 2160
2164 2160
2165 2160
2166 2160
2167 2160
2168 2160
2169 2160
2170 2160
2171 2160
2172 2160
2173 2160
2174 2160
2175 2160
2176 2160
2177 2160
2178 2160
2179 2160
2180 2160
2181 2160
2182 2160
2183 2160
2184 2160
2185 2160
2186 2160
2187 2160
2188 2160
2189 2160
2190 2160
2191 2160
2192 2160
2193 2160
2194 2160
2195 2160
2196 2160
2197 2160
2198 2160
2199 2160
2200 2160
2201 2160
2202 2160
2203 2160
2204 2160
2205 2160
2206 2160
2207 2160
2208 2160
2209 2160
2210 2160
2211 2160
2212 2160
2213 2160
2214 2160
2215 2160
2216 2160
2217 2160
2218 2160
2219 2160
2220 2160
2221 2160
2222 2160
2223 2160
2224 2160
2225 2160
2226 2160
2227 2160
2228 2160
2229 2160
2230 2160
2231 2160
2232 2160
2233 2160
2234 2160
2235 2160
2236 2160
2237 2160
2238 2160
2239 2160
2240 2160
2241 2160
2242 2160
2243 2160
2244 2160
2245 2160
2246 2160
2247 2160
2248 2160
2249 2160
2250 2160
2251 2160
2252 2160
2253 2160
2254 2160
2255 2160
2256 2160
2257 2160
2258 2160
2259 2160
2260 2160
2261 2160
2262 2160
2263 2160
2264 2160
2265 2160
2266 2160
2267 2160
2268 2160
2269 2160
2270 2160
2271 2160
2272 2160
2273 2160
2274 2160
2275 2160
2276 2160
2277 2160
2278 2160
2279 2160
2280 2160
2281 2160
2282 2160
2283 2160
2284 2160
2285 2160
2286 2160
2287 2160
2288 2160
2289 2160
2290 2160
2291 2160
2292 2160
2293 2160
2294 2160
2295 2160
2296 2160
2297 2160
2298 2160
2299 2160
2300 2160
2301 2160
2302 2160
2303 2160
2304 2160
2305 2160
2306 2160
2307 2160
2308 2160
2309 2160
2310 2160
2311 2160
2312 2160
2313 2160
2314 2160
2315 2160
2316 2160
2317 2160
2318 2160
2319 2160
2320 2160
2321 2160
2322 2160
2323 2160
2324 2160
2325 2160
2326 2160
2327 2160
2328 2160
2329 2160
2330 2160
2331 2160
2332 2160
2333 2160
2334 2160
2335 2160
2336 2160
2337 2160
2338 2160
2339 2160
2340 2160
2341 2160
2342 2160
2343 2160
2344 2160
2345 2160
2346 2160
2347 2160
2348 2160
2349 2160
2350 2160
2351 2160
2352 2160
2353 2160
2354 2160
2355 2160
2356 2160
2357 2160
2358 2160
2359 2160
2360 2160
2361 2160
2362 2160
2363 2160
2364 2160
2365 2160
2366 2160
2367 2160
2368 2160
2369 2160
2370 2160
2371 2160
2372 2160
2373 2160
2374 2160
2375 2160
2376 2160
2377 2160
2378 2160
2379 2160
2380 2160
2381 2160
2382 2160
2383 2160
2384 2160
2385 2160
2386 2160
2387 2160
2388 2160
2389 2160
2390 2160
2391 2160
2392 2160
2393 2160
2394 2160
2395 2160
2396 2160
2397 2160
2398 2160
2399 2160
2400 2160
2401 2160
2402 2160
2403 2160
2404 2160
2405 2160
2406 2160
2407 2160
2408 2160
2409 2160
2410 2160
2411 2160
2412 2160
2413 2160
2414 2160
2415 2160
2416 2160
2417 2160
2418 2160
2419 2160
2420 2160
2421 2160
2422 2160
2423 2160
2424 2160
2425 2160
2426 2160
2427 2160
2428 2160
2429 2160
2430 2160
2431 2160
2432 2160
2433 2160
2434 2160
2435 2160
2436 2160
2437 2160
2438 2160
2439 2160
2440 2160
2441 2160
2442 2160
2443 2160
2444 2160
2445 2160
2446 2160
2447 2160
2448 2160
2449 2160
2450 2160
2451 2160
2452 2160
2453 2160
2454 2160
2455 2160
2456 2160
2457 2160
2458 2160
2459 2160
2460 2160
2461 2160
2462 2160
2463 2160
2464 2160
2465 2160
2466 2160
2467 2160
2468 2160
2469 2160
2470 2160
2471 2160
2472 2160
2473 2160
2474 2160
2475 2160
2476 2160
2477 2160
2478 2160
2479 2160
2480 2160
2481 2160
2482 2160
2483 2160
2484 2160
2485 2160
2486 2160
2487 2160
2488 2160
2489 2160
2490 2160
2491 2160
2492 2160
2493 2160
2494 2160
2495 2160
2496 2160
2497 2160
2498 2160
2499 2160
2500 2160
2501 2160
2502 2160
2503 2160
2504 2160
2505 2160
2506 2160
2507 2160
2508 2160
2509 2160
2510 2160
2511 2160
2512 2160
2513 2160
2514 2160
2515 2160
2516 2160
2517 2160
2518 2160
2519 2160
2520 2160
2521 2160
2522 2160
2523 2160
2524 2160
2525 2160
2526 2160
2527 2160
2528 2160
2529 2160
2530 2160
2531 2160
2532 2160
2533 2160
2534 2160
2535 2160
2536 2160
2537 2160
2538 2160
2539 2160
2540 2160
2541 2160
2542 2160
2543 2160
2544 2160
2545 2160
2546 2160
2547 2160
2548 2160
2549 2160
2550 2160
2551 2160
2552 2160
2553 2160
2554 2160
2555 2160
2556 2160
2557 2160
2558 2160
2559 2160
2560 2160
2561 2160
2562 2160
2563 2160
2564 2160
2565 2160
2566 2160
2567 2160
2568 2160
2569 2160
2570 2160
2571 2160
2572 2160
2573 2160
2574 2160
2575 2160
2576 2160
2577 2160
2578 2160
2579 2160
2580 2160
2581 2160
2582 2160
2583 2160
2584 2160
2585 2160
2586 2160
2587 2160
2588 2160
2589 2160
2590 2160
2591 2160
2592 2160
2593 2160
2594 2160
2595 2160
2596 2160
2597 2160
2598 2160
2599 2160
2600 2160
2601 2160
2602 2160
2603 2160
2604 2160
2605 2160
2606 2160
2607 2160
2608 2160
2609 2160
2610 2160
2611 2160
2612 2160
2613 2160
2614 2160
2615 2160
2616 2160
2617 2160
2618 2160
2619 2160
2620 2160
2621 2160
2622 2160
2623 2160
2624 2160
2625 2160
2626 2160
2627 2160
2628 2160
2629 2160
2630 2160
2631 2160
2632 2160
2633 2160
2634 2160
2635 2160
2636 2160
2637 2160
2638 2160
2639 2160
2640 2160
2641 2160
2642 2160
2643 2160
2644 2160
2645 2160
2646 2160
2647 2160
2648 2160
2649 2160
2650 2160
2651 2160
2652 2160
2653 2160
2654 2160
2655 2160
2656 2160
2657 2160
2658 2160
2659 2160
2660 2160
2661 2160
2662 2160
2663 2160
2664 2160
2665 2160
2666 2160
2667 2160
2668 2160
2669 2160
2670 2160
2671 2160
2672 2160
2673 2160
2674 2160
2675 2160
2676 2160
2677 2160
2678 2160
2679 2160
2680 2160
2681 2160
2682 2160
2683 2160
2684 2160
2685 2160
2686 2160
2687 2160
2688 2160
2689 2160
2690 2160
2691 2160
2692 2160
2693 2160
2694 2160
2695 2160
2696 2160
2697 2160
2698 2160
2699 2160
2700 2160
2701 2160
2702 2160
2703 2160
2704 2160
2705 2160
2706 2160
2707 2160
2708 2160
2709 2160
2710 2160
2711 2160
2712 2160
2713 2160
2714 2160
2715 2160
2716 2160
2717 2160
2718 2160
2719 2160
2720 2160
2721 2160
2722 2160
2723 2160
2724 2160
2725 2160
2726 2160
2727 2160
2728 2160
2729 2160
2730 2160
2731 2160
2732 2160
2733 2160
2734 2160
2735 2160
2736 2160
2737 2160
2738 2160
2739 2160
2740 2160
2741 2160
2742 2160
2743 2160
2744 2160
2745 2160
2746 2160
2747 2160
2748 2160
2749 2160
2750 2160
2751 2160
2752 2160
2753 2160
2754 2160
2755 2160
2756 2160
2757 2160
2758 2160
2759 2160
2760 2160
2761 2160
2762 2160
2763 2160
2764 2160
2765 2160
2766 2160
2767 2160
2768 2160
2769 2160
2770 2160
2771 2160
2772 2160
2773 2160
2774 2160
2775 2160
2776 2160
2777 2160
2778 2160
2779 2160
2780 2160
2781 2160
2782 2160
2783 2160
2784 2160
2785 2160
2786 2160
2787 2160
2788 2160
2789 2160
2790 2160
2791 2160
2792 2160
2793 2160
2794 2160
2795 2160
2796 2160
2797 2160
2798 2160
2799 2160
2800 2160
2801 2160
2802 2160
2803 2160
2804 2160
2805 2160
2806 2160
2807 2160
2808 2160
2809 2160
2810 2160
2811 2160
2812 2160
2813 2160
2814 2160
2815 2160
2816 2160
2817 2160
2818 2160
2819 2160
2820 2160
2821 2160
2822 2160
2823 2160
2824 2160
2825 2160
2826 2160
2827 2160
2828 2160
2829 2160
2830 2160
2831 2160
2832 2160
2833 2160
2834 2160
2835 2160
2836 2160
2837 2160
2838 2160
2839 2160
2840 2160
2841 2160
2842 2160
2843 2160
2844 2160
2845 2160
2846 2160
2847 2160
2848 2160
2849 2160
2850 2160
2851 2160
2852 2160
2853 2160
2854 2160
2855 2160
2856 2160
2857 2160
2858 2160
2859 2160
2860 2160
2861 2160
2862 2160
2863 2160
2864 2160
2865 2160
2866 2160
2867 2160
2868 2160
2869 2160
2870 2160
2871 2160
2872 2160
2873 2160
2874 2160
2875 2160
2876 2160
2877 2160
2878 2160
2879 2160
2880 2160
2881 2160
2882 2160
2883 2160
2884 2160
2885 2160
2886 2160
2887 2160
2888 2160
2889 2160
2890 2160
2891 2160
2892 2160
2893 2160
2894 2160
2895 2160
2896 2160
2897 2160
2898 2160
2899 2160
2900 2160
2901 2160
2902 2160
2903 2160
2904 2160
2905 2160
2906 2160
2907 2160
2908 2160
2909 2160
2910 2160
2911 2160
2912 2160
2913 2160
2914 2160
2915 2160
2916 2160
2917 2160
2918 2160
2919 2160
2920 2160
2921 2160
2922 2160
2923 2160
2924 2160
2925 2160
2926 2160
2927 2160
2928 2160
2929 2160
2930 2160
2931 2160
2932 2160
2933 2160
2934 2160
2935 2160
2936 2160
2937 2160
2938 2160
2939 2160
2940 2160
2941 2160
2942 2160
2943 2160
2944 2160
2945 2160
2946 2160
2947 2160
2948 2160
2949 2160
2950 2160
2951 2160
2952 2160
2953 2160
2954 2160
2955 2160
2956 2160
2957 2160
2958 2160
2959 2160
2960 2160
2961 2160
2962 2160
2963 2160
2964 2160
2965 2160
2966 2160
2967 2160
2968 2160
2969 2160
2970 2160
2971 2160
2972 2160
2973 2160
2974 2160
2975 2160
2976 2160
2977 2160
2978 2160
2979 2160
2980 2160
2981 2160
2982 2160
2983 2160
2984 2160
2985 2160
2986 2160
2987 2160
2988 2160
2989 2160
2990 2160
2991 2160
2992 2160
2993 2160
2994 2160
2995 2160
2996 2160
2997 2160
2998 2160
2999 2160
3000 2160
3001 2160
3002 2160
3003 2160
3004 2160
3005 2160
3006 2160
3007 2160
3008 2160
3009 2160
3010 2160
3011 2160
3012 2160
3013 2160
3014 2160
3015 2160
3016 2160
3017 2160
3018 2160
3019 2160
3020 2160
3021 2160
3022 2160
3023 2160
3024 2160
3025 2160
3026 2160
3027 2160
3028 2160
3029 2160
3030 2160
3031 2160
3032 2160
3033 2160
3034 2160
3035 2160
3036 2160
3037 2160
3038 2160
3039 2160
3040 2160
3041 2160
3042 2160
3043 2160
3044 2160
3045 2160
3046 2160
3047 2160
3048 2160
3049 2160
3050 2160
3051 2160
3052 2160
3053 2160
3054 2160
3055 2160
3056 2160
3057 2160
3058 2160
3059 2160
3060 2160
3061 2160
3062 2160
3063 2160
3064 2160
3065 2160
3066 2160
3067 2160
3068 2160
3069 2160
3070 2160
3071 2160
3072 2160
3073 2160
3074 2160
3075 2160
3076 2160
3077 2160
3078 2160
3079 2160
3080 2160
3081 2160
3082 2160
3083 2160
3084 2159
3085 2159
3086 2159
3087 2159
3088 2159
3089 2159
3090 2159
3091 2159
3092 2159
3093 2159
3094 2155
3095 2152
3096 2152
3097 2152
3098 2151
3099 2151
3100 2151
3101 2151
3102 2151
3103 2151
3104 2151
3105 2151
3106 2151
3107 2151
3108 2151
3109 2151
3110 2151
3111 2150
3112 2150
3113 2149
3114 2149
3115 2149
3116 2149
3117 2149
3118 2149
3119 2148
3120 2148
3121 2148
3122 2148
3123 2148
3124 2148
3125 2148
3126 2148
3127 2148
3128 2148
3129 2147
3130 2147
3131 2147
3132 2146
3133 2146
3134 2146
3135 2145
3136 2145
3137 2145
3138 2145
3139 2145
3140 2145
3141 2145
3142 2145
3143 2145
3144 2145
3145 2145
3146 2145
3147 2145
3148 2145
3149 2145
3150 2145
3151 2145
3152 2145
3153 2145
3154 2145
3155 2145
3156 2144
3157 2143
3158 2143
3159 2143
3160 2143
3161 2140
3162 2138
3163 2135
3164 2135
3165 2135
3166 2135
3167 2134
3168 2134
3169 2134
3170 2134
3171 2134
3172 2134
3173 2134
3174 2134
3175 2134
3176 2134
3177 2134
3178 2134
3179 2134
3180 2134
3181 2134
3182 2133
3183 2133
3184 2133
3185 2133
3186 2133
3187 2133
3188 2133
3189 2133
3190 2133
3191 2133
3192 2133
3193 2133
3194 2133
3195 2133
3196 2133
3197 2133
3198 2133
3199 2133
3200 2133
3201 2133
3202 2133
3203 2133
3204 2133
3205 2132
3206 2132
3207 2131
3208 2131
3209 2131
3210 2131
3211 2131
3212 2130
3213 2130
3214 2130
3215 2130
3216 2130
3217 2130
3218 2130
3219 2130
3220 2130
3221 2130
3222 2130
3223 2130
3224 2130
3225 2130
3226 2127
3227 2118
3228 2112
3229 2112
3230 2112
3231 2111
3232 2111
3233 2111
3234 2111
3235 2111
3236 2111
3237 2111
3238 2111
3239 2111
3240 2111
3241 2111
3242 2111
3243 2111
3244 2110
3245 2110
3246 2110
3247 2110
3248 2110
3249 2110
3250 2110
3251 2110
3252 2110
3253 2110
3254 2110
3255 2109
3256 2109
3257 2109
3258 2109
3259 2109
3260 2109
3261 2109
3262 2109
3263 2109
3264 2108
3265 2108
3266 2108
3267 2108
3268 2108
3269 2108
3270 2108
3271 2108
3272 2108
3273 2108
3274 2108
3275 2107
3276 2107
3277 2107
3278 2107
3279 2107
3280 2107
3281 2106
3282 2106
3283 2106
3284 2106
3285 2106
3286 2106
3287 2106
3288 2106
3289 2098
3290 2096
3291 2090
3292 2090
3293 2090
3294 2090
3295 2090
3296 2089
3297 2089
3298 2088
3299 2087
3300 2087
3301 2087
3302 2087
3303 2087
3304 2087
3305 2087
3306 2087
3307 2087
3308 2087
3309 2087
3310 2087
3311 2086
3312 2086
3313 2086
3314 2086
3315 2086
3316 2086
3317 2086
3318 2086
3319 2086
3320 2086
3321 2086
3322 2086
3323 2086
3324 2086
3325 2086
3326 2086
3327 2086
3328 2086
3329 2085
3330 2085
3331 2085
3332 2085
3333 2085
3334 2085
3335 2085
3336 2085
3337 2085
3338 2085
3339 2085
3340 2085
3341 2085
3342 2085
3343 2085
3344 2085
3345 2084
3346 2084
3347 2084
3348 2084
3349 2083
3350 2076
3351 2070
3352 2067
3353 2067
3354 2066
3355 2066
3356 2066
3357 2066
3358 2066
3359 2066
3360 2066
3361 2066
3362 2066
3363 2065
3364 2065
3365 2065
3366 2065
3367 2065
3368 2064
3369 2064
3370 2064
3371 2064
3372 2064
3373 2063
3374 2062
3375 2062
3376 2062
3377 2062
3378 2062
3379 2062
3380 2062
3381 2062
3382 2061
3383 2061
3384 2061
3385 2061
3386 2061
3387 2061
3388 2061
3389 2061
3390 2061
3391 2061
3392 2061
3393 2061
3394 2061
3395 2061
3396 2061
3397 2061
3398 2061
3399 2061
3400 2060
3401 2060
3402 2060
3403 2060
3404 2060
3405 2060
3406 2060
3407 2060
3408 2060
3409 2058
3410 2046
3411 2040
3412 2034
3413 2034
3414 2034
3415 2034
3416 2033
3417 2033
3418 2033
3419 2033
3420 2033
3421 2033
3422 2033
3423 2032
3424 2032
3425 2032
3426 2032
3427 2031
3428 2031
3429 2031
3430 2031
3431 2031
3432 2031
3433 2031
3434 2031
3435 2031
3436 2031
3437 2031
3438 2031
3439 2031
3440 2031
3441 2031
3442 2031
3443 2031
3444 2031
3445 2031
3446 2030
3447 2030
3448 2030
3449 2029
3450 2029
3451 2029
3452 2029
3453 2029
3454 2029
3455 2029
3456 2029
3457 2029
3458 2029
3459 2029
3460 2029
3461 2029
3462 2029
3463 2029
3464 2029
3465 2029
3466 2029
3467 2029
3468 2027
3469 2019
3470 2012
3471 2000
3472 2000
3473 2000
3474 2000
3475 1999
3476 1999
3477 1999
3478 1997
3479 1997
3480 1997
3481 1996
3482 1996
3483 1996
3484 1996
3485 1996
3486 1996
3487 1996
3488 1996
3489 1995
3490 1995
3491 1995
3492 1995
3493 1995
3494 1995
3495 1995
3496 1995
3497 1995
3498 1995
3499 1995
3500 1995
3501 1995
3502 1995
3503 1995
3504 1995
3505 1995
3506 1994
3507 1994
3508 1993
3509 1992
3510 1992
3511 1992
3512 1992
3513 1992
3514 1990
3515 1990
3516 1990
3517 1990
3518 1989
3519 1989
3520 1989
3521 1989
3522 1989
3523 1989
3524 1989
3525 1989
3526 1989
3527 1989
3528 1989
3529 1989
3530 1988
3531 1977
3532 1963
3533 1954
3534 1954
3535 1954
3536 1954
3537 1954
3538 1954
3539 1954
3540 1954
3541 1954
3542 1954
3543 1954
3544 1954
3545 1954
3546 1954
3547 1954
3548 1954
3549 1954
3550 1954
3551 1954
3552 1953
3553 1951
3554 1951
3555 1951
3556 1951
3557 1951
3558 1951
3559 1951
3560 1951
3561 1950
3562 1950
3563 1950
3564 1949
3565 1949
3566 1949
3567 1949
3568 1949
3569 1949
3570 1949
3571 1947
3572 1947
3573 1947
3574 1947
3575 1946
3576 1946
3577 1946
3578 1946
3579 1946
3580 1946
3581 1946
3582 1946
3583 1945
3584 1945
3585 1937
3586 1929
3587 1919
3588 1919
3589 1919
3590 1919
3591 1919
3592 1919
3593 1919
3594 1919
3595 1919
3596 1919
3597 1919
3598 1919
3599 1919
3600 1916
3601 1916
3602 1916
3603 1916
3604 1916
3605 1916
3606 1916
3607 1915
3608 1914
3609 1914
3610 1914
3611 1914
3612 1914
3613 1914
3614 1914
3615 1914
3616 1914
3617 1914
3618 1914
3619 1913
3620 1913
3621 1912
3622 1912
3623 1912
3624 1911
3625 1910
3626 1906
3627 1889
3628 1868
3629 1868
3630 1867
3631 1867
3632 1867
3633 1867
3634 1867
3635 1867
3636 1867
3637 1867
3638 1867
3639 1865
3640 1865
3641 1865
3642 1865
3643 1863
3644 1863
3645 1863
3646 1863
3647 1863
3648 1863
3649 1863
3650 1863
3651 1863
3652 1863
3653 1863
3654 1863
3655 1863
3656 1863
3657 1859
3658 1834
3659 1829
3660 1829
3661 1829
3662 1829
3663 1829
3664 1829
3665 1829
3666 1829
3667 1829
3668 1829
3669 1829
3670 1829
3671 1829
3672 1829
3673 1829
3674 1829
3675 1829
3676 1829
3677 1829
3678 1829
3679 1829
3680 1829
3681 1829
3682 1829
3683 1829
3684 1829
3685 1823
3686 1801
3687 1787
3688 1787
3689 1787
3690 1787
3691 1787
3692 1787
3693 1787
3694 1787
3695 1787
3696 1787
3697 1787
3698 1787
3699 1787
3700 1787
3701 1787
3702 1787
3703 1787
3704 1787
3705 1787
3706 1787
3707 1787
3708 1787
3709 1787
3710 1787
3711 1787
3712 1787
3713 1787
3714 1787
3715 1787
3716 1787
3717 1787
3718 1787
3719 1787
3720 1787
3721 1787
3722 1770
3723 1748
3724 1748
3725 1748
3726 1748
3727 1748
3728 1748
3729 1748
3730 1748
3731 1748
3732 1748
3733 1748
3734 1748
3735 1748
3736 1748
3737 1748
3738 1748
3739 1748
3740 1748
3741 1748
3742 1748
3743 1748
3744 1748
3745 1748
3746 1748
3747 1748
3748 1748
3749 1748
3750 1748
3751 1748
3752 1748
3753 1748
3754 1748
3755 1748
3756 1748
3757 1748
3758 1748
3759 1748
3760 1748
3761 1748
3762 1748
3763 1748
3764 1748
3765 1748
3766 1748
3767 1748
3768 1748
3769 1748
3770 1748
3771 1748
3772 1736
3773 1713
3774 1710
3775 1710
3776 1710
3777 1710
3778 1710
3779 1710
3780 1710
3781 1710
3782 1710
3783 1710
3784 1710
3785 1710
3786 1710
3787 1710
3788 1710
3789 1710
3790 1710
3791 1710
3792 1710
3793 1710
3794 1710
3795 1710
3796 1710
3797 1710
3798 1710
3799 1710
3800 1710
3801 1710
3802 1710
3803 1710
3804 1710
3805 1710
3806 1710
3807 1710
3808 1710
3809 1710
3810 1710
3811 1710
3812 1710
3813 1710
3814 1710
3815 1710
3816 1710
3817 1710
3818 1710
3819 1710
3820 1710
3821 1710
3822 1710
3823 1710
3824 1710
3825 1695
3826 1686
3827 1676
3828 1672
3829 1672
3830 1672
3831 1672
3832 1672
3833 1672
3834 1672
3835 1672
3836 1672
3837 1672
3838 1672
3839 1672
3840 1672
3841 1672
3842 1672
3843 1672
3844 1672
3845 1672
3846 1672
3847 1672
3848 1672
3849 1672
3850 1672
3851 1672
3852 1672
3853 1672
3854 1672
3855 1672
3856 1672
3857 1672
3858 1672
3859 1672
3860 1672
3861 1672
3862 1672
3863 1672
3864 1672
3865 1672
3866 1672
3867 1672
3868 1672
3869 1672
3870 1672
3871 1672
3872 1672
3873 1672
3874 1672
3875 1672
3876 1672
3877 1672
3878 1672
3879 1672
3880 1672
3881 1658
3882 1651
3883 1644
3884 1644
3885 1644
3886 1644
3887 1644
3888 1644
3889 1644
3890 1644
3891 1644
3892 1644
3893 1644
3894 1644
3895 1644
3896 1644
3897 1644
3898 1644
3899 1644
3900 1644
3901 1644
3902 1644
3903 1644
3904 1644
3905 1644
3906 1644
3907 1644
3908 1644
3909 1644
3910 1644
3911 1644
3912 1644
3913 1644
3914 1644
3915 1644
3916 1644
3917 1644
3918 1644
3919 1644
3920 1644
3921 1644
3922 1644
3923 1644
3924 1644
3925 1644
3926 1644
3927 1644
3928 1644
3929 1644
3930 1644
3931 1644
3932 1644
3933 1644
3934 1644
3935 1644
3936 1644
3937 1644
3938 1644
3939 1644
3940 1627
3941 1607
3942 1607
3943 1607
3944 1607
3945 1607
3946 1607
3947 1607
3948 1607
3949 1607
3950 1607
3951 1607
3952 1607
3953 1607
3954 1607
3955 1607
3956 1607
3957 1607
3958 1607
3959 1607
3960 1607
3961 1607
3962 1607
3963 1607
3964 1607
3965 1607
3966 1607
3967 1607
3968 1607
3969 1607
3970 1607
3971 1607
3972 1607
3973 1607
3974 1607
3975 1607
3976 1607
3977 1607
3978 1607
3979 1607
3980 1607
3981 1607
3982 1607
3983 1607
3984 1607
3985 1607
3986 1607
3987 1578
3988 1568
3989 1568
3990 1568
3991 1568
3992 1568
3993 1568
3994 1568
3995 1568
3996 1568
3997 1568
3998 1568
3999 1568
4000 1568
4001 1568
4002 1568
4003 1568
4004 1568
4005 1568
4006 1568
4007 1568
4008 1568
4009 1568
4010 1568
4011 1568
4012 1568
4013 1568
4014 1568
4015 1568
4016 1568
4017 1568
4018 1568
4019 1568
4020 1568
4021 1568
4022 1568
4023 1568
4024 1568
4025 1568
4026 1568
4027 1568
4028 1568
4029 1568
4030 1568
4031 1568
4032 1568
4033 1568
4034 1568
4035 1568
4036 1568
4037 1568
4038 1568
4039 1558
4040 1545
4041 1533
4042 1529
4043 1529
4044 1529
4045 1529
4046 1529
4047 1529
4048 1529
4049 1529
4050 1529
4051 1529
4052 1529
4053 1529
4054 1529
4055 1529
4056 1529
4057 1529
4058 1529
4059 1529
4060 1529
4061 1529
4062 1529
4063 1529
4064 1529
4065 1529
4066 1529
4067 1529
4068 1529
4069 1529
4070 1529
4071 1529
4072 1529
4073 1529
4074 1529
4075 1529
4076 1529
4077 1529
4078 1529
4079 1529
4080 1529
4081 1529
4082 1529
4083 1529
4084 1529
4085 1529
4086 1529
4087 1529
4088 1529
4089 1529
4090 1529
4091 1529
4092 1529
4093 1529
4094 1526
4095 1516
4096 1511
4097 1501
4098 1501
4099 1501
4100 1501
4101 1501
4102 1501
4103 1501
4104 1501
4105 1501
4106 1501
4107 1501
4108 1501
4109 1501
4110 1501
4111 1501
4112 1501
4113 1501
4114 1501
4115 1501
4116 1501
4117 1501
4118 1501
4119 1501
4120 1501
4121 1501
4122 1501
4123 1501
4124 1501
4125 1501
4126 1501
4127 1501
4128 1501
4129 1501
4130 1501
4131 1501
4132 1501
4133 1501
4134 1501
4135 1501
4136 1501
4137 1501
4138 1501
4139 1501
4140 1501
4141 1501
4142 1501
4143 1501
4144 1501
4145 1501
4146 1501
4147 1501
4148 1501
4149 1501
4150 1501
4151 1501
4152 1501
4153 1501
4154 1501
4155 1501
4156 1501
4157 1494
4158 1480
4159 1470
4160 1468
4161 1468
4162 1468
4163 1468
4164 1468
4165 1468
4166 1468
4167 1468
4168 1468
4169 1468
4170 1468
4171 1468
4172 1468
4173 1468
4174 1468
4175 1468
4176 1468
4177 1468
4178 1468
4179 1468
4180 1468
4181 1468
4182 1468
4183 1468
4184 1468
4185 1468
4186 1468
4187 1468
4188 1468
4189 1468
4190 1468
4191 1468
4192 1468
4193 1468
4194 1468
4195 1468
4196 1468
4197 1468
4198 1468
4199 1468
4200 1468
4201 1468
4202 1468
4203 1468
4204 1468
4205 1468
4206 1468
4207 1468
4208 1468
4209 1468
4210 1468
4211 1468
4212 1468
4213 1468
4214 1468
4215 1468
4216 1468
4217 1468
4218 1468
4219 1468
4220 1451
4221 1444
4222 1432
4223 1432
4224 1432
4225 1432
4226 1432
4227 1432
4228 1432
4229 1432
4230 1432
4231 1432
4232 1432
4233 1432
4234 1432
4235 1432
4236 1432
4237 1432
4238 1432
4239 1432
4240 1432
4241 1432
4242 1432
4243 1432
4244 1432
4245 1432
4246 1432
4247 1432
4248 1432
4249 1432
4250 1432
4251 1432
4252 1432
4253 1432
4254 1432
4255 1432
4256 1432
4257 1432
4258 1432
4259 1432
4260 1432
4261 1432
4262 1432
4263 1432
4264 1432
4265 1432
4266 1432
4267 1432
4268 1432
4269 1432
4270 1432
4271 1432
4272 1432
4273 1432
4274 1432
4275 1432
4276 1432
4277 1432
4278 1432
4279 1432
4280 1432
4281 1432
4282 1432
4283 1432
4284 1432
4285 1432
4286 1423
4287 1418
4288 1406
4289 1402
4290 1402
4291 1402
4292 1402
4293 1402
4294 1402
4295 1402
4296 1402
4297 1402
4298 1402
4299 1402
4300 1402
4301 1402
4302 1402
4303 1402
4304 1402
4305 1402
4306 1402
4307 1402
4308 1402
4309 1402
4310 1402
4311 1402
4312 1402
4313 1402
4314 1402
4315 1402
4316 1402
4317 1402
4318 1402
4319 1402
4320 1402
4321 1402
4322 1402
4323 1402
4324 1402
4325 1402
4326 1402
4327 1402
4328 1402
4329 1402
4330 1402
4331 1402
4332 1402
4333 1402
4334 1402
4335 1402
4336 1402
4337 1402
4338 1402
4339 1402
4340 1402
4341 1402
4342 1402
4343 1402
4344 1402
4345 1402
4346 1402
4347 1402
4348 1402
4349 1400
4350 1387
4351 1381
4352 1361
4353 1361
4354 1361
4355 1361
4356 1361
4357 1361
4358 1361
4359 1361
4360 1361
4361 1361
4362 1361
4363 1361
4364 1361
4365 1361
4366 1361
4367 1361
4368 1361
4369 1361
4370 1361
4371 1361
4372 1361
4373 1361
4374 1361
4375 1361
4376 1361
4377 1361
4378 1361
4379 1361
4380 1361
4381 1361
4382 1361
4383 1361
4384 1361
4385 1361
4386 1361
4387 1361
4388 1361
4389 1361
4390 1361
4391 1361
4392 1361
4393 1361
4394 1361
4395 1361
4396 1361
4397 1361
4398 1361
4399 1361
4400 1361
4401 1361
4402 1361
4403 1361
4404 1361
4405 1361
4406 1361
4407 1361
4408 1354
4409 1342
4410 1338
4411 1333
4412 1333
4413 1333
4414 1333
4415 1333
4416 1333
4417 1333
4418 1333
4419 1333
4420 1333
4421 1333
4422 1333
4423 1333
4424 1333
4425 1333
4426 1333
4427 1333
4428 1333
4429 1333
4430 1333
4431 1333
4432 1333
4433 1333
4434 1333
4435 1333
4436 1333
4437 1333
4438 1333
4439 1333
4440 1333
4441 1333
4442 1333
4443 1333
4444 1333
4445 1333
4446 1333
4447 1333
4448 1333
4449 1333
4450 1333
4451 1333
4452 1333
4453 1333
4454 1333
4455 1333
4456 1333
4457 1333
4458 1333
4459 1333
4460 1333
4461 1333
4462 1333
4463 1333
4464 1333
4465 1333
4466 1333
4467 1333
4468 1333
4469 1333
4470 1333
4471 1332
4472 1322
4473 1313
4474 1304
4475 1304
4476 1304
4477 1304
4478 1304
4479 1304
4480 1304
4481 1304
4482 1304
4483 1304
4484 1304
4485 1304
4486 1304
4487 1304
4488 1304
4489 1304
4490 1304
4491 1304
4492 1304
4493 1304
4494 1304
4495 1304
4496 1304
4497 1304
4498 1304
4499 1304
4500 1304
4501 1304
4502 1304
4503 1304
4504 1304
4505 1304
4506 1304
4507 1304
4508 1304
4509 1304
4510 1304
4511 1304
4512 1304
4513 1304
4514 1304
4515 1304
4516 1304
4517 1304
4518 1304
4519 1304
4520 1304
4521 1304
4522 1304
4523 1304
4524 1304
4525 1304
4526 1304
4527 1304
4528 1304
4529 1304
4530 1304
4531 1304
4532 1304
4533 1304
4534 1304
4535 1295
4536 1283
4537 1270
4538 1265
4539 1265
4540 1265
4541 1265
4542 1265
4543 1265
4544 1265
4545 1265
4546 1265
4547 1265
4548 1265
4549 1265
4550 1265
4551 1265
4552 1265
4553 1265
4554 1265
4555 1265
4556 1265
4557 1265
4558 1265
4559 1265
4560 1265
4561 1265
4562 1265
4563 1265
4564 1265
4565 1265
4566 1265
4567 1265
4568 1265
4569 1265
4570 1265
4571 1265
4572 1265
4573 1265
4574 1265
4575 1265
4576 1265
4577 1265
4578 1265
4579 1265
4580 1265
4581 1265
4582 1265
4583 1265
4584 1265
4585 1265
4586 1265
4587 1265
4588 1265
4589 1265
4590 1265
4591 1265
4592 1265
4593 1264
4594 1260
4595 1251
4596 1246
4597 1246
4598 1246
4599 1246
4600 1246
4601 1246
4602 1246
4603 1246
4604 1246
4605 1246
4606 1246
4607 1246
4608 1246
4609 1246
4610 1246
4611 1246
4612 1246
4613 1246
4614 1246
4615 1246
4616 1246
4617 1246
4618 1246
4619 1246
4620 1246
4621 1246
4622 1246
4623 1246
4624 1246
4625 1246
4626 1246
4627 1246
4628 1246
4629 1246
4630 1246
4631 1246
4632 1246
4633 1246
4634 1246
4635 1246
4636 1246
4637 1246
4638 1246
4639 1246
4640 1246
4641 1246
4642 1246
4643 1246
4644 1246
4645 1246
4646 1246
4647 1246
4648 1246
4649 1246
4650 1246
4651 1246
4652 1246
4653 1242
4654 1238
4655 1225
4656 1217
4657 1217
4658 1217
4659 1217
4660 1217
4661 1217
4662 1217
4663 1217
4664 1217
4665 1217
4666 1217
4667 1217
4668 1217
4669 1217
4670 1217
4671 1217
4672 1217
4673 1217
4674 1217
4675 1217
4676 1217
4677 1217
4678 1217
4679 1217
4680 1217
4681 1217
4682 1217
4683 1217
4684 1217
4685 1217
4686 1217
4687 1217
4688 1217
4689 1217
4690 1217
4691 1217
4692 1217
4693 1217
4694 1217
4695 1217
4696 1217
4697 1217
4698 1217
4699 1217
4700 1217
4701 1217
4702 1217
4703 1217
4704 1217
4705 1217
4706 1217
4707 1217
4708 1217
4709 1217
4710 1217
4711 1217
4712 1217
4713 1215
4714 1201
4715 1195
4716 1189
4717 1189
4718 1189
4719 1189
4720 1189
4721 1189
4722 1189
4723 1189
4724 1189
4725 1189
4726 1189
4727 1189
4728 1189
4729 1189
4730 1189
4731 1189
4732 1189
4733 1189
4734 1189
4735 1189
4736 1189
4737 1189
4738 1189
4739 1189
4740 1189
4741 1189
4742 1189
4743 1189
4744 1189
4745 1189
4746 1189
4747 1189
4748 1189
4749 1189
4750 1189
4751 1189
4752 1189
4753 1189
4754 1189
4755 1189
4756 1189
4757 1189
4758 1189
4759 1189
4760 1189
4761 1189
4762 1189
4763 1189
4764 1189
4765 1189
4766 1189
4767 1189
4768 1189
4769 1189
4770 1189
4771 1189
4772 1189
4773 1189
4774 1189
4775 1189
4776 1189
4777 1187
4778 1175
4779 1171
4780 1166
4781 1166
4782 1166
4783 1166
4784 1166
4785 1166
4786 1166
4787 1166
4788 1166
4789 1166
4790 1166
4791 1166
4792 1166
4793 1166
4794 1166
4795 1166
4796 1166
4797 1166
4798 1166
4799 1166
4800 1166
4801 1166
4802 1166
4803 1166
4804 1166
4805 1166
4806 1166
4807 1166
4808 1166
4809 1166
4810 1166
4811 1166
4812 1166
4813 1166
4814 1166
4815 1166
4816 1166
4817 1166
4818 1166
4819 1166
4820 1166
4821 1166
4822 1166
4823 1166
4824 1166
4825 1166
4826 1166
4827 1166
4828 1166
4829 1166
4830 1166
4831 1166
4832 1166
4833 1166
4834 1166
4835 1166
4836 1166
4837 1166
4838 1166
4839 1166
4840 1166
4841 1164
4842 1157
4843 1144
4844 1137
4845 1137
4846 1137
4847 1137
4848 1137
4849 1137
4850 1137
4851 1137
4852 1137
4853 1137
4854 1137
4855 1137
4856 1137
4857 1137
4858 1137
4859 1137
4860 1137
4861 1137
4862 1137
4863 1137
4864 1137
4865 1137
4866 1137
4867 1137
4868 1137
4869 1137
4870 1137
4871 1137
4872 1137
4873 1137
4874 1137
4875 1137
4876 1137
4877 1137
4878 1137
4879 1137
4880 1137
4881 1137
4882 1137
4883 1137
4884 1137
4885 1137
4886 1137
4887 1137
4888 1137
4889 1137
4890 1137
4891 1137
4892 1137
4893 1137
4894 1137
4895 1137
4896 1137
4897 1137
4898 1137
4899 1137
4900 1137
4901 1137
4902 1137
4903 1137
4904 1137
4905 1137
4906 1137
4907 1135
4908 1121
4909 1116
4910 1113
4911 1113
4912 1113
4913 1113
4914 1113
4915 1113
4916 1113
4917 1113
4918 1113
4919 1113
4920 1113
4921 1113
4922 1113
4923 1113
4924 1113
4925 1113
4926 1113
4927 1113
4928 1113
4929 1113
4930 1113
4931 1113
4932 1113
4933 1113
4934 1113
4935 1113
4936 1113
4937 1113
4938 1113
4939 1113
4940 1113
4941 1113
4942 1113
4943 1113
4944 1113
4945 1113
4946 1113
4947 1113
4948 1113
4949 1113
4950 1113
4951 1113
4952 1113
4953 1113
4954 1113
4955 1113
4956 1113
4957 1113
4958 1113
4959 1113
4960 1113
4961 1113
4962 1113
4963 1113
4964 1113
4965 1113
4966 1113
4967 1113
4968 1113
4969 1113
4970 1113
4971 1113
4972 1110
4973 1105
4974 1102
4975 1088
4976 1087
4977 1087
4978 1087
4979 1087
4980 1087
4981 1087
4982 1087
4983 1087
4984 1087
4985 1087
4986 1087
4987 1087
4988 1087
4989 1087
4990 1087
4991 1087
4992 1087
4993 1087
4994 1087
4995 1087
4996 1087
4997 1087
4998 1087
4999 1087
5000 1087
5001 1087
5002 1087
5003 1087
5004 1087
5005 1087
5006 1087
5007 1087
5008 1087
5009 1087
5010 1087
5011 1087
5012 1087
5013 1087
5014 1087
5015 1087
5016 1087
5017 1087
5018 1087
5019 1087
5020 1087
5021 1087
5022 1087
5023 1087
5024 1087
5025 1087
5026 1087
5027 1087
5028 1087
5029 1087
5030 1087
5031 1087
5032 1087
5033 1087
5034 1087
5035 1087
5036 1082
5037 1077
5038 1066
5039 1065
5040 1065
5041 1065
5042 1065
5043 1065
5044 1065
5045 1065
5046 1065
5047 1065
5048 1065
5049 1065
5050 1065
5051 1065
5052 1065
5053 1065
5054 1065
5055 1065
5056 1065
5057 1065
5058 1065
5059 1065
5060 1065
5061 1065
5062 1065
5063 1065
5064 1065
5065 1065
5066 1065
5067 1065
5068 1065
5069 1065
5070 1065
5071 1065
5072 1065
5073 1065
5074 1065
5075 1065
5076 1065
5077 1065
5078 1065
5079 1065
5080 1065
5081 1065
5082 1065
5083 1065
5084 1065
5085 1065
5086 1065
5087 1065
5088 1065
5089 1065
5090 1065
5091 1065
5092 1065
5093 1065
5094 1065
5095 1065
5096 1065
5097 1065
5098 1065
5099 1065
5100 1065
5101 1065
5102 1065
5103 1061
5104 1055
5105 1049
5106 1046
5107 1046
5108 1046
5109 1046
5110 1046
5111 1046
5112 1046
5113 1046
5114 1046
5115 1046
5116 1046
5117 1046
5118 1046
5119 1046
5120 1046
5121 1046
5122 1046
5123 1046
5124 1046
5125 1046
5126 1046
5127 1046
5128 1046
5129 1046
5130 1046
5131 1046
5132 1046
5133 1046
5134 1046
5135 1046
5136 1046
5137 1046
5138 1046
5139 1046
5140 1046
5141 1046
5142 1046
5143 1046
5144 1046
5145 1046
5146 1046
5147 1046
5148 1046
5149 1046
5150 1046
5151 1046
5152 1046
5153 1046
5154 1046
5155 1046
5156 1046
5157 1046
5158 1046
5159 1046
5160 1046
5161 1046
5162 1046
5163 1046
5164 1046
5165 1046
5166 1046
5167 1046
5168 1046
5169 1046
5170 1046
5171 1040
5172 1030
5173 1024
5174 1024
5175 1024
5176 1024
5177 1024
5178 1024
5179 1024
5180 1024
5181 1024
5182 1024
5183 1024
5184 1024
5185 1024
5186 1024
5187 1024
5188 1024
5189 1024
5190 1024
5191 1024
5192 1024
5193 1024
5194 1024
5195 1024
5196 1024
5197 1024
5198 1024
5199 1024
5200 1024
5201 1024
5202 1024
5203 1024
5204 1024
5205 1024
5206 1024
5207 1024
5208 1024
5209 1024
5210 1024
5211 1024
5212 1024
5213 1024
5214 1024
5215 1024
5216 1024
5217 1024
5218 1024
5219 1024
5220 1024
5221 1024
5222 1024
5223 1024
5224 1024
5225 1024
5226 1024
5227 1024
5228 1024
5229 1024
5230 1024
5231 1024
5232 1024
5233 1024
5234 1024
5235 1024
5236 1024
5237 1024
5238 1019
5239 1018
5240 1010
5241 1004
5242 1004
5243 1004
5244 1004
5245 1004
5246 1004
5247 1004
5248 1004
5249 1004
5250 1004
5251 1004
5252 1004
5253 1004
5254 1004
5255 1004
5256 1004
5257 1004
5258 1004
5259 1004
5260 1004
5261 1004
5262 1004
5263 1004
5264 1004
5265 1004
5266 1004
5267 1004
5268 1004
5269 1004
5270 1004
5271 1004
5272 1004
5273 1004
5274 1004
5275 1004
5276 1004
5277 1004
5278 1004
5279 1004
5280 1004
5281 1004
5282 1004
5283 1004
5284 1004
5285 1004
5286 1004
5287 1004
5288 1004
5289 1004
5290 1004
5291 1004
5292 1004
5293 1004
5294 1004
5295 1004
5296 1004
5297 1004
5298 1004
5299 1004
5300 1004
5301 1004
5302 1004
5303 1004
5304 1004
5305 1004
5306 1000
5307 992
5308 985
5309 983
5310 983
5311 983
5312 983
5313 983
5314 983
5315 983
5316 983
5317 983
5318 983
5319 983
5320 983
5321 983
5322 983
5323 983
5324 983
5325 983
5326 983
5327 983
5328 983
5329 983
5330 983
5331 983
5332 983
5333 983
5334 983
5335 983
5336 983
5337 983
5338 983
5339 983
5340 983
5341 983
5342 983
5343 983
5344 983
5345 983
5346 983
5347 983
5348 983
5349 983
5350 983
5351 983
5352 983
5353 983
5354 983
5355 983
5356 983
5357 983
5358 983
5359 983
5360 983
5361 983
5362 983
5363 983
5364 983
5365 983
5366 983
5367 983
5368 983
5369 983
5370 983
5371 983
5372 983
5373 983
5374 983
5375 983
5376 979
5377 973
5378 965
5379 956
5380 956
5381 956
5382 956
5383 956
5384 956
5385 956
5386 956
5387 956
5388 956
5389 956
5390 956
5391 956
5392 956
5393 956
5394 956
5395 956
5396 956
5397 956
5398 956
5399 956
5400 956
5401 956
5402 956
5403 956
5404 956
5405 956
5406 956
5407 956
5408 956
5409 956
5410 956
5411 956
5412 956
5413 956
5414 956
5415 956
5416 956
5417 956
5418 956
5419 956
5420 956
5421 956
5422 956
5423 956
5424 956
5425 956
5426 956
5427 956
5428 956
5429 956
5430 956
5431 956
5432 956
5433 956
5434 956
5435 956
5436 956
5437 956
5438 956
5439 956
5440 956
5441 956
5442 956
5443 956
5444 956
5445 954
5446 950
5447 945
5448 939
5449 937
5450 937
5451 937
5452 937
5453 937
5454 937
5455 937
5456 937
5457 937
5458 937
5459 937
5460 937
5461 937
5462 937
5463 937
5464 937
5465 937
5466 937
5467 937
5468 937
5469 937
5470 937
5471 937
5472 937
5473 937
5474 937
5475 937
5476 937
5477 937
5478 937
5479 937
5480 937
5481 937
5482 937
5483 937
5484 937
5485 937
5486 937
5487 937
5488 937
5489 937
5490 937
5491 937
5492 937
5493 937
5494 937
5495 937
5496 937
5497 937
5498 937
5499 937
5500 937
5501 937
5502 937
5503 937
5504 937
5505 937
5506 937
5507 937
5508 937
5509 937
5510 937
5511 937
5512 937
5513 936
5514 931
5515 921
5516 916
5517 916
5518 916
5519 916
5520 916
5521 916
5522 916
5523 916
5524 916
5525 916
5526 916
5527 916
5528 916
5529 916
5530 916
5531 916
5532 916
5533 916
5534 916
5535 916
5536 916
5537 916
5538 916
5539 916
5540 916
5541 916
5542 916
5543 916
5544 916
5545 916
5546 916
5547 916
5548 916
5549 916
5550 916
5551 916
5552 916
5553 916
5554 916
5555 916
5556 916
5557 916
5558 916
5559 916
5560 916
5561 916
5562 916
5563 916
5564 916
5565 916
5566 916
5567 916
5568 916
5569 916
5570 916
5571 916
5572 916
5573 916
5574 916
5575 916
5576 916
5577 916
5578 916
5579 916
5580 916
5581 916
5582 916
5583 911
5584 903
5585 899
5586 892
5587 892
5588 892
5589 892
5590 892
5591 892
5592 892
5593 892
5594 892
5595 892
5596 892
5597 892
5598 892
5599 892
5600 892
5601 892
5602 892
5603 892
5604 892
5605 892
5606 892
5607 892
5608 892
5609 892
5610 892
5611 892
5612 892
5613 892
5614 892
5615 892
5616 892
5617 892
5618 892
5619 892
5620 892
5621 892
5622 892
5623 892
5624 892
5625 892
5626 892
5627 892
5628 892
5629 892
5630 892
5631 892
5632 892
5633 892
5634 892
5635 892
5636 892
5637 892
5638 892
5639 892
5640 892
5641 892
5642 892
5643 892
5644 892
5645 892
5646 892
5647 892
5648 888
5649 882
5650 876
5651 863
5652 863
5653 863
5654 863
5655 863
5656 863
5657 863
5658 863
5659 863
5660 863
5661 863
5662 863
5663 863
5664 863
5665 863
5666 863
5667 863
5668 863
5669 863
5670 863
5671 863
5672 863
5673 863
5674 863
5675 863
5676 863
5677 863
5678 863
5679 863
5680 863
5681 863
5682 863
5683 863
5684 863
5685 863
5686 863
5687 863
5688 863
5689 863
5690 863
5691 863
5692 863
5693 863
5694 863
5695 863
5696 863
5697 863
5698 863
5699 863
5700 863
5701 863
5702 863
5703 863
5704 863
5705 863
5706 863
5707 863
5708 863
5709 863
5710 863
5711 863
5712 863
5713 863
5714 863
5715 863
5716 863
5717 863
5718 863
5719 863
5720 856
5721 850
5722 843
5723 843
5724 843
5725 843
5726 843
5727 843
5728 843
5729 843
5730 843
5731 843
5732 843
5733 843
5734 843
5735 843
5736 843
5737 843
5738 843
5739 843
5740 843
5741 843
5742 843
5743 843
5744 843
5745 843
5746 843
5747 843
5748 843
5749 843
5750 843
5751 843
5752 843
5753 843
5754 843
5755 843
5756 843
5757 843
5758 843
5759 843
5760 843
5761 843
5762 843
5763 843
5764 843
5765 843
5766 843
5767 843
5768 843
5769 843
5770 843
5771 843
5772 843
5773 843
5774 843
5775 843
5776 843
5777 843
5778 843
5779 843
5780 843
5781 843
5782 843
5783 843
5784 843
5785 843
5786 843
5787 843
5788 843
5789 843
5790 843
5791 838
5792 826
5793 819
5794 813
5795 813
5796 813
5797 813
5798 813
5799 813
5800 813
5801 813
5802 813
5803 813
5804 813
5805 813
5806 813
5807 813
5808 813
5809 813
5810 813
5811 813
5812 813
5813 813
5814 813
5815 813
5816 813
5817 813
5818 813
5819 813
5820 813
5821 813
5822 813
5823 813
5824 813
5825 813
5826 813
5827 813
5828 813
5829 813
5830 813
5831 813
5832 813
5833 813
5834 813
5835 813
5836 813
5837 813
5838 813
5839 813
5840 813
5841 813
5842 813
5843 813
5844 813
5845 813
5846 813
5847 813
5848 813
5849 813
5850 813
5851 813
5852 813
5853 813
5854 813
5855 813
5856 813
5857 813
5858 813
5859 813
5860 813
5861 813
5862 813
5863 811
5864 804
5865 800
5866 795
5867 795
5868 795
5869 795
5870 795
5871 795
5872 795
5873 795
5874 795
5875 795
5876 795
5877 795
5878 795
5879 795
5880 795
5881 795
5882 795
5883 795
5884 795
5885 795
5886 795
5887 795
5888 795
5889 795
5890 795
5891 795
5892 795
5893 795
5894 795
5895 795
5896 795
5897 795
5898 795
5899 795
5900 795
5901 795
5902 795
5903 795
5904 795
5905 795
5906 795
5907 795
5908 795
5909 795
5910 795
5911 795
5912 795
5913 795
5914 795
5915 795
5916 795
5917 795
5918 795
5919 795
5920 795
5921 795
5922 795
5923 795
5924 795
5925 795
5926 795
5927 795
5928 795
5929 795
5930 795
5931 795
5932 795
5933 795
5934 795
5935 792
5936 783
5937 775
5938 768
5939 768
5940 768
5941 768
5942 768
5943 768
5944 768
5945 768
5946 768
5947 768
5948 768
5949 768
5950 768
5951 768
5952 768
5953 768
5954 768
5955 768
5956 768
5957 768
5958 768
5959 768
5960 768
5961 768
5962 768
5963 768
5964 768
5965 768
5966 768
5967 768
5968 768
5969 768
5970 768
5971 768
5972 768
5973 768
5974 768
5975 768
5976 768
5977 768
5978 768
5979 768
5980 768
5981 768
5982 768
5983 768
5984 768
5985 768
5986 768
5987 768
5988 768
5989 768
5990 768
5991 768
5992 768
5993 768
5994 768
5995 768
5996 768
5997 768
5998 768
5999 768
6000 768
6001 768
6002 768
6003 768
6004 768
6005 768
6006 768
6007 768
6008 766
6009 764
6010 755
6011 751
6012 751
6013 751
6014 751
6015 751
6016 751
6017 751
6018 751
6019 751
6020 751
6021 751
6022 751
6023 751
6024 751
6025 751
6026 751
6027 751
6028 751
6029 751
6030 751
6031 751
6032 751
6033 751
6034 751
6035 751
6036 751
6037 751
6038 751
6039 751
6040 751
6041 751
6042 751
6043 751
6044 751
6045 751
6046 751
6047 751
6048 751
6049 751
6050 751
6051 751
6052 751
6053 751
6054 751
6055 751
6056 751
6057 751
6058 751
6059 751
6060 751
6061 751
6062 751
6063 751
6064 751
6065 751
6066 751
6067 751
6068 751
6069 751
6070 751
6071 751
6072 751
6073 751
6074 751
6075 751
6076 751
6077 751
6078 751
6079 751
6080 751
6081 749
6082 745
6083 741
6084 734
6085 730
6086 730
6087 730
6088 730
6089 730
6090 730
6091 730
6092 730
6093 730
6094 730
6095 730
6096 730
6097 730
6098 730
6099 730
6100 730
6101 730
6102 730
6103 730
6104 730
6105 730
6106 730
6107 730
6108 730
6109 730
6110 730
6111 730
6112 730
6113 730
6114 730
6115 730
6116 730
6117 730
6118 730
6119 730
6120 730
6121 730
6122 730
6123 730
6124 730
6125 730
6126 730
6127 730
6128 730
6129 730
6130 730
6131 730
6132 730
6133 730
6134 730
6135 730
6136 730
6137 730
6138 730
6139 730
6140 730
6141 730
6142 730
6143 730
6144 730
6145 730
6146 730
6147 730
6148 730
6149 730
6150 730
6151 730
6152 730
6153 726
6154 722
6155 718
6156 712
6157 712
6158 712
6159 712
6160 712
6161 712
6162 712
6163 712
6164 712
6165 712
6166 727
6167 767
6168 808
6169 872
6170 948
6171 1104
6172 1289
6173 1490
6174 1681
6175 1776
6176 1941
6177 1989
6178 2156
6179 2204
6180 2300
6181 2609
6182 3206
6183 4589
6184 4852
6185 5545
6186 6332
6187 7717
6188 8374
6189 10374
6190 12425
6191 14381
6192 17180
6193 17891
6194 18820
6195 19677
6196 20100
6197 20790
6198 21936
6199 22842
6200 24632
6201 25563
6202 26665
6203 28336
6204 28957
6205 30725
6206 33088
6207 33685
6208 34716
6209 35651
6210 36410
6211 38202
6212 39352
6213 41308
6214 42189
6215 43480
6216 44411
6217 45438
6218 45963
6219 47591
6220 48862
6221 50050
6222 51005
6223 51696
6224 53605
6225 55652
6226 56540
6227 58762
6228 60131
6229 60610
6230 61528
6231 64004
6232 65030
6233 65990
6234 66776
6235 68285
6236 68500
6237 69367
6238 70130
6239 70847
6240 72283
6241 74755
6242 76093
6243 76425
6244 77070
6245 77452
6246 78050
6247 78212
6248 79144
6249 80627
6250 81805
6251 82149
6252 83029
6253 83171
6254 84202
6255 84966
6256 85760
6257 86383
6258 87531
6259 87794
6260 89015
6261 89832
6262 91011
6263 91247
6264 91554
6265 91651
6266 92528
6267 93288
6268 94073
6269 94690
6270 95455
6271 95980
6272 96660
6273 97419
6274 98060
6275 98872
6276 99730
6277 100084
6278 100892
6279 101802
6280 102251
6281 102773
6282 103252
6283 103710
6284 103824
6285 104081
6286 104362
6287 104433
6288 104433
6289 104433
6290 104433
6291 104433
6292 104433
6293 104394
6294 104388
6295 104388
6296 104388
6297 104388
6298 104388
6299 104388
6300 104388
6301 104388
6302 104388
6303 104388
6304 104351
6305 104351
6306 104351
6307 104351
6308 104351
6309 104351
6310 104351
6311 104351
6312 104351
6313 104351
6314 104316
6315 104313
6316 104313
6317 104313
6318 104313
6319 104313
6320 104313
6321 104313
6322 104313
6323 104313
6324 104313
6325 104269
6326 104269
6327 104269
6328 104269
6329 104269
6330 104269
6331 104269
6332 104269
6333 104269
6334 104269
6335 104227
6336 104220
6337 104220
6338 104220
6339 104220
6340 104220
6341 104220
6342 104220
6343 104220
6344 104220
6345 104220
6346 104189
6347 104189
6348 104189
6349 104189
6350 104189
6351 104189
6352 104189
6353 104189
6354 104189
6355 104189
6356 104159
6357 104156
6358 104156
6359 104156
6360 104156
6361 104156
6362 104156
6363 104156
6364 104156
6365 104156
6366 104156
6367 104113
6368 104113
6369 104113
6370 104113
6371 104113
