1 10
2 2640
3 2640
4 2640
5 2640
6 2640
7 2640
8 2640
9 2640
10 2640
11 2640
12 2640
13 2640
14 2640
15 2640
16 2640
17 2640
18 2640
19 2640
20 2640
21 2640
22 2640
23 2640
24 2640
25 2640
26 2640
27 2640
28 2640
29 2640
30 2640
31 2640
32 2640
33 2640
34 2640
35 2640
36 2640
37 2640
38 2640
39 2640
40 2640
41 2640
42 2640
43 2640
44 2640
45 2640
46 2640
47 2640
48 2640
49 2640
50 2640
51 2640
52 2640
53 2640
54 2640
55 2640
56 2640
57 2640
58 2640
59 2640
60 2640
61 2640
62 2640
63 2640
64 2640
65 2640
66 2640
67 2640
68 2640
69 2640
70 2640
71 2640
72 2640
73 2640
74 2640
75 2640
76 2640
77 2640
78 2640
79 2640
80 2640
81 2640
82 2640
83 2640
84 2640
85 2640
86 2640
87 2640
88 2640
89 2640
90 2640
91 2640
92 2640
93 2640
94 2640
95 2640
96 2640
97 2640
98 2640
99 2640
100 2640
101 2640
102 2640
103 2640
104 2640
105 2640
106 2640
107 2640
108 2640
109 2640
110 2640
111 2640
112 2640
113 2640
114 2640
115 2640
116 2640
117 2640
118 2640
119 2640
120 2640
121 2640
122 2640
123 2640
124 2640
125 2640
126 2640
127 2640
128 2640
129 2640
130 2640
131 2640
132 2640
133 2640
134 2640
135 2640
136 2640
137 2640
138 2640
139 2640
140 2640
141 2640
142 2640
143 2640
144 2640
145 2640
146 2640
147 2640
148 2640
149 2640
150 2640
151 2640
152 2640
153 2640
154 2640
155 2640
156 2640
157 2640
158 2640
159 2640
160 2640
161 2640
162 2640
163 2640
164 2640
165 2640
166 2640
167 2640
168 2640
169 2640
170 2640
171 2640
172 2640
173 2640
174 2640
175 2640
176 2640
177 2640
178 2640
179 2640
180 2640
181 2640
182 2640
183 2640
184 2640
185 2640
186 2640
187 2640
188 2640
189 2640
190 2640
191 2640
192 2640
193 2640
194 2640
195 2640
196 2640
197 2640
198 2640
199 2640
200 2640
201 2640
202 2640
203 2640
204 2640
205 2640
206 2640
207 2640
208 2640
209 2640
210 2640
211 2640
212 2640
213 2640
214 2640
215 2640
216 2640
217 2640
218 2640
219 2640
220 2640
221 2640
222 2640
223 2640
224 2640
225 2640
226 2640
227 2640
228 2640
229 2640
230 2640
231 2640
232 2640
233 2640
234 2640
235 2640
236 2640
237 2640
238 2640
239 2640
240 2640
241 2640
242 2640
243 2640
244 2640
245 2640
246 2640
247 2640
248 2640
249 2640
250 2640
251 2640
252 2640
253 2640
254 2640
255 2640
256 2640
257 2640
258 2640
259 2640
260 2640
261 2640
262 2640
263 2640
264 2640
265 2640
266 2640
267 2640
268 2640
269 2640
270 2640
271 2640
272 2640
273 2640
274 2640
275 2640
276 2640
277 2640
278 2640
279 2640
280 2640
281 2640
282 2640
283 2640
284 2640
285 2640
286 2640
287 2640
288 2640
289 2640
290 2640
291 2640
292 2640
293 2640
294 2640
295 2640
296 2640
297 2640
298 2640
299 2640
300 2640
301 2640
302 2640
303 2640
304 2640
305 2640
306 2640
307 2640
308 2640
309 2640
310 2640
311 2640
312 2640
313 2640
314 2640
315 2640
316 2640
317 2640
318 2640
319 2640
320 2640
321 2640
322 2640
323 2640
324 2640
325 2640
326 2640
327 2640
328 2640
329 2640
330 2640
331 2640
332 2640
333 2640
334 2640
335 2640
336 2640
337 2640
338 2640
339 2640
340 2640
341 2640
342 2640
343 2640
344 2640
345 2640
346 2640
347 2640
348 2640
349 2640
350 2640
351 2640
352 2640
353 2640
354 2640
355 2640
356 2640
357 2640
358 2640
359 2640
360 2640
361 2640
362 2640
363 2640
364 2640
365 2640
366 2640
367 2640
368 2640
369 2640
370 2640
371 2640
372 2640
373 2640
374 2640
375 2640
376 2640
377 2640
378 2640
379 2640
380 2640
381 2640
382 2640
383 2640
384 2640
385 2640
386 2640
387 2640
388 2640
389 2640
390 2640
391 2640
392 2640
393 2640
394 2640
395 2640
396 2640
397 2640
398 2640
399 2640
400 2640
401 2640
402 2640
403 2640
404 2640
405 2640
406 2640
407 2640
408 2640
409 2640
410 2640
411 2640
412 2640
413 2640
414 2640
415 2640
416 2640
417 2640
418 2640
419 2640
420 2640
421 2640
422 2640
423 2640
424 2640
425 2640
426 2640
427 2640
428 2640
429 2640
430 2640
431 2640
432 2640
433 2640
434 2640
435 2640
436 2640
437 2640
438 2640
439 2640
440 2640
441 2640
442 2640
443 2640
444 2640
445 2640
446 2640
447 2640
448 2640
449 2640
450 2640
451 2640
452 2640
453 2640
454 2640
455 2640
456 2640
457 2640
458 2640
459 2640
460 2640
461 2640
462 2640
463 2640
464 2640
465 2640
466 2640
467 2640
468 2640
469 2640
470 2640
471 2640
472 2640
473 2640
474 2640
475 2640
476 2640
477 2640
478 2640
479 2640
480 2640
481 2640
482 2640
483 2640
484 2640
485 2640
486 2640
487 2640
488 2640
489 2640
490 2640
491 2640
492 2640
493 2640
494 2640
495 2640
496 2640
497 2640
498 2640
499 2640
500 2640
501 2640
502 2640
503 2640
504 2640
505 2640
506 2640
507 2640
508 2640
509 2640
510 2640
511 2640
512 2640
513 2640
514 2640
515 2640
516 2640
517 2640
518 2640
519 2640
520 2640
521 2640
522 2640
523 2640
524 2640
525 2640
526 2640
527 2640
528 2640
529 2640
530 2640
531 2640
532 2640
533 2640
534 2640
535 2640
536 2640
537 2640
538 2640
539 2640
540 2640
541 2640
542 2640
543 2640
544 2640
545 2640
546 2640
547 2640
548 2640
549 2640
550 2640
551 2640
552 2640
553 2640
554 2640
555 2640
556 2640
557 2640
558 2640
559 2640
560 2640
561 2640
562 2640
563 2640
564 2640
565 2640
566 2640
567 2640
568 2640
569 2640
570 2640
571 2640
572 2640
573 2640
574 2640
575 2640
576 2640
577 2640
578 2640
579 2640
580 2640
581 2640
582 2640
583 2640
584 2640
585 2640
586 2640
587 2640
588 2640
589 2640
590 2640
591 2640
592 2640
593 2640
594 2640
595 2640
596 2640
597 2640
598 2640
599 2640
600 2640
601 2640
602 2640
603 2640
604 2640
605 2640
606 2640
607 2640
608 2640
609 2640
610 2640
611 2640
612 2640
613 2640
614 2640
615 2640
616 2640
617 2640
618 2640
619 2640
620 2640
621 2640
622 2640
623 2640
624 2640
625 2640
626 2640
627 2640
628 2640
629 2640
630 2640
631 2640
632 2640
633 2640
634 2640
635 2640
636 2640
637 2640
638 2640
639 2640
640 2640
641 2640
642 2640
643 2640
644 2640
645 2640
646 2640
647 2640
648 2640
649 2640
650 2640
651 2640
652 2640
653 2640
654 2640
655 2640
656 2640
657 2640
658 2640
659 2640
660 2640
661 2640
662 2640
663 2640
664 2640
665 2640
666 2640
667 2640
668 2640
669 2640
670 2640
671 2640
672 2640
673 2640
674 2640
675 2640
676 2640
677 2640
678 2640
679 2640
680 2640
681 2640
682 2640
683 2640
684 2640
685 2640
686 2640
687 2640
688 2640
689 2640
690 2640
691 2640
692 2640
693 2640
694 2640
695 2640
696 2640
697 2640
698 2640
699 2640
700 2640
701 2640
702 2640
703 2640
704 2640
705 2640
706 2640
707 2640
708 2640
709 2640
710 2640
711 2640
712 2640
713 2640
714 2640
715 2640
716 2640
717 2640
718 2640
719 2640
720 2640
721 2640
722 2640
723 2640
724 2640
725 2640
726 2640
727 2640
728 2640
729 2640
730 2640
731 2640
732 2640
733 2640
734 2640
735 2640
736 2640
737 2640
738 2640
739 2640
740 2640
741 2640
742 2640
743 2640
744 2640
745 2640
746 2640
747 2640
748 2640
749 2640
750 2640
751 2640
752 2640
753 2640
754 2640
755 2640
756 2640
757 2640
758 2640
759 2640
760 2640
761 2640
762 2640
763 2640
764 2640
765 2640
766 2640
767 2640
768 2640
769 2640
770 2640
771 2640
772 2640
773 2640
774 2640
775 2640
776 2640
777 2640
778 2640
779 2640
780 2640
781 2640
782 2640
783 2640
784 2640
785 2640
786 2640
787 2640
788 2640
789 2640
790 2640
791 2640
792 2640
793 2640
794 2640
795 2640
796 2640
797 2640
798 2640
799 2640
800 2640
801 2640
802 2640
803 2640
804 2640
805 2640
806 2640
807 2640
808 2640
809 2640
810 2640
811 2640
812 2640
813 2640
814 2640
815 2640
816 2640
817 2640
818 2640
819 2640
820 2640
821 2640
822 2640
823 2640
824 2640
825 2640
826 2640
827 2640
828 2640
829 2640
830 2640
831 2640
832 2640
833 2640
834 2640
835 2640
836 2640
837 2640
838 2640
839 2640
840 2640
841 2640
842 2640
843 2640
844 2640
845 2640
846 2640
847 2640
848 2640
849 2640
850 2640
851 2640
852 2640
853 2640
854 2640
855 2640
856 2640
857 2640
858 2640
859 2640
860 2640
861 2640
862 2640
863 2640
864 2640
865 2640
866 2640
867 2640
868 2640
869 2640
870 2640
871 2640
872 2640
873 2640
874 2640
875 2640
876 2640
877 2640
878 2640
879 2640
880 2640
881 2640
882 2640
883 2640
884 2640
885 2640
886 2640
887 2640
888 2640
889 2640
890 2640
891 2640
892 2640
893 2640
894 2640
895 2640
896 2640
897 2640
898 2640
899 2640
900 2640
901 2640
902 2640
903 2640
904 2640
905 2640
906 2640
907 2640
908 2640
909 2640
910 2640
911 2640
912 2640
913 2640
914 2640
915 2640
916 2640
917 2640
918 2640
919 2640
920 2640
921 2640
922 2640
923 2640
924 2640
925 2640
926 2640
927 2640
928 2640
929 2640
930 2640
931 2640
932 2640
933 2640
934 2640
935 2640
936 2640
937 2640
938 2640
939 2640
940 2640
941 2640
942 2640
943 2640
944 2640
945 2640
946 2640
947 2640
948 2640
949 2640
950 2640
951 2640
952 2640
953 2640
954 2640
955 2640
956 2640
957 2640
958 2640
959 2640
960 2640
961 2640
962 2640
963 2640
964 2640
965 2640
966 2640
967 2640
968 2640
969 2640
970 2640
971 2640
972 2640
973 2640
974 2640
975 2640
976 2640
977 2640
978 2640
979 2640
980 2640
981 2640
982 2640
983 2640
984 2640
985 2640
986 2640
987 2640
988 2640
989 2640
990 2640
991 2640
992 2640
993 2640
994 2640
995 2640
996 2640
997 2640
998 2640
999 2640
1000 2640
1001 2640
1002 2640
1003 2640
1004 2640
1005 2640
1006 2640
1007 2640
1008 2640
1009 2640
1010 2640
1011 2640
1012 2640
1013 2640
1014 2640
1015 2640
1016 2640
1017 2640
1018 2640
1019 2640
1020 2640
1021 2640
1022 2640
1023 2640
1024 2640
1025 2640
1026 2640
1027 2640
1028 2640
1029 2640
1030 2640
1031 2640
1032 2640
1033 2640
1034 2640
1035 2640
1036 2640
1037 2640
1038 2640
1039 2640
1040 2640
1041 2640
1042 2640
1043 2640
1044 2640
1045 2640
1046 2640
1047 2640
1048 2640
1049 2640
1050 2640
1051 2640
1052 2640
1053 2640
1054 2640
1055 2640
1056 2640
1057 2640
1058 2640
1059 2640
1060 2640
1061 2640
1062 2640
1063 2640
1064 2640
1065 2640
1066 2640
1067 2640
1068 2640
1069 2640
1070 2640
1071 2640
1072 2640
1073 2640
1074 2640
1075 2640
1076 2640
1077 2640
1078 2640
1079 2640
1080 2640
1081 2640
1082 2640
1083 2640
1084 2640
1085 2640
1086 2640
1087 2640
1088 2640
1089 2640
1090 2640
1091 2640
1092 2640
1093 2640
1094 2640
1095 2640
1096 2640
1097 2640
1098 2640
1099 2640
1100 2640
1101 2640
1102 2640
1103 2640
1104 2640
1105 2640
1106 2640
1107 2640
1108 2640
1109 2640
1110 2640
1111 2640
1112 2640
1113 2640
1114 2640
1115 2640
1116 2640
1117 2640
1118 2640
1119 2640
1120 2640
1121 2640
1122 2640
1123 2640
1124 2640
1125 2640
1126 2640
1127 2640
1128 2640
1129 2640
1130 2640
1131 2640
1132 2640
1133 2640
1134 2640
1135 2640
1136 2640
1137 2640
1138 2640
1139 2640
1140 2640
1141 2640
1142 2640
1143 2640
1144 2640
1145 2640
1146 2640
1147 2640
1148 2640
1149 2640
1150 2640
1151 2640
1152 2640
1153 2640
1154 2640
1155 2640
1156 2640
1157 2640
1158 2640
1159 2640
1160 2640
1161 2640
1162 2640
1163 2640
1164 2640
1165 2640
1166 2640
1167 2640
1168 2640
1169 2640
1170 2640
1171 2640
1172 2640
1173 2640
1174 2640
1175 2640
1176 2640
1177 2640
1178 2640
1179 2640
1180 2640
1181 2640
1182 2640
1183 2640
1184 2640
1185 2640
1186 2640
1187 2640
1188 2640
1189 2640
1190 2640
1191 2640
1192 2640
1193 2640
1194 2640
1195 2640
1196 2640
1197 2640
1198 2640
1199 2640
1200 2640
1201 2640
1202 2640
1203 2640
1204 2640
1205 2640
1206 2640
1207 2640
1208 2640
1209 2640
1210 2640
1211 2640
1212 2640
1213 2640
1214 2640
1215 2640
1216 2640
1217 2640
1218 2640
1219 2640
1220 2640
1221 2640
1222 2640
1223 2640
1224 2640
1225 2640
1226 2640
1227 2640
1228 2640
1229 2640
1230 2640
1231 2640
1232 2640
1233 2640
1234 2640
1235 2640
1236 2640
1237 2640
1238 2640
1239 2640
1240 2640
1241 2640
1242 2640
1243 2640
1244 2640
1245 2640
1246 2640
1247 2640
1248 2640
1249 2640
1250 2640
1251 2640
1252 2640
1253 2640
1254 2640
1255 2640
1256 2640
1257 2640
1258 2640
1259 2640
1260 2640
1261 2640
1262 2640
1263 2640
1264 2640
1265 2640
1266 2640
1267 2640
1268 2640
1269 2640
1270 2640
1271 2640
1272 2640
1273 2640
1274 2640
1275 2640
1276 2640
1277 2640
1278 2640
1279 2640
1280 2640
1281 2640
1282 2640
1283 2640
1284 2640
1285 2640
1286 2640
1287 2640
1288 2640
1289 2640
1290 2640
1291 2640
1292 2640
1293 2640
1294 2640
1295 2640
1296 2640
1297 2640
1298 2640
1299 2640
1300 2640
1301 2640
1302 2640
1303 2640
1304 2640
1305 2640
1306 2640
1307 2640
1308 2640
1309 2640
1310 2640
1311 2640
1312 2640
1313 2640
1314 2640
1315 2640
1316 2640
1317 2640
1318 2640
1319 2640
1320 2640
1321 2640
1322 2640
1323 2640
1324 2640
1325 2640
1326 2640
1327 2640
1328 2640
1329 2640
1330 2640
1331 2640
1332 2640
1333 2640
1334 2640
1335 2640
1336 2640
1337 2640
1338 2640
1339 2640
1340 2640
1341 2640
1342 2640
1343 2640
1344 2640
1345 2640
1346 2640
1347 2640
1348 2640
1349 2640
1350 2640
1351 2640
1352 2640
1353 2640
1354 2640
1355 2640
1356 2640
1357 2640
1358 2640
1359 2640
1360 2640
1361 2640
1362 2640
1363 2640
1364 2640
1365 2640
1366 2640
1367 2640
1368 2640
1369 2640
1370 2640
1371 2640
1372 2640
1373 2640
1374 2640
1375 2640
1376 2640
1377 2640
1378 2640
1379 2640
1380 2640
1381 2640
1382 2640
1383 2640
1384 2640
1385 2640
1386 2640
1387 2640
1388 2640
1389 2640
1390 2640
1391 2640
1392 2640
1393 2640
1394 2640
1395 2640
1396 2640
1397 2640
1398 2640
1399 2640
1400 2640
1401 2640
1402 2640
1403 2640
1404 2640
1405 2640
1406 2640
1407 2640
1408 2640
1409 2640
1410 2640
1411 2640
1412 2640
1413 2640
1414 2640
1415 2640
1416 2640
1417 2640
1418 2640
1419 2640
1420 2640
1421 2640
1422 2640
1423 2640
1424 2640
1425 2640
1426 2640
1427 2640
1428 2640
1429 2640
1430 2640
1431 2640
1432 2640
1433 2640
1434 2640
1435 2640
1436 2640
1437 2640
1438 2640
1439 2640
1440 2640
1441 2640
1442 2640
1443 2640
1444 2640
1445 2640
1446 2640
1447 2640
1448 2640
1449 2640
1450 2640
1451 2640
1452 2640
1453 2640
1454 2640
1455 2640
1456 2640
1457 2640
1458 2640
1459 2640
1460 2640
1461 2640
1462 2640
1463 2640
1464 2640
1465 2640
1466 2640
1467 2640
1468 2640
1469 2640
1470 2640
1471 2640
1472 2640
1473 2640
1474 2640
1475 2640
1476 2640
1477 2640
1478 2640
1479 2640
1480 2640
1481 2640
1482 2640
1483 2640
1484 2640
1485 2640
1486 2640
1487 2640
1488 2640
1489 2640
1490 2640
1491 2640
1492 2640
1493 2640
1494 2640
1495 2640
1496 2640
1497 2640
1498 2640
1499 2640
1500 2640
1501 2640
1502 2640
1503 2640
1504 2640
1505 2640
1506 2640
1507 2640
1508 2640
1509 2640
1510 2640
1511 2640
1512 2640
1513 2640
1514 2640
1515 2640
1516 2640
1517 2640
1518 2640
1519 2640
1520 2640
1521 2640
1522 2640
1523 2640
1524 2640
1525 2640
1526 2640
1527 2640
1528 2640
1529 2640
1530 2640
1531 2640
1532 2640
1533 2640
1534 2640
1535 2640
1536 2640
1537 2640
1538 2640
1539 2640
1540 2640
1541 2640
1542 2640
1543 2640
1544 2640
1545 2640
1546 2640
1547 2640
1548 2640
1549 2640
1550 2640
1551 2640
1552 2640
1553 2640
1554 2640
1555 2640
1556 2640
1557 2640
1558 2640
1559 2640
1560 2640
1561 2640
1562 2640
1563 2640
1564 2640
1565 2640
1566 2640
1567 2640
1568 2640
1569 2640
1570 2640
1571 2640
1572 2640
1573 2640
1574 2640
1575 2640
1576 2640
1577 2640
1578 2640
1579 2640
1580 2640
1581 2640
1582 2640
1583 2640
1584 2640
1585 2640
1586 2640
1587 2640
1588 2640
1589 2640
1590 2640
1591 2640
1592 2640
1593 2640
1594 2640
1595 2640
1596 2640
1597 2640
1598 2640
1599 2640
1600 2640
1601 2640
1602 2640
1603 2640
1604 2640
1605 2640
1606 2640
1607 2640
1608 2640
1609 2640
1610 2640
1611 2640
1612 2640
1613 2640
1614 2640
1615 2640
1616 2640
1617 2640
1618 2640
1619 2640
1620 2640
1621 2640
1622 2640
1623 2640
1624 2640
1625 2640
1626 2640
1627 2640
1628 2640
1629 2640
1630 2640
1631 2640
1632 2640
1633 2640
1634 2640
1635 2640
1636 2640
1637 2640
1638 2640
1639 2640
1640 2640
1641 2640
1642 2640
1643 2640
1644 2640
1645 2640
1646 2640
1647 2640
1648 2640
1649 2640
1650 2640
1651 2640
1652 2640
1653 2640
1654 2640
1655 2640
1656 2640
1657 2640
1658 2640
1659 2640
1660 2640
1661 2640
1662 2640
1663 2640
1664 2640
1665 2640
1666 2640
1667 2640
1668 2640
1669 2640
1670 2640
1671 2640
1672 2640
1673 2640
1674 2640
1675 2640
1676 2640
1677 2640
1678 2640
1679 2640
1680 2640
1681 2640
1682 2640
1683 2640
1684 2640
1685 2640
1686 2640
1687 2640
1688 2640
1689 2640
1690 2640
1691 2640
1692 2640
1693 2640
1694 2640
1695 2640
1696 2640
1697 2640
1698 2640
1699 2640
1700 2640
1701 2640
1702 2640
1703 2640
1704 2640
1705 2640
1706 2640
1707 2640
1708 2640
1709 2640
1710 2640
1711 2640
1712 2640
1713 2640
1714 2640
1715 2640
1716 2640
1717 2640
1718 2640
1719 2640
1720 2640
1721 2640
1722 2640
1723 2640
1724 2640
1725 2640
1726 2640
1727 2640
1728 2640
1729 2640
1730 2640
1731 2640
1732 2640
1733 2640
1734 2640
1735 2640
1736 2640
1737 2640
1738 2640
1739 2640
1740 2640
1741 2640
1742 2640
1743 2640
1744 2640
1745 2640
1746 2640
1747 2640
1748 2640
1749 2640
1750 2640
1751 2640
1752 2640
1753 2640
1754 2640
1755 2640
1756 2640
1757 2640
1758 2640
1759 2640
1760 2640
1761 2640
1762 2640
1763 2640
1764 2640
1765 2640
1766 2640
1767 2640
1768 2640
1769 2640
1770 2640
1771 2640
1772 2640
1773 2640
1774 2640
1775 2640
1776 2640
1777 2640
1778 2640
1779 2640
1780 2640
1781 2640
1782 2640
1783 2640
1784 2640
1785 2640
1786 2640
1787 2640
1788 2640
1789 2640
1790 2640
1791 2640
1792 2640
1793 2640
1794 2640
1795 2640
1796 2640
1797 2640
1798 2640
1799 2640
1800 2640
1801 2640
1802 2640
1803 2640
1804 2640
1805 2640
1806 2640
1807 2640
1808 2640
1809 2640
1810 2640
1811 2640
1812 2640
1813 2640
1814 2640
1815 2640
1816 2640
1817 2640
1818 2640
1819 2640
1820 2640
1821 2640
1822 2640
1823 2640
1824 2640
1825 2640
1826 2640
1827 2640
1828 2640
1829 2640
1830 2640
1831 2640
1832 2640
1833 2640
1834 2640
1835 2640
1836 2640
1837 2640
1838 2640
1839 2640
1840 2640
1841 2640
1842 2640
1843 2640
1844 2640
1845 2640
1846 2640
1847 2640
1848 2640
1849 2640
1850 2640
1851 2640
1852 2640
1853 2640
1854 2640
1855 2640
1856 2640
1857 2640
1858 2640
1859 2640
1860 2640
1861 2640
1862 2640
1863 2640
1864 2640
1865 2640
1866 2640
1867 2640
1868 2640
1869 2640
1870 2640
1871 2640
1872 2640
1873 2640
1874 2640
1875 2640
1876 2640
1877 2640
1878 2640
1879 2640
1880 2640
1881 2640
1882 2640
1883 2640
1884 2640
1885 2640
1886 2640
1887 2640
1888 2640
1889 2640
1890 2640
1891 2640
1892 2640
1893 2640
1894 2640
1895 2640
1896 2640
1897 2640
1898 2640
1899 2640
1900 2640
1901 2640
1902 2640
1903 2640
1904 2640
1905 2640
1906 2640
1907 2640
1908 2640
1909 2640
1910 2640
1911 2640
1912 2640
1913 2640
1914 2640
1915 2640
1916 2640
1917 2640
1918 2640
1919 2640
1920 2640
1921 2640
1922 2640
1923 2640
1924 2640
1925 2640
1926 2640
1927 2640
1928 2640
1929 2640
1930 2640
1931 2640
1932 2640
1933 2640
1934 2640
1935 2640
1936 2640
1937 2640
1938 2640
1939 2640
1940 2640
1941 2640
1942 2640
1943 2640
1944 2640
1945 2640
1946 2640
1947 2640
1948 2640
1949 2640
1950 2640
1951 2640
1952 2640
1953 2640
1954 2640
1955 2640
1956 2640
1957 2640
1958 2640
1959 2640
1960 2640
1961 2640
1962 2640
1963 2640
1964 2640
1965 2640
1966 2640
1967 2640
1968 2640
1969 2640
1970 2640
1971 2640
1972 2640
1973 2640
1974 2640
1975 2640
1976 2640
1977 2640
1978 2640
1979 2640
1980 2640
1981 2640
1982 2640
1983 2640
1984 2640
1985 2640
1986 2640
1987 2640
1988 2640
1989 2640
1990 2640
1991 2640
1992 2640
1993 2640
1994 2640
1995 2640
1996 2640
1997 2640
1998 2640
1999 2640
2000 2640
2001 2640
2002 2640
2003 2640
2004 2640
2005 2640
2006 2640
2007 2640
2008 2640
2009 2640
2010 2640
2011 2640
2012 2640
2013 2640
2014 2640
2015 2640
2016 2640
2017 2640
2018 2640
2019 2640
2020 2640
2021 2640
2022 2640
2023 2640
2024 2640
2025 2640
2026 2640
2027 2640
2028 2640
2029 2640
2030 2640
2031 2640
2032 2640
2033 2640
2034 2640
2035 2640
2036 2640
2037 2640
2038 2640
2039 2640
2040 2640
2041 2640
2042 2640
2043 2640
2044 2640
2045 2640
2046 2640
2047 2640
2048 2640
2049 2640
2050 2640
2051 2640
2052 2640
2053 2640
2054 2640
2055 2640
2056 2640
2057 2640
2058 2640
2059 2640
2060 2640
2061 2640
2062 2640
2063 2640
2064 2640
2065 2640
2066 2640
2067 2640
2068 2640
2069 2640
2070 2640
2071 2640
2072 2640
2073 2640
2074 2640
2075 2640
2076 2640
2077 2640
2078 2640
2079 2640
2080 2640
2081 2640
2082 2640
2083 2640
2084 2640
2085 2640
2086 2640
2087 2640
2088 2640
2089 2640
2090 2640
2091 2640
2092 2640
2093 2640
2094 2640
2095 2640
2096 2640
2097 2640
2098 2640
2099 2640
2100 2640
2101 2640
2102 2640
2103 2640
2104 2640
2105 2640
2106 2640
2107 2640
2108 2640
2109 2640
2110 2640
2111 2640
2112 2640
2113 2640
2114 2640
2115 2640
2116 2640
2117 2640
2118 2640
2119 2640
2120 2640
2121 2640
2122 2640
2123 2640
2124 2640
2125 2640
2126 2640
2127 2640
2128 2640
2129 2640
2130 2640
2131 2640
2132 2640
2133 2640
2134 2640
2135 2640
2136 2640
2137 2640
2138 2640
2139 2640
2140 2640
2141 2640
2142 2640
2143 2640
2144 2640
2145 2640
2146 2640
2147 2640
2148 2640
2149 2640
2150 2640
2151 2640
2152 2640
2153 2640
2154 2640
2155 2640
2156 2640
2157 2640
2158 2640
2159 2640
2160 2640
2161 2640
2162 2640
2163 2640
2164 2640
2165 2640
2166 2640
2167 2640
2168 2640
2169 2640
2170 2640
2171 2640
2172 2640
2173 2640
2174 2640
2175 2640
2176 2640
2177 2640
2178 2640
2179 2640
2180 2640
2181 2640
2182 2640
2183 2640
2184 2640
2185 2640
2186 2640
2187 2640
2188 2640
2189 2640
2190 2640
2191 2640
2192 2640
2193 2640
2194 2640
2195 2640
2196 2640
2197 2640
2198 2640
2199 2640
2200 2640
2201 2640
2202 2640
2203 2640
2204 2640
2205 2640
2206 2640
2207 2640
2208 2640
2209 2640
2210 2640
2211 2640
2212 2640
2213 2640
2214 2640
2215 2640
2216 2640
2217 2640
2218 2640
2219 2640
2220 2640
2221 2640
2222 2640
2223 2640
2224 2640
2225 2640
2226 2640
2227 2640
2228 2640
2229 2640
2230 2640
2231 2640
2232 2640
2233 2640
2234 2640
2235 2640
2236 2640
2237 2640
2238 2640
2239 2640
2240 2640
2241 2640
2242 2640
2243 2640
2244 2640
2245 2640
2246 2640
2247 2640
2248 2640
2249 2640
2250 2640
2251 2640
2252 2640
2253 2640
2254 2640
2255 2640
2256 2640
2257 2640
2258 2640
2259 2640
2260 2640
2261 2640
2262 2640
2263 2640
2264 2640
2265 2640
2266 2640
2267 2640
2268 2640
2269 2640
2270 2640
2271 2640
2272 2640
2273 2640
2274 2640
2275 2640
2276 2640
2277 2640
2278 2640
2279 2640
2280 2640
2281 2640
2282 2640
2283 2640
2284 2640
2285 2640
2286 2640
2287 2640
2288 2640
2289 2640
2290 2640
2291 2640
2292 2640
2293 2640
2294 2640
2295 2640
2296 2640
2297 2640
2298 2640
2299 2640
2300 2640
2301 2640
2302 2640
2303 2640
2304 2640
2305 2640
2306 2640
2307 2640
2308 2640
2309 2640
2310 2640
2311 2640
2312 2640
2313 2640
2314 2640
2315 2640
2316 2640
2317 2640
2318 2640
2319 2640
2320 2640
2321 2640
2322 2640
2323 2640
2324 2640
2325 2640
2326 2640
2327 2640
2328 2640
2329 2640
2330 2640
2331 2640
2332 2640
2333 2640
2334 2640
2335 2640
2336 2640
2337 2640
2338 2640
2339 2640
2340 2640
2341 2640
2342 2640
2343 2640
2344 2640
2345 2640
2346 2640
2347 2640
2348 2640
2349 2640
2350 2640
2351 2640
2352 2640
2353 2640
2354 2640
2355 2640
2356 2640
2357 2640
2358 2640
2359 2640
2360 2640
2361 2640
2362 2640
2363 2640
2364 2640
2365 2640
2366 2640
2367 2640
2368 2640
2369 2640
2370 2640
2371 2640
2372 2640
2373 2640
2374 2640
2375 2640
2376 2640
2377 2640
2378 2640
2379 2640
2380 2640
2381 2640
2382 2640
2383 2640
2384 2640
2385 2640
2386 2640
2387 2640
2388 2640
2389 2640
2390 2640
2391 2640
2392 2640
2393 2640
2394 2640
2395 2640
2396 2640
2397 2640
2398 2640
2399 2640
2400 2640
2401 2640
2402 2640
2403 2640
2404 2640
2405 2640
2406 2640
2407 2640
2408 2640
2409 2640
2410 2640
2411 2640
2412 2640
2413 2640
2414 2640
2415 2640
2416 2640
2417 2640
2418 2640
2419 2640
2420 2640
2421 2640
2422 2640
2423 2640
2424 2640
2425 2640
2426 2640
2427 2640
2428 2640
2429 2640
2430 2640
2431 2640
2432 2640
2433 2640
2434 2640
2435 2640
2436 2640
2437 2640
2438 2640
2439 2640
2440 2640
2441 2640
2442 2640
2443 2640
2444 2640
2445 2640
2446 2640
2447 2640
2448 2640
2449 2640
2450 2640
2451 2640
2452 2640
2453 2640
2454 2640
2455 2640
2456 2640
2457 2640
2458 2640
2459 2640
2460 2640
2461 2640
2462 2640
2463 2640
2464 2640
2465 2640
2466 2640
2467 2640
2468 2640
2469 2640
2470 2640
2471 2640
2472 2640
2473 2640
2474 2640
2475 2640
2476 2640
2477 2640
2478 2640
2479 2640
2480 2640
2481 2640
2482 2640
2483 2640
2484 2640
2485 2640
2486 2640
2487 2640
2488 2640
2489 2640
2490 2640
2491 2640
2492 2640
2493 2640
2494 2640
2495 2640
2496 2640
2497 2640
2498 2640
2499 2640
2500 2640
2501 2640
2502 2640
2503 2640
2504 2640
2505 2640
2506 2640
2507 2640
2508 2640
2509 2640
2510 2640
2511 2640
2512 2640
2513 2640
2514 2640
2515 2640
2516 2640
2517 2640
2518 2640
2519 2640
2520 2640
2521 2640
2522 2640
2523 2640
2524 2640
2525 2640
2526 2640
2527 2640
2528 2640
2529 2640
2530 2640
2531 2640
2532 2640
2533 2640
2534 2640
2535 2640
2536 2640
2537 2640
2538 2640
2539 2640
2540 2640
2541 2640
2542 2640
2543 2640
2544 2640
2545 2640
2546 2640
2547 2640
2548 2640
2549 2640
2550 2640
2551 2640
2552 2640
2553 2640
2554 2640
2555 2640
2556 2640
2557 2640
2558 2640
2559 2640
2560 2640
2561 2640
2562 2640
2563 2640
2564 2640
2565 2640
2566 2640
2567 2640
2568 2640
2569 2640
2570 2640
2571 2640
2572 2640
2573 2640
2574 2640
2575 2640
2576 2640
2577 2640
2578 2640
2579 2640
2580 2640
2581 2640
2582 2640
2583 2640
2584 2640
2585 2640
2586 2640
2587 2640
2588 2640
2589 2640
2590 2640
2591 2640
2592 2640
2593 2640
2594 2640
2595 2640
2596 2640
2597 2640
2598 2640
2599 2640
2600 2640
2601 2640
2602 2640
2603 2640
2604 2640
2605 2640
2606 2640
2607 2640
2608 2640
2609 2640
2610 2640
2611 2640
2612 2640
2613 2640
2614 2640
2615 2640
2616 2640
2617 2640
2618 2640
2619 2640
2620 2640
2621 2640
2622 2640
2623 2640
2624 2640
2625 2640
2626 2640
2627 2640
2628 2640
2629 2640
2630 2640
2631 2640
2632 2640
2633 2640
2634 2640
2635 2640
2636 2640
2637 2640
2638 2640
2639 2640
2640 2640
2641 2640
2642 2640
2643 2640
2644 2640
2645 2640
2646 2640
2647 2640
2648 2640
2649 2640
2650 2640
2651 2640
2652 2640
2653 2640
2654 2640
2655 2640
2656 2640
2657 2640
2658 2640
2659 2640
2660 2640
2661 2640
2662 2640
2663 2640
2664 2640
2665 2640
2666 2640
2667 2640
2668 2640
2669 2640
2670 2640
2671 2640
2672 2640
2673 2640
2674 2640
2675 2640
2676 2640
2677 2640
2678 2640
2679 2640
2680 2640
2681 2640
2682 2640
2683 2640
2684 2640
2685 2640
2686 2640
2687 2640
2688 2640
2689 2640
2690 2640
2691 2640
2692 2640
2693 2640
2694 2640
2695 2640
2696 2640
2697 2640
2698 2640
2699 2640
2700 2640
2701 2640
2702 2640
2703 2640
2704 2640
2705 2640
2706 2640
2707 2640
2708 2640
2709 2640
2710 2640
2711 2640
2712 2640
2713 2640
2714 2640
2715 2640
2716 2640
2717 2640
2718 2640
2719 2640
2720 2640
2721 2640
2722 2640
2723 2640
2724 2640
2725 2640
2726 2640
2727 2640
2728 2640
2729 2640
2730 2640
2731 2640
2732 2640
2733 2640
2734 2640
2735 2640
2736 2640
2737 2640
2738 2640
2739 2640
2740 2640
2741 2640
2742 2640
2743 2640
2744 2640
2745 2640
2746 2640
2747 2640
2748 2640
2749 2640
2750 2640
2751 2640
2752 2640
2753 2640
2754 2640
2755 2640
2756 2640
2757 2640
2758 2640
2759 2640
2760 2640
2761 2640
2762 2640
2763 2640
2764 2640
2765 2640
2766 2640
2767 2640
2768 2640
2769 2640
2770 2640
2771 2640
2772 2640
2773 2640
2774 2640
2775 2640
2776 2640
2777 2640
2778 2640
2779 2640
2780 2640
2781 2640
2782 2640
2783 2640
2784 2640
2785 2640
2786 2640
2787 2640
2788 2640
2789 2640
2790 2640
2791 2640
2792 2640
2793 2640
2794 2640
2795 2640
2796 2640
2797 2640
2798 2640
2799 2640
2800 2640
2801 2640
2802 2640
2803 2640
2804 2640
2805 2640
2806 2640
2807 2640
2808 2640
2809 2640
2810 2640
2811 2640
2812 2640
2813 2639
2814 2638
2815 2637
2816 2636
2817 2635
2818 2635
2819 2633
2820 2632
2821 2631
2822 2630
2823 2630
2824 2630
2825 2630
2826 2630
2827 2626
2828 2626
2829 2625
2830 2624
2831 2624
2832 2621
2833 2614
2834 2613
2835 2612
2836 2609
2837 2608
2838 2607
2839 2605
2840 2605
2841 2605
2842 2605
2843 2605
2844 2605
2845 2604
2846 2603
2847 2602
2848 2602
2849 2601
2850 2601
2851 2600
2852 2600
2853 2600
2854 2600
2855 2600
2856 2600
2857 2600
2858 2600
2859 2600
2860 2598
2861 2598
2862 2598
2863 2598
2864 2598
2865 2598
2866 2598
2867 2597
2868 2595
2869 2595
2870 2595
2871 2595
2872 2594
2873 2593
2874 2592
2875 2592
2876 2592
2877 2591
2878 2591
2879 2591
2880 2588
2881 2587
2882 2587
2883 2587
2884 2583
2885 2583
2886 2582
2887 2582
2888 2582
2889 2582
2890 2582
2891 2577
2892 2567
2893 2558
2894 2558
2895 2556
2896 2554
2897 2554
2898 2554
2899 2552
2900 2551
2901 2551
2902 2550
2903 2550
2904 2548
2905 2548
2906 2548
2907 2547
2908 2545
2909 2544
2910 2543
2911 2543
2912 2543
2913 2542
2914 2538
2915 2538
2916 2537
2917 2535
2918 2535
2919 2534
2920 2533
2921 2533
2922 2531
2923 2531
2924 2531
2925 2530
2926 2530
2927 2529
2928 2528
2929 2528
2930 2527
2931 2526
2932 2523
2933 2522
2934 2522
2935 2522
2936 2519
2937 2519
2938 2517
2939 2516
2940 2516
2941 2516
2942 2516
2943 2515
2944 2515
2945 2511
2946 2506
2947 2501
2948 2491
2949 2486
2950 2484
2951 2482
2952 2482
2953 2481
2954 2481
2955 2480
2956 2480
2957 2480
2958 2479
2959 2477
2960 2476
2961 2474
2962 2473
2963 2471
2964 2471
2965 2471
2966 2471
2967 2469
2968 2469
2969 2469
2970 2469
2971 2468
2972 2466
2973 2466
2974 2466
2975 2465
2976 2462
2977 2462
2978 2461
2979 2460
2980 2460
2981 2459
2982 2459
2983 2459
2984 2458
2985 2457
2986 2456
2987 2456
2988 2454
2989 2454
2990 2454
2991 2453
2992 2453
2993 2453
2994 2453
2995 2452
2996 2452
2997 2452
2998 2452
2999 2451
3000 2449
3001 2448
3002 2447
3003 2446
3004 2433
3005 2420
3006 2403
3007 2401
3008 2401
3009 2400
3010 2399
3011 2398
3012 2398
3013 2398
3014 2397
3015 2397
3016 2395
3017 2394
3018 2394
3019 2394
3020 2392
3021 2391
3022 2391
3023 2391
3024 2391
3025 2391
3026 2391
3027 2391
3028 2391
3029 2390
3030 2390
3031 2390
3032 2390
3033 2389
3034 2388
3035 2388
3036 2387
3037 2386
3038 2386
3039 2384
3040 2384
3041 2382
3042 2379
3043 2379
3044 2378
3045 2377
3046 2377
3047 2377
3048 2376
3049 2376
3050 2376
3051 2375
3052 2375
3053 2375
3054 2375
3055 2375
3056 2374
3057 2373
3058 2373
3059 2373
3060 2367
3061 2344
3062 2320
3063 2320
3064 2320
3065 2319
3066 2316
3067 2316
3068 2315
3069 2315
3070 2312
3071 2310
3072 2310
3073 2309
3074 2309
3075 2309
3076 2309
3077 2309
3078 2309
3079 2307
3080 2304
3081 2304
3082 2302
3083 2302
3084 2302
3085 2302
3086 2302
3087 2301
3088 2300
3089 2300
3090 2299
3091 2299
3092 2298
3093 2298
3094 2297
3095 2297
3096 2296
3097 2296
3098 2295
3099 2295
3100 2295
3101 2295
3102 2294
3103 2294
3104 2294
3105 2292
3106 2291
3107 2290
3108 2290
3109 2290
3110 2289
3111 2288
3112 2288
3113 2288
3114 2287
3115 2286
3116 2282
3117 2268
3118 2241
3119 2241
3120 2239
3121 2237
3122 2237
3123 2237
3124 2236
3125 2235
3126 2234
3127 2232
3128 2230
3129 2230
3130 2230
3131 2229
3132 2228
3133 2228
3134 2227
3135 2227
3136 2227
3137 2226
3138 2226
3139 2224
3140 2223
3141 2221
3142 2220
3143 2220
3144 2220
3145 2220
3146 2219
3147 2217
3148 2217
3149 2217
3150 2217
3151 2216
3152 2216
3153 2215
3154 2215
3155 2215
3156 2215
3157 2214
3158 2212
3159 2212
3160 2212
3161 2212
3162 2212
3163 2212
3164 2210
3165 2210
3166 2209
3167 2207
3168 2207
3169 2207
3170 2206
3171 2205
3172 2204
3173 2204
3174 2182
3175 2157
3176 2142
3177 2138
3178 2138
3179 2137
3180 2137
3181 2137
3182 2137
3183 2136
3184 2136
3185 2134
3186 2134
3187 2133
3188 2133
3189 2133
3190 2133
3191 2132
3192 2132
3193 2131
3194 2130
3195 2130
3196 2129
3197 2129
3198 2128
3199 2128
3200 2128
3201 2127
3202 2125
3203 2123
3204 2123
3205 2122
3206 2122
3207 2121
3208 2120
3209 2120
3210 2119
3211 2118
3212 2118
3213 2118
3214 2117
3215 2117
3216 2115
3217 2114
3218 2114
3219 2114
3220 2114
3221 2113
3222 2112
3223 2111
3224 2111
3225 2111
3226 2110
3227 2102
3228 2089
3229 2075
3230 2048
3231 2048
3232 2048
3233 2047
3234 2047
3235 2047
3236 2047
3237 2044
3238 2043
3239 2042
3240 2041
3241 2040
3242 2040
3243 2039
3244 2039
3245 2039
3246 2039
3247 2039
3248 2037
3249 2037
3250 2035
3251 2035
3252 2035
3253 2035
3254 2035
3255 2035
3256 2035
3257 2035
3258 2035
3259 2035
3260 2035
3261 2035
3262 2035
3263 2033
3264 2032
3265 2029
3266 2029
3267 2029
3268 2029
3269 2026
3270 2024
3271 2024
3272 2023
3273 2022
3274 2021
3275 2021
3276 2021
3277 2020
3278 2020
3279 2020
3280 2020
3281 2020
3282 2020
3283 2009
3284 1982
3285 1958
3286 1958
3287 1957
3288 1957
3289 1955
3290 1954
3291 1953
3292 1953
3293 1952
3294 1952
3295 1950
3296 1949
3297 1948
3298 1948
3299 1948
3300 1947
3301 1947
3302 1945
3303 1944
3304 1942
3305 1940
3306 1940
3307 1938
3308 1938
3309 1938
3310 1938
3311 1938
3312 1937
3313 1935
3314 1934
3315 1933
3316 1933
3317 1933
3318 1932
3319 1932
3320 1932
3321 1930
3322 1929
3323 1929
3324 1929
3325 1929
3326 1929
3327 1926
3328 1924
3329 1922
3330 1922
3331 1922
3332 1922
3333 1922
3334 1921
3335 1919
3336 1918
3337 1918
3338 1918
3339 1889
3340 1848
3341 1846
3342 1843
3343 1843
3344 1842
3345 1842
3346 1840
3347 1838
3348 1838
3349 1837
3350 1836
3351 1836
3352 1835
3353 1835
3354 1834
3355 1832
3356 1828
3357 1827
3358 1823
3359 1822
3360 1822
3361 1822
3362 1822
3363 1759
3364 1746
3365 1746
3366 1746
3367 1746
3368 1746
3369 1746
3370 1746
3371 1746
3372 1746
3373 1746
3374 1746
3375 1746
3376 1746
3377 1746
3378 1746
3379 1746
3380 1746
3381 1746
3382 1746
3383 1746
3384 1746
3385 1746
3386 1746
3387 1746
3388 1746
3389 1746
3390 1746
3391 1746
3392 1746
3393 1746
3394 1746
3395 1746
3396 1746
3397 1746
3398 1746
3399 1746
3400 1746
3401 1746
3402 1746
3403 1746
3404 1746
3405 1746
3406 1746
3407 1746
3408 1738
3409 1712
3410 1682
3411 1676
3412 1676
3413 1676
3414 1676
3415 1676
3416 1676
3417 1676
3418 1676
3419 1676
3420 1676
3421 1676
3422 1676
3423 1676
3424 1676
3425 1676
3426 1676
3427 1676
3428 1676
3429 1676
3430 1676
3431 1676
3432 1676
3433 1676
3434 1676
3435 1676
3436 1676
3437 1676
3438 1676
3439 1676
3440 1676
3441 1676
3442 1676
3443 1676
3444 1676
3445 1676
3446 1676
3447 1676
3448 1676
3449 1676
3450 1676
3451 1676
3452 1676
3453 1676
3454 1676
3455 1676
3456 1676
3457 1676
3458 1676
3459 1676
3460 1676
3461 1676
3462 1676
3463 1663
3464 1635
3465 1619
3466 1619
3467 1619
3468 1619
3469 1619
3470 1619
3471 1619
3472 1619
3473 1619
3474 1619
3475 1619
3476 1619
3477 1619
3478 1619
3479 1619
3480 1619
3481 1619
3482 1619
3483 1619
3484 1619
3485 1619
3486 1619
3487 1619
3488 1619
3489 1619
3490 1619
3491 1619
3492 1619
3493 1619
3494 1619
3495 1619
3496 1619
3497 1619
3498 1619
3499 1619
3500 1619
3501 1619
3502 1619
3503 1619
3504 1619
3505 1619
3506 1619
3507 1609
3508 1575
3509 1554
3510 1554
3511 1554
3512 1554
3513 1554
3514 1554
3515 1554
3516 1554
3517 1554
3518 1554
3519 1554
3520 1554
3521 1554
3522 1554
3523 1554
3524 1554
3525 1554
3526 1554
3527 1554
3528 1554
3529 1554
3530 1554
3531 1554
3532 1554
3533 1554
3534 1554
3535 1554
3536 1554
3537 1554
3538 1554
3539 1554
3540 1554
3541 1554
3542 1554
3543 1554
3544 1554
3545 1554
3546 1554
3547 1554
3548 1554
3549 1554
3550 1554
3551 1554
3552 1554
3553 1538
3554 1516
3555 1485
3556 1485
3557 1485
3558 1485
3559 1485
3560 1485
3561 1485
3562 1485
3563 1485
3564 1485
3565 1485
3566 1485
3567 1485
3568 1485
3569 1485
3570 1485
3571 1485
3572 1485
3573 1485
3574 1485
3575 1485
3576 1485
3577 1485
3578 1485
3579 1485
3580 1485
3581 1485
3582 1485
3583 1485
3584 1485
3585 1485
3586 1485
3587 1485
3588 1485
3589 1485
3590 1485
3591 1485
3592 1485
3593 1485
3594 1485
3595 1485
3596 1485
3597 1485
3598 1485
3599 1485
3600 1485
3601 1485
3602 1485
3603 1485
3604 1485
3605 1485
3606 1485
3607 1485
3608 1485
3609 1485
3610 1477
3611 1445
3612 1419
3613 1419
3614 1419
3615 1419
3616 1419
3617 1419
3618 1419
3619 1419
3620 1419
3621 1419
3622 1419
3623 1419
3624 1419
3625 1419
3626 1419
3627 1419
3628 1419
3629 1419
3630 1419
3631 1419
3632 1419
3633 1419
3634 1419
3635 1419
3636 1419
3637 1419
3638 1419
3639 1419
3640 1419
3641 1419
3642 1419
3643 1419
3644 1419
3645 1419
3646 1419
3647 1419
3648 1419
3649 1419
3650 1419
3651 1419
3652 1419
3653 1419
3654 1419
3655 1419
3656 1419
3657 1419
3658 1419
3659 1419
3660 1419
3661 1419
3662 1419
3663 1419
3664 1419
3665 1419
3666 1419
3667 1419
3668 1419
3669 1419
3670 1419
3671 1419
3672 1398
3673 1382
3674 1368
3675 1368
3676 1368
3677 1368
3678 1368
3679 1368
3680 1368
3681 1368
3682 1368
3683 1368
3684 1368
3685 1368
3686 1368
3687 1368
3688 1368
3689 1368
3690 1368
3691 1368
3692 1368
3693 1368
3694 1368
3695 1368
3696 1368
3697 1368
3698 1368
3699 1368
3700 1368
3701 1368
3702 1368
3703 1368
3704 1368
3705 1368
3706 1368
3707 1368
3708 1368
3709 1368
3710 1368
3711 1368
3712 1368
3713 1368
3714 1368
3715 1368
3716 1368
3717 1368
3718 1368
3719 1368
3720 1368
3721 1368
3722 1368
3723 1368
3724 1368
3725 1368
3726 1368
3727 1368
3728 1368
3729 1368
3730 1368
3731 1368
3732 1368
3733 1368
3734 1368
3735 1362
3736 1326
3737 1313
3738 1313
3739 1313
3740 1313
3741 1313
3742 1313
3743 1313
3744 1313
3745 1313
3746 1313
3747 1313
3748 1313
3749 1313
3750 1313
3751 1313
3752 1313
3753 1313
3754 1313
3755 1313
3756 1313
3757 1313
3758 1313
3759 1313
3760 1313
3761 1313
3762 1313
3763 1313
3764 1313
3765 1313
3766 1313
3767 1313
3768 1313
3769 1313
3770 1313
3771 1313
3772 1313
3773 1313
3774 1313
3775 1313
3776 1313
3777 1313
3778 1313
3779 1313
3780 1313
3781 1313
3782 1313
3783 1313
3784 1313
3785 1313
3786 1313
3787 1313
3788 1306
3789 1288
3790 1253
3791 1253
3792 1253
3793 1253
3794 1253
3795 1253
3796 1253
3797 1253
3798 1253
3799 1253
3800 1253
3801 1253
3802 1253
3803 1253
3804 1253
3805 1253
3806 1253
3807 1253
3808 1253
3809 1253
3810 1253
3811 1253
3812 1253
3813 1253
3814 1253
3815 1253
3816 1253
3817 1253
3818 1253
3819 1253
3820 1253
3821 1253
3822 1253
3823 1253
3824 1253
3825 1253
3826 1253
3827 1253
3828 1253
3829 1253
3830 1253
3831 1253
3832 1253
3833 1253
3834 1253
3835 1253
3836 1253
3837 1253
3838 1253
3839 1253
3840 1242
3841 1222
3842 1206
3843 1199
3844 1199
3845 1199
3846 1199
3847 1199
3848 1199
3849 1199
3850 1199
3851 1199
3852 1199
3853 1199
3854 1199
3855 1199
3856 1199
3857 1199
3858 1199
3859 1199
3860 1199
3861 1199
3862 1199
3863 1199
3864 1199
3865 1199
3866 1199
3867 1199
3868 1199
3869 1199
3870 1199
3871 1199
3872 1199
3873 1199
3874 1199
3875 1199
3876 1199
3877 1199
3878 1199
3879 1199
3880 1199
3881 1199
3882 1199
3883 1199
3884 1199
3885 1199
3886 1199
3887 1199
3888 1199
3889 1199
3890 1199
3891 1199
3892 1199
3893 1199
3894 1199
3895 1199
3896 1199
3897 1199
3898 1199
3899 1199
3900 1199
3901 1199
3902 1199
3903 1199
3904 1176
3905 1160
3906 1153
3907 1153
3908 1153
3909 1153
3910 1153
3911 1153
3912 1153
3913 1153
3914 1153
3915 1153
3916 1153
3917 1153
3918 1153
3919 1153
3920 1153
3921 1153
3922 1153
3923 1153
3924 1153
3925 1153
3926 1153
3927 1153
3928 1153
3929 1153
3930 1153
3931 1153
3932 1153
3933 1153
3934 1153
3935 1153
3936 1153
3937 1153
3938 1153
3939 1153
3940 1153
3941 1153
3942 1153
3943 1153
3944 1153
3945 1153
3946 1153
3947 1153
3948 1153
3949 1153
3950 1153
3951 1153
3952 1153
3953 1153
3954 1153
3955 1153
3956 1153
3957 1153
3958 1153
3959 1153
3960 1153
3961 1153
3962 1153
3963 1153
3964 1153
3965 1153
3966 1135
3967 1124
3968 1109
3969 1103
3970 1103
3971 1103
3972 1103
3973 1103
3974 1103
3975 1103
3976 1103
3977 1103
3978 1103
3979 1103
3980 1103
3981 1103
3982 1103
3983 1103
3984 1103
3985 1103
3986 1103
3987 1103
3988 1103
3989 1103
3990 1103
3991 1103
3992 1103
3993 1103
3994 1103
3995 1103
3996 1103
3997 1103
3998 1103
3999 1103
4000 1103
4001 1103
4002 1103
4003 1103
4004 1103
4005 1103
4006 1103
4007 1103
4008 1103
4009 1103
4010 1103
4011 1103
4012 1103
4013 1103
4014 1103
4015 1103
4016 1103
4017 1103
4018 1103
4019 1103
4020 1103
4021 1103
4022 1103
4023 1103
4024 1103
4025 1103
4026 1103
4027 1103
4028 1103
4029 1103
4030 1087
4031 1066
4032 1053
4033 1053
4034 1053
4035 1053
4036 1053
4037 1053
4038 1053
4039 1053
4040 1053
4041 1053
4042 1053
4043 1053
4044 1053
4045 1053
4046 1053
4047 1053
4048 1053
4049 1053
4050 1053
4051 1053
4052 1053
4053 1053
4054 1053
4055 1053
4056 1053
4057 1053
4058 1053
4059 1053
4060 1053
4061 1053
4062 1053
4063 1053
4064 1053
4065 1053
4066 1053
4067 1053
4068 1053
4069 1053
4070 1053
4071 1053
4072 1053
4073 1053
4074 1053
4075 1053
4076 1053
4077 1053
4078 1053
4079 1053
4080 1053
4081 1053
4082 1053
4083 1053
4084 1053
4085 1053
4086 1053
4087 1053
4088 1053
4089 1053
4090 1053
4091 1053
4092 1053
4093 1053
4094 1053
4095 1048
4096 1029
4097 1006
4098 994
4099 994
4100 994
4101 994
4102 994
4103 994
4104 994
4105 994
4106 994
4107 994
4108 994
4109 994
4110 994
4111 994
4112 994
4113 994
4114 994
4115 994
4116 994
4117 994
4118 994
4119 994
4120 994
4121 994
4122 994
4123 994
4124 994
4125 994
4126 994
4127 994
4128 994
4129 994
4130 994
4131 994
4132 994
4133 994
4134 994
4135 994
4136 994
4137 994
4138 994
4139 994
4140 994
4141 994
4142 994
4143 994
4144 994
4145 994
4146 994
4147 994
4148 994
4149 994
4150 994
4151 994
4152 994
4153 994
4154 994
4155 994
4156 994
4157 994
4158 994
4159 994
4160 994
4161 994
4162 994
4163 975
4164 962
4165 950
4166 941
4167 941
4168 941
4169 941
4170 941
4171 941
4172 941
4173 941
4174 941
4175 941
4176 941
4177 941
4178 941
4179 941
4180 941
4181 941
4182 941
4183 941
4184 941
4185 941
4186 941
4187 941
4188 941
4189 941
4190 941
4191 941
4192 941
4193 941
4194 941
4195 941
4196 941
4197 941
4198 941
4199 941
4200 941
4201 941
4202 941
4203 941
4204 941
4205 941
4206 941
4207 941
4208 941
4209 941
4210 941
4211 941
4212 941
4213 941
4214 941
4215 941
4216 941
4217 941
4218 941
4219 941
4220 941
4221 941
4222 941
4223 941
4224 941
4225 941
4226 941
4227 941
4228 941
4229 941
4230 941
4231 941
4232 941
4233 936
4234 929
4235 910
4236 900
4237 895
4238 895
4239 895
4240 895
4241 895
4242 895
4243 895
4244 895
4245 895
4246 895
4247 895
4248 895
4249 895
4250 895
4251 895
4252 895
4253 895
4254 895
4255 895
4256 895
4257 895
4258 895
4259 895
4260 895
4261 895
4262 895
4263 895
4264 895
4265 895
4266 895
4267 895
4268 895
4269 895
4270 895
4271 895
4272 895
4273 895
4274 895
4275 895
4276 895
4277 895
4278 895
4279 895
4280 895
4281 895
4282 895
4283 895
4284 895
4285 895
4286 895
4287 895
4288 895
4289 895
4290 895
4291 895
4292 895
4293 895
4294 895
4295 895
4296 895
4297 895
4298 895
4299 895
4300 895
4301 895
4302 895
4303 886
4304 874
4305 859
4306 852
4307 852
4308 852
4309 852
4310 852
4311 852
4312 852
4313 852
4314 852
4315 852
4316 852
4317 852
4318 852
4319 852
4320 852
4321 852
4322 852
4323 852
4324 852
4325 852
4326 852
4327 852
4328 852
4329 852
4330 852
4331 852
4332 852
4333 852
4334 852
4335 852
4336 852
4337 852
4338 852
4339 852
4340 852
4341 852
4342 852
4343 852
4344 852
4345 852
4346 852
4347 852
4348 852
4349 852
4350 852
4351 852
4352 852
4353 852
4354 852
4355 852
4356 852
4357 852
4358 852
4359 852
4360 852
4361 852
4362 852
4363 852
4364 852
4365 852
4366 852
4367 852
4368 852
4369 852
4370 852
4371 852
4372 852
4373 852
4374 848
4375 842
4376 824
4377 809
4378 809
4379 809
4380 809
4381 809
4382 809
4383 809
4384 809
4385 809
4386 809
4387 809
4388 809
4389 809
4390 809
4391 809
4392 809
4393 809
4394 809
4395 809
4396 809
4397 809
4398 809
4399 809
4400 809
4401 809
4402 809
4403 809
4404 809
4405 809
4406 809
4407 809
4408 809
4409 809
4410 809
4411 809
4412 809
4413 809
4414 809
4415 809
4416 809
4417 809
4418 809
4419 809
4420 809
4421 809
4422 809
4423 809
4424 809
4425 809
4426 809
4427 809
4428 809
4429 809
4430 809
4431 809
4432 809
4433 809
4434 809
4435 809
4436 809
4437 809
4438 809
4439 809
4440 809
4441 809
4442 809
4443 809
4444 809
4445 799
4446 794
4447 783
4448 773
4449 773
4450 773
4451 773
4452 773
4453 773
4454 773
4455 773
4456 773
4457 773
4458 773
4459 773
4460 773
4461 773
4462 773
4463 773
4464 773
4465 773
4466 773
4467 773
4468 773
4469 773
4470 773
4471 773
4472 773
4473 773
4474 773
4475 773
4476 773
4477 773
4478 773
4479 773
4480 773
4481 773
4482 773
4483 773
4484 773
4485 773
4486 773
4487 773
4488 773
4489 773
4490 773
4491 773
4492 773
4493 773
4494 773
4495 773
4496 773
4497 773
4498 773
4499 773
4500 773
4501 773
4502 773
4503 773
4504 773
4505 773
4506 773
4507 773
4508 773
4509 773
4510 773
4511 773
4512 773
4513 773
4514 773
4515 757
4516 747
4517 736
4518 733
4519 733
4520 733
4521 733
4522 733
4523 733
4524 733
4525 733
4526 733
4527 733
4528 733
4529 733
4530 733
4531 733
4532 733
4533 733
4534 733
4535 733
4536 733
4537 733
4538 733
4539 733
4540 733
4541 733
4542 733
4543 733
4544 733
4545 733
4546 733
4547 733
4548 733
4549 733
4550 733
4551 733
4552 733
4553 733
4554 733
4555 733
4556 733
4557 733
4558 733
4559 733
4560 733
4561 733
4562 733
4563 733
4564 733
4565 733
4566 733
4567 733
4568 733
4569 733
4570 733
4571 733
4572 733
4573 733
4574 733
4575 733
4576 733
4577 733
4578 733
4579 733
4580 733
4581 733
4582 731
4583 712
4584 695
4585 692
4586 692
4587 692
4588 692
4589 692
4590 692
4591 692
4592 692
4593 692
4594 692
4595 692
4596 692
4597 692
4598 692
4599 692
4600 692
4601 692
4602 692
4603 692
4604 692
4605 692
4606 692
4607 692
4608 692
4609 692
4610 692
4611 692
4612 692
4613 692
4614 692
4615 692
4616 692
4617 692
4618 692
4619 692
4620 692
4621 692
4622 692
4623 692
4624 692
4625 692
4626 692
4627 692
4628 692
4629 692
4630 692
4631 692
4632 692
4633 692
4634 692
4635 692
4636 692
4637 692
4638 692
4639 692
4640 692
4641 692
4642 692
4643 692
4644 692
4645 692
4646 692
4647 692
4648 692
4649 681
4650 674
4651 667
4652 667
4653 667
4654 667
4655 667
4656 667
4657 667
4658 667
4659 667
4660 667
4661 667
4662 667
4663 667
4664 667
4665 667
4666 667
4667 667
4668 667
4669 667
4670 667
4671 667
4672 667
4673 667
4674 667
4675 667
4676 667
4677 667
4678 667
4679 667
4680 667
4681 667
4682 667
4683 667
4684 667
4685 667
4686 667
4687 667
4688 667
4689 667
4690 667
4691 667
4692 667
4693 667
4694 667
4695 667
4696 667
4697 667
4698 667
4699 667
4700 667
4701 667
4702 667
4703 667
4704 667
4705 667
4706 667
4707 667
4708 667
4709 667
4710 667
4711 658
4712 654
4713 645
4714 645
4715 645
4716 645
4717 645
4718 645
4719 645
4720 645
4721 645
4722 645
4723 645
4724 645
4725 645
4726 645
4727 645
4728 645
4729 645
4730 645
4731 645
4732 645
4733 645
4734 645
4735 645
4736 645
4737 645
4738 645
4739 645
4740 645
4741 645
4742 645
4743 645
4744 645
4745 645
4746 645
4747 645
4748 645
4749 645
4750 645
4751 645
4752 645
4753 645
4754 645
4755 645
4756 645
4757 645
4758 645
4759 645
4760 645
4761 645
4762 645
4763 645
4764 645
4765 645
4766 645
4767 645
4768 645
4769 645
4770 645
4771 645
4772 645
4773 620
4774 613
4775 608
4776 608
4777 608
4778 608
4779 608
4780 608
4781 608
4782 608
4783 608
4784 608
4785 608
4786 608
4787 608
4788 608
4789 608
4790 608
4791 608
4792 608
4793 608
4794 608
4795 608
4796 608
4797 608
4798 608
4799 608
4800 608
4801 608
4802 608
4803 608
4804 608
4805 608
4806 608
4807 608
4808 608
4809 608
4810 608
4811 608
4812 608
4813 608
4814 608
4815 608
4816 608
4817 608
4818 608
4819 608
4820 608
4821 608
4822 608
4823 608
4824 608
4825 608
4826 608
4827 608
4828 608
4829 608
4830 608
4831 608
4832 608
4833 608
4834 608
4835 603
4836 598
4837 593
4838 591
4839 591
4840 591
4841 591
4842 591
4843 591
4844 591
4845 591
4846 591
4847 591
4848 591
4849 591
4850 591
4851 591
4852 591
4853 591
4854 591
4855 591
4856 591
4857 591
4858 591
4859 591
4860 591
4861 591
4862 591
4863 591
4864 591
4865 591
4866 591
4867 591
4868 591
4869 591
4870 591
4871 591
4872 591
4873 591
4874 591
4875 591
4876 591
4877 591
4878 591
4879 591
4880 591
4881 591
4882 591
4883 591
4884 591
4885 591
4886 591
4887 591
4888 591
4889 591
4890 591
4891 591
4892 591
4893 591
4894 591
4895 591
4896 591
4897 591
4898 591
4899 591
4900 586
4901 571
4902 562
4903 562
4904 562
4905 562
4906 562
4907 562
4908 562
4909 562
4910 562
4911 562
4912 562
4913 562
4914 562
4915 562
4916 562
4917 562
4918 562
4919 562
4920 562
4921 562
4922 562
4923 562
4924 562
4925 562
4926 562
4927 562
4928 562
4929 562
4930 562
4931 562
4932 562
4933 562
4934 562
4935 562
4936 562
4937 562
4938 562
4939 562
4940 562
4941 562
4942 562
4943 562
4944 562
4945 562
4946 562
4947 562
4948 562
4949 562
4950 562
4951 562
4952 562
4953 562
4954 562
4955 562
4956 562
4957 562
4958 562
4959 562
4960 562
4961 562
4962 562
4963 559
4964 541
4965 530
4966 530
4967 530
4968 530
4969 530
4970 530
4971 530
4972 530
4973 530
4974 530
4975 530
4976 530
4977 530
4978 530
4979 530
4980 530
4981 530
4982 530
4983 530
4984 530
4985 530
4986 530
4987 530
4988 530
4989 530
4990 530
4991 530
4992 530
4993 530
4994 530
4995 530
4996 530
4997 530
4998 530
4999 530
5000 530
5001 530
5002 530
5003 530
5004 530
5005 530
5006 530
5007 530
5008 530
5009 530
5010 530
5011 530
5012 530
5013 530
5014 530
5015 530
5016 530
5017 530
5018 530
5019 530
5020 530
5021 530
5022 530
5023 530
5024 530
5025 530
5026 523
5027 516
5028 510
5029 506
5030 506
5031 506
5032 506
5033 506
5034 506
5035 506
5036 506
5037 506
5038 506
5039 506
5040 506
5041 506
5042 506
5043 506
5044 506
5045 506
5046 506
5047 506
5048 506
5049 506
5050 506
5051 506
5052 506
5053 506
5054 506
5055 506
5056 506
5057 506
5058 506
5059 506
5060 506
5061 506
5062 506
5063 506
5064 506
5065 506
5066 506
5067 506
5068 506
5069 506
5070 506
5071 506
5072 506
5073 506
5074 506
5075 506
5076 506
5077 506
5078 506
5079 506
5080 506
5081 506
5082 506
5083 506
5084 506
5085 506
5086 506
5087 506
5088 506
5089 506
5090 506
5091 506
5092 499
5093 494
5094 493
5095 493
5096 493
5097 493
5098 493
5099 493
5100 493
5101 493
5102 493
5103 493
5104 493
5105 493
5106 493
5107 493
5108 493
5109 493
5110 493
5111 493
5112 493
5113 493
5114 493
5115 493
5116 493
5117 493
5118 493
5119 493
5120 493
5121 493
5122 493
5123 493
5124 493
5125 493
5126 493
5127 493
5128 493
5129 493
5130 493
5131 493
5132 493
5133 493
5134 493
5135 493
5136 493
5137 493
5138 493
5139 493
5140 493
5141 493
5142 493
5143 493
5144 493
5145 493
5146 493
5147 490
5148 485
5149 477
5150 473
5151 473
5152 473
5153 473
5154 473
5155 473
5156 473
5157 473
5158 473
5159 473
5160 473
5161 473
5162 473
5163 473
5164 473
5165 473
5166 473
5167 473
5168 473
5169 473
5170 473
5171 473
5172 473
5173 473
5174 473
5175 473
5176 473
5177 473
5178 473
5179 473
5180 473
5181 473
5182 473
5183 473
5184 473
5185 473
5186 473
5187 473
5188 473
5189 473
5190 473
5191 473
5192 473
5193 473
5194 473
5195 473
5196 473
5197 473
5198 473
5199 473
5200 473
5201 473
5202 473
5203 473
5204 473
5205 473
5206 473
5207 473
5208 473
5209 473
5210 473
5211 473
5212 473
5213 473
5214 473
5215 473
5216 473
5217 473
5218 472
5219 464
5220 454
5221 450
5222 450
5223 450
5224 450
5225 450
5226 450
5227 450
5228 450
5229 450
5230 450
5231 450
5232 450
5233 450
5234 450
5235 450
5236 450
5237 450
5238 450
5239 450
5240 450
5241 450
5242 450
5243 450
5244 450
5245 450
5246 450
5247 450
5248 450
5249 450
5250 450
5251 450
5252 450
5253 450
5254 450
5255 450
5256 450
5257 450
5258 450
5259 450
5260 450
5261 450
5262 450
5263 450
5264 450
5265 450
5266 450
5267 450
5268 450
5269 450
5270 450
5271 450
5272 450
5273 450
5274 450
5275 450
5276 450
5277 450
5278 450
5279 450
5280 450
5281 450
5282 450
5283 450
5284 450
5285 450
5286 450
5287 450
5288 450
5289 450
5290 447
5291 444
5292 440
5293 435
5294 435
5295 435
5296 435
5297 435
5298 435
5299 435
5300 435
5301 435
5302 435
5303 435
5304 435
5305 435
5306 435
5307 435
5308 435
5309 435
5310 435
5311 435
5312 435
5313 435
5314 435
5315 435
5316 435
5317 435
5318 435
5319 435
5320 435
5321 435
5322 435
5323 435
5324 435
5325 435
5326 435
5327 435
5328 435
5329 435
5330 435
5331 435
5332 435
5333 435
5334 435
5335 435
5336 435
5337 435
5338 435
5339 435
5340 435
5341 435
5342 435
5343 435
5344 435
5345 435
5346 435
5347 435
5348 435
5349 435
5350 435
5351 435
5352 435
5353 435
5354 435
5355 435
5356 435
5357 431
5358 425
5359 416
5360 412
5361 410
5362 410
5363 410
5364 410
5365 410
5366 410
5367 410
5368 410
5369 410
5370 410
5371 410
5372 410
5373 410
5374 410
5375 410
5376 410
5377 410
5378 410
5379 410
5380 410
5381 410
5382 410
5383 410
5384 410
5385 410
5386 410
5387 410
5388 410
5389 410
5390 410
5391 410
5392 410
5393 410
5394 410
5395 410
5396 410
5397 410
5398 410
5399 410
5400 410
5401 410
5402 410
5403 410
5404 410
5405 410
5406 410
5407 410
5408 410
5409 410
5410 410
5411 410
5412 410
5413 410
5414 410
5415 410
5416 410
5417 410
5418 410
5419 410
5420 410
5421 410
5422 410
5423 410
5424 410
5425 410
5426 410
5427 410
5428 410
5429 400
5430 395
5431 388
5432 379
5433 379
5434 379
5435 379
5436 379
5437 379
5438 379
5439 379
5440 379
5441 379
5442 379
5443 379
5444 379
5445 379
5446 379
5447 379
5448 379
5449 379
5450 379
5451 379
5452 379
5453 379
5454 379
5455 379
5456 379
5457 379
5458 379
5459 379
5460 379
5461 379
5462 379
5463 379
5464 379
5465 379
5466 379
5467 379
5468 379
5469 379
5470 379
5471 379
5472 379
5473 379
5474 379
5475 379
5476 379
5477 379
5478 379
5479 379
5480 379
5481 379
5482 379
5483 379
5484 379
5485 379
5486 379
5487 379
5488 379
5489 379
5490 379
5491 379
5492 379
5493 379
5494 379
5495 377
5496 377
5497 368
5498 364
5499 364
5500 364
5501 364
5502 364
5503 364
5504 364
5505 364
5506 364
5507 364
5508 364
5509 364
5510 364
5511 364
5512 364
5513 364
5514 364
5515 364
5516 364
5517 364
5518 364
5519 364
5520 364
5521 364
5522 364
5523 364
5524 364
5525 364
5526 364
5527 364
5528 364
5529 364
5530 364
5531 364
5532 364
5533 364
5534 364
5535 364
5536 364
5537 364
5538 364
5539 364
5540 364
5541 364
5542 364
5543 364
5544 364
5545 364
5546 364
5547 364
5548 364
5549 364
5550 364
5551 364
5552 364
5553 364
5554 364
5555 364
5556 364
5557 364
5558 364
5559 364
5560 364
5561 364
5562 364
5563 364
5564 364
5565 364
5566 364
5567 359
5568 357
5569 354
5570 350
5571 350
5572 350
5573 350
5574 350
5575 350
5576 350
5577 350
5578 350
5579 350
5580 350
5581 350
5582 350
5583 350
5584 350
5585 350
5586 350
5587 350
5588 350
5589 350
5590 350
5591 350
5592 350
5593 350
5594 350
5595 350
5596 350
5597 350
5598 350
5599 350
5600 350
5601 350
5602 350
5603 350
5604 350
5605 350
5606 350
5607 350
5608 350
5609 350
5610 350
5611 350
5612 350
5613 350
5614 350
5615 350
5616 350
5617 350
5618 350
5619 350
5620 350
5621 350
5622 350
5623 350
5624 350
5625 350
5626 350
5627 350
5628 350
5629 350
5630 350
5631 347
5632 340
5633 336
5634 331
5635 330
5636 330
5637 330
5638 330
5639 330
5640 330
5641 330
5642 330
5643 330
5644 330
5645 330
5646 330
5647 330
5648 330
5649 330
5650 330
5651 330
5652 330
5653 330
5654 330
5655 330
5656 330
5657 330
5658 330
5659 330
5660 330
5661 330
5662 330
5663 330
5664 330
5665 330
5666 330
5667 330
5668 330
5669 330
5670 330
5671 330
5672 330
5673 330
5674 330
5675 330
5676 330
5677 330
5678 330
5679 330
5680 330
5681 330
5682 330
5683 330
5684 330
5685 330
5686 330
5687 330
5688 330
5689 330
5690 330
5691 330
5692 330
5693 330
5694 330
5695 330
5696 330
5697 330
5698 330
5699 330
5700 330
5701 330
5702 330
5703 326
5704 323
5705 313
5706 313
5707 313
5708 313
5709 313
5710 313
5711 313
5712 313
5713 313
5714 313
5715 313
5716 313
5717 313
5718 313
5719 313
5720 313
5721 313
5722 313
5723 313
5724 313
5725 313
5726 313
5727 313
5728 313
5729 313
5730 313
5731 313
5732 313
5733 313
5734 313
5735 313
5736 313
5737 313
5738 313
5739 313
5740 313
5741 313
5742 313
5743 313
5744 313
5745 313
5746 313
5747 313
5748 313
5749 313
5750 313
5751 313
5752 313
5753 313
5754 313
5755 313
5756 313
5757 313
5758 313
5759 313
5760 313
5761 313
5762 313
5763 313
5764 313
5765 313
5766 313
5767 309
5768 303
5769 300
5770 298
5771 298
5772 298
5773 298
5774 298
5775 298
5776 298
5777 298
5778 298
5779 298
5780 298
5781 298
5782 298
5783 298
5784 298
5785 298
5786 298
5787 298
5788 298
5789 298
5790 298
5791 298
5792 298
5793 298
5794 298
5795 298
5796 298
5797 298
5798 298
5799 298
5800 298
5801 298
5802 298
5803 298
5804 298
5805 298
5806 298
5807 298
5808 298
5809 298
5810 298
5811 298
5812 298
5813 298
5814 298
5815 298
5816 298
5817 298
5818 298
5819 298
5820 298
5821 298
5822 298
5823 298
5824 298
5825 298
5826 298
5827 298
5828 298
5829 298
5830 298
5831 298
5832 298
5833 298
5834 298
5835 298
5836 298
5837 298
5838 298
5839 298
5840 294
5841 292
5842 287
5843 287
5844 287
5845 287
5846 287
5847 287
5848 287
5849 287
5850 287
5851 287
5852 287
5853 287
5854 287
5855 287
5856 287
5857 287
5858 287
5859 287
5860 287
5861 287
5862 287
5863 287
5864 287
5865 287
5866 287
5867 287
5868 287
5869 287
5870 287
5871 287
5872 287
5873 287
5874 287
5875 287
5876 287
5877 287
5878 287
5879 287
5880 287
5881 287
5882 287
5883 287
5884 287
5885 287
5886 287
5887 287
5888 287
5889 287
5890 287
5891 287
5892 287
5893 287
5894 287
5895 287
5896 287
5897 287
5898 287
5899 287
5900 287
5901 287
5902 287
5903 287
5904 287
5905 283
5906 279
5907 277
5908 277
5909 277
5910 277
5911 277
5912 277
5913 277
5914 277
5915 277
5916 277
5917 277
5918 277
5919 277
5920 277
5921 298
5922 305
5923 351
5924 389
5925 401
5926 425
5927 494
5928 551
5929 566
5930 566
5931 566
5932 566
5933 566
5934 566
5935 566
5936 566
5937 612
5938 648
5939 648
5940 648
5941 655
5942 721
5943 720
5944 720
5945 720
5946 720
5947 720
5948 720
5949 766
5950 803
5951 813
5952 813
5953 813
5954 945
5955 1046
5956 1094
5957 1142
5958 1301
5959 1439
5960 1471
5961 1490
5962 1490
5963 1524
5964 1524
5965 1529
5966 1529
5967 1658
5968 1744
5969 1942
5970 2020
5971 2099
5972 2164
5973 2147
5974 2134
5975 2134
5976 2134
5977 2152
5978 2151
5979 2151
5980 2158
5981 2217
5982 2216
5983 2244
5984 2243
5985 2243
5986 2243
5987 2243
5988 2259
5989 2259
5990 2259
5991 2259
5992 2259
5993 2259
5994 2331
5995 2436
5996 2475
5997 2488
5998 2499
5999 2500
6000 2670
6001 2688
6002 2713
6003 2953
6004 2976
6005 2976
6006 3043
6007 3364
6008 3434
6009 3480
6010 3480
6011 3648
6012 3862
6013 3981
6014 4052
6015 4099
6016 4099
6017 4099
6018 4124
6019 4339
6020 4433
6021 4456
6022 4887
6023 5123
6024 5672
6025 6480
6026 6515
6027 6501
6028 6680
6029 6680
6030 6727
6031 6869
6032 6869
6033 7084
6034 7084
6035 7251
6036 7322
6037 7539
6038 7586
6039 7897
6040 7970
6041 8010
6042 8024
6043 8356
6044 8522
6045 8664
6046 8831
6047 8972
6048 9257
6049 9590
6050 9590
6051 9866
6052 9993
6053 10009
6054 10058
6055 10103
6056 10222
6057 10581
6058 10652
6059 10725
6060 10867
6061 10890
6062 10971
6063 11234
6064 11352
6065 11638
6066 11638
6067 11992
6068 12131
6069 12607
6070 12724
6071 12893
6072 12880
6073 13092
6074 13401
6075 13424
6076 13471
6077 13875
6078 13991
6079 14135
6080 14277
6081 14300
6082 14395
6083 14365
6084 14388
6085 14454
6086 14548
6087 14571
6088 14857
6089 14880
6090 14880
6091 14880
6092 14951
6093 15268
6094 15273
6095 15273
6096 15365
6097 15409
6098 15597
6099 15762
6100 15809
6101 16123
6102 16333
6103 16620
6104 16581
6105 16671
6106 16740
6107 16929
6108 16929
6109 16929
6110 16929
6111 16929
6112 16929
6113 16929
6114 16917
6115 16857
6116 16857
6117 16857
6118 16857
6119 16857
6120 16857
6121 16857
6122 16857
6123 16857
6124 16857
6125 16780
6126 16780
6127 16780
6128 16780
6129 16780
6130 16780
6131 16780
6132 16780
6133 16780
6134 16780
6135 16766
6136 16721
6137 16721
6138 16721
6139 16721
6140 16721
6141 16721
6142 16721
6143 16721
6144 16721
6145 16721
6146 16656
6147 16656
6148 16656
6149 16656
6150 16656
6151 16656
6152 16656
6153 16656
6154 16656
6155 16656
6156 16645
6157 16594
6158 16594
6159 16594
6160 16594
6161 16594
6162 16594
6163 16594
6164 16594
6165 16594
6166 16594
6167 16554
6168 16554
6169 16554
6170 16554
6171 16554
6172 16554
6173 16554
6174 16554
6175 16554
6176 16554
6177 16537
6178 16485
6179 16485
6180 16485
6181 16485
6182 16485
6183 16485
6184 16485
6185 16485
6186 16485
6187 16485
6188 16423
6189 16423
6190 16423
6191 16423
6192 16423
6193 16423
6194 16423
6195 16423
6196 16423
6197 16423
6198 16413
6199 16358
6200 16358
6201 16358
6202 16358
6203 16358
6204 16358
6205 16358
6206 16358
6207 16358
6208 16358
6209 16288
6210 16288
6211 16288
6212 16288
6213 16288
6214 16288
6215 16288
6216 16288
6217 16288
6218 16288
6219 16288
6220 16211
6221 16211
6222 16211
6223 16211
6224 16211
6225 16211
6226 16211
6227 16211
6228 16211
6229 16211
6230 16202
6231 16129
6232 16129
6233 16129
6234 16129
6235 16129
6236 16129
6237 16129
6238 16129
6239 16129
6240 16129
6241 16081
6242 16062
6243 16062
6244 16062
6245 16062
6246 16062
6247 16062
6248 16062
6249 16062
6250 16062
6251 16062
6252 16062
6253 16016
6254 16016
6255 16016
6256 16016
6257 16016
6258 16016
6259 16016
6260 16016
6261 16016
6262 16016
6263 16016
6264 15970
6265 15954
6266 15954
6267 15954
6268 15954
6269 15954
6270 15954
6271 15954
6272 15954
6273 15954
6274 15954
6275 15954
6276 15921
6277 15891
6278 15891
6279 15891
6280 15891
6281 15891
6282 15891
6283 15891
6284 15891
6285 15891
6286 15891
6287 15865
6288 15850
6289 15850
6290 15850
6291 15850
6292 15850
6293 15850
6294 15850
6295 15850
6296 15850
6297 15850
6298 15850
6299 15850
6300 15817
6301 15788
6302 15788
6303 15788
6304 15788
6305 15788
6306 15788
6307 15788
6308 15788
6309 15788
6310 15788
6311 15788
6312 15764
6313 15732
6314 15732
6315 15732
6316 15732
6317 15732
6318 15732
6319 15732
6320 15732
6321 15732
6322 15732
6323 15732
6324 15725
6325 15688
6326 15688
6327 15688
6328 15688
6329 15688
6330 15688
6331 15688
6332 15688
6333 15688
6334 15688
6335 15688
6336 15688
6337 15688
6338 15646
6339 15646
6340 15646
6341 15646
6342 15646
6343 15646
6344 15646
6345 15646
6346 15646
6347 15646
6348 15623
6349 15613
6350 15613
6351 15613
6352 15613
6353 15613
6354 15613
6355 15613
6356 15613
6357 15613
6358 15613
6359 15577
6360 15577
6361 15577
6362 15577
6363 15577
6364 15577
6365 15577
6366 15577
6367 15577
6368 15577
6369 15577
6370 15577
6371 15577
6372 15545
6373 15538
6374 15538
6375 15538
6376 15538
6377 15538
6378 15538
6379 15538
6380 15538
6381 15538
6382 15538
6383 15538
6384 15538
6385 15497
6386 15490
6387 15490
6388 15490
6389 15490
6390 15490
6391 15490
6392 15490
6393 15490
6394 15490
6395 15490
6396 15490
6397 15490
6398 15490
6399 15490
6400 15490
6401 15490
6402 15450
6403 15433
6404 15433
6405 15433
6406 15433
6407 15433
6408 15433
6409 15433
6410 15433
6411 15433
6412 15433
6413 15433
6414 15433
6415 15433
6416 15433
6417 15433
6418 15433
6419 15433
6420 15433
6421 15431
6422 15393
6423 15393
6424 15393
6425 15393
6426 15393
6427 15393
6428 15393
6429 15393
6430 15393
6431 15393
6432 15393
6433 15393
6434 15393
6435 15393
6436 15369
6437 15364
6438 15364
6439 15364
6440 15364
6441 15364
6442 15364
6443 15364
6444 15364
6445 15364
6446 15364
6447 15364
6448 15358
6449 15324
6450 15324
6451 15324
6452 15324
6453 15324
6454 15324
6455 15324
6456 15324
6457 15324
6458 15324
6459 15324
6460 15324
6461 15324
6462 15314
6463 15289
6464 15289
6465 15289
6466 15289
6467 15289
6468 15289
6469 15289
6470 15289
6471 15289
6472 15289
6473 15289
6474 15289
6475 15289
6476 15289
6477 15289
6478 15289
6479 15289
6480 15289
6481 15289
6482 15289
6483 15289
6484 15269
6485 15247
6486 15247
6487 15247
6488 15247
6489 15247
6490 15247
6491 15247
6492 15247
6493 15247
6494 15247
6495 15247
6496 15247
6497 15247
6498 15247
6499 15247
6500 15247
6501 15247
6502 15247
6503 15247
6504 15247
6505 15247
6506 15247
6507 15247
6508 15247
6509 15247
6510 15228
6511 15202
6512 15202
6513 15202
6514 15202
6515 15202
6516 15202
6517 15202
6518 15202
6519 15202
6520 15202
6521 15202
6522 15202
6523 15202
6524 15202
6525 15202
6526 15202
6527 15202
6528 15202
6529 15202
6530 15202
6531 15202
6532 15202
6533 15202
6534 15202
6535 15202
6536 15179
6537 15179
6538 15179
6539 15179
6540 15179
6541 15179
6542 15179
6543 15179
6544 15179
6545 15179
6546 15179
6547 15179
6548 15179
6549 15179
6550 15179
6551 15179
6552 15179
6553 15179
6554 15179
6555 15179
6556 15179
6557 15179
6558 15155
6559 15155
6560 15155
6561 15155
6562 15155
6563 15155
6564 15155
6565 15155
6566 15155
6567 15155
6568 15155
6569 15155
6570 15155
6571 15155
6572 15155
6573 15154
6574 15142
6575 15141
6576 15141
6577 15141
6578 15141
6579 15141
6580 15141
6581 15141
6582 15141
6583 15141
6584 15141
6585 15141
6586 15141
6587 15141
6588 15141
6589 15141
6590 15141
6591 15141
6592 15141
6593 15141
6594 15141
6595 15141
6596 15141
6597 15141
6598 15141
6599 15141
6600 15118
6601 15111
6602 15111
6603 15111
6604 15111
6605 15111
6606 15111
6607 15111
6608 15111
6609 15111
6610 15111
6611 15111
6612 15111
6613 15111
6614 15111
6615 15111
6616 15111
6617 15111
6618 15111
6619 15111
6620 15111
6621 15111
6622 15111
6623 15111
6624 15111
6625 15111
6626 15097
6627 15080
6628 15080
6629 15080
6630 15080
6631 15080
6632 15080
6633 15080
6634 15080
6635 15080
6636 15080
6637 15080
6638 15080
6639 15079
6640 15079
6641 15078
6642 15078
6643 15075
6644 15074
6645 15070
6646 15069
6647 15064
6648 15062
6649 15048
6650 15016
6651 15013
6652 15006
6653 15005
6654 15002
6655 15000
6656 14996
6657 14986
6658 14973
6659 14967
6660 14952
6661 14943
6662 14931
6663 14925
6664 14864
6665 14853
6666 14842
6667 14832
6668 14828
6669 14824
6670 14808
6671 14801
6672 14789
6673 14779
6674 14768
6675 14756
6676 14749
6677 14740
6678 14733
6679 14681
6680 14624
6681 14612
6682 14597
6683 14579
6684 14554
6685 14541
6686 14525
6687 14508
6688 14486
6689 14472
6690 14423
6691 14369
6692 14346
6693 14318
6694 14301
6695 14283
6696 14257
6697 14226
6698 14207
6699 14175
6700 14152
6701 14062
6702 14035
6703 14010
6704 13975
6705 13956
6706 13923
6707 13894
6708 13871
6709 13842
6710 13809
6711 13748
6712 13674
6713 13642
6714 13612
6715 13579
6716 13546
6717 13514
6718 13477
6719 13440
6720 13401
6721 13364
6722 13215
6723 13177
6724 13126
6725 13086
6726 13046
6727 13000
6728 12959
6729 12926
6730 12877
6731 12844
6732 12755
6733 12649
6734 12607
6735 12559
6736 12510
6737 12462
6738 12423
6739 12371
6740 12344
6741 12305
6742 12265
6743 12109
6744 12062
6745 12013
6746 11950
6747 11895
6748 11849
6749 11799
6750 11754
6751 11703
6752 11664
6753 11540
6754 11425
6755 11365
6756 11324
6757 11267
6758 11224
6759 11185
6760 11138
6761 11084
6762 11041
6763 10999
6764 10836
6765 10787
6766 10742
6767 10697
6768 10656
6769 10610
6770 10571
6771 10537
6772 10513
6773 10467
6774 10381
6775 10295
6776 10259
6777 10221
6778 10181
6779 10151
6780 10125
6781 10091
6782 10053
6783 10023
6784 10001
6785 9849
6786 9813
6787 9785
6788 9754
6789 9723
6790 9694
6791 9665
6792 9647
6793 9625
6794 9597
6795 9502
6796 9404
6797 9374
6798 9358
6799 9338
6800 9305
6801 9279
6802 9251
6803 9221
6804 9202
6805 9178
6806 9036
6807 9012
6808 8994
6809 8977
6810 8960
6811 8953
6812 8941
6813 8923
6814 8902
6815 8891
6816 8836
6817 8764
6818 8750
6819 8735
6820 8722
6821 8709
6822 8701
6823 8696
6824 8683
6825 8678
6826 8667
6827 8554
6828 8543
6829 8537
6830 8526
6831 8519
6832 8513
6833 8507
6834 8502
6835 8496
6836 8491
6837 8430
6838 8350
6839 8347
6840 8338
6841 8336
6842 8332
6843 8329
6844 8326
6845 8326
6846 8322
6847 8322
6848 8199
6849 8199
6850 8199
6851 8199
6852 8199
