1 10
2 2472
3 2472
4 2472
5 2472
6 2472
7 2472
8 2472
9 2472
10 2472
11 2472
12 2472
13 2472
14 2472
15 2472
16 2472
17 2472
18 2472
19 2472
20 2472
21 2472
22 2472
23 2472
24 2472
25 2472
26 2472
27 2472
28 2472
29 2472
30 2472
31 2472
32 2472
33 2472
34 2472
35 2472
36 2472
37 2472
38 2472
39 2472
40 2472
41 2472
42 2472
43 2472
44 2472
45 2472
46 2472
47 2472
48 2472
49 2472
50 2472
51 2472
52 2472
53 2472
54 2472
55 2472
56 2472
57 2472
58 2472
59 2472
60 2472
61 2472
62 2472
63 2472
64 2472
65 2472
66 2472
67 2472
68 2472
69 2472
70 2472
71 2472
72 2472
73 2472
74 2472
75 2472
76 2472
77 2472
78 2472
79 2472
80 2472
81 2472
82 2472
83 2472
84 2472
85 2472
86 2472
87 2472
88 2472
89 2472
90 2472
91 2472
92 2472
93 2472
94 2472
95 2472
96 2472
97 2472
98 2472
99 2472
100 2472
101 2472
102 2472
103 2472
104 2472
105 2472
106 2472
107 2472
108 2472
109 2472
110 2472
111 2472
112 2472
113 2472
114 2472
115 2472
116 2472
117 2472
118 2472
119 2472
120 2472
121 2472
122 2472
123 2472
124 2472
125 2472
126 2472
127 2472
128 2472
129 2472
130 2472
131 2472
132 2472
133 2472
134 2472
135 2472
136 2472
137 2472
138 2472
139 2472
140 2472
141 2472
142 2472
143 2472
144 2472
145 2472
146 2472
147 2472
148 2472
149 2472
150 2472
151 2472
152 2472
153 2472
154 2472
155 2472
156 2472
157 2472
158 2472
159 2472
160 2472
161 2472
162 2472
163 2472
164 2472
165 2472
166 2472
167 2472
168 2472
169 2472
170 2472
171 2472
172 2472
173 2472
174 2472
175 2472
176 2472
177 2472
178 2472
179 2472
180 2472
181 2472
182 2472
183 2472
184 2472
185 2472
186 2472
187 2472
188 2472
189 2472
190 2472
191 2472
192 2472
193 2472
194 2472
195 2472
196 2472
197 2472
198 2472
199 2472
200 2472
201 2472
202 2472
203 2472
204 2472
205 2472
206 2472
207 2472
208 2472
209 2472
210 2472
211 2472
212 2472
213 2472
214 2472
215 2472
216 2472
217 2472
218 2472
219 2472
220 2472
221 2472
222 2472
223 2472
224 2472
225 2472
226 2472
227 2472
228 2472
229 2472
230 2472
231 2472
232 2472
233 2472
234 2472
235 2472
236 2472
237 2472
238 2472
239 2472
240 2472
241 2472
242 2472
243 2472
244 2472
245 2472
246 2472
247 2472
248 2472
249 2472
250 2472
251 2472
252 2472
253 2472
254 2472
255 2472
256 2472
257 2472
258 2472
259 2472
260 2472
261 2472
262 2472
263 2472
264 2472
265 2472
266 2472
267 2472
268 2472
269 2472
270 2472
271 2472
272 2472
273 2472
274 2472
275 2472
276 2472
277 2472
278 2472
279 2472
280 2472
281 2472
282 2472
283 2472
284 2472
285 2472
286 2472
287 2472
288 2472
289 2472
290 2472
291 2472
292 2472
293 2472
294 2472
295 2472
296 2472
297 2472
298 2472
299 2472
300 2472
301 2472
302 2472
303 2472
304 2472
305 2472
306 2472
307 2472
308 2472
309 2472
310 2472
311 2472
312 2472
313 2472
314 2472
315 2472
316 2472
317 2472
318 2472
319 2472
320 2472
321 2472
322 2472
323 2472
324 2472
325 2472
326 2472
327 2472
328 2472
329 2472
330 2472
331 2472
332 2472
333 2472
334 2472
335 2472
336 2472
337 2472
338 2472
339 2472
340 2472
341 2472
342 2472
343 2472
344 2472
345 2472
346 2472
347 2472
348 2472
349 2472
350 2472
351 2472
352 2472
353 2472
354 2472
355 2472
356 2472
357 2472
358 2472
359 2472
360 2472
361 2472
362 2472
363 2472
364 2472
365 2472
366 2472
367 2472
368 2472
369 2472
370 2472
371 2472
372 2472
373 2472
374 2472
375 2472
376 2472
377 2472
378 2472
379 2472
380 2472
381 2472
382 2472
383 2472
384 2472
385 2472
386 2472
387 2472
388 2472
389 2472
390 2472
391 2472
392 2472
393 2472
394 2472
395 2472
396 2472
397 2472
398 2472
399 2472
400 2472
401 2472
402 2472
403 2472
404 2472
405 2472
406 2472
407 2472
408 2472
409 2472
410 2472
411 2472
412 2472
413 2472
414 2472
415 2472
416 2472
417 2472
418 2472
419 2472
420 2472
421 2472
422 2472
423 2472
424 2472
425 2472
426 2472
427 2472
428 2472
429 2472
430 2472
431 2472
432 2472
433 2472
434 2472
435 2472
436 2472
437 2472
438 2472
439 2472
440 2472
441 2472
442 2472
443 2472
444 2472
445 2472
446 2472
447 2472
448 2472
449 2472
450 2472
451 2472
452 2472
453 2472
454 2472
455 2472
456 2472
457 2472
458 2472
459 2472
460 2472
461 2472
462 2472
463 2472
464 2472
465 2472
466 2472
467 2472
468 2472
469 2472
470 2472
471 2472
472 2472
473 2472
474 2472
475 2472
476 2472
477 2472
478 2472
479 2472
480 2472
481 2472
482 2472
483 2472
484 2472
485 2472
486 2472
487 2472
488 2472
489 2472
490 2472
491 2472
492 2472
493 2472
494 2472
495 2472
496 2472
497 2472
498 2472
499 2472
500 2472
501 2472
502 2472
503 2472
504 2472
505 2472
506 2472
507 2472
508 2472
509 2472
510 2472
511 2472
512 2472
513 2472
514 2472
515 2472
516 2472
517 2472
518 2472
519 2472
520 2472
521 2472
522 2472
523 2472
524 2472
525 2472
526 2472
527 2472
528 2472
529 2472
530 2472
531 2472
532 2472
533 2472
534 2472
535 2472
536 2472
537 2472
538 2472
539 2472
540 2472
541 2472
542 2472
543 2472
544 2472
545 2472
546 2472
547 2472
548 2472
549 2472
550 2472
551 2472
552 2472
553 2472
554 2472
555 2472
556 2472
557 2472
558 2472
559 2472
560 2472
561 2472
562 2472
563 2472
564 2472
565 2472
566 2472
567 2472
568 2472
569 2472
570 2472
571 2472
572 2472
573 2472
574 2472
575 2472
576 2472
577 2472
578 2472
579 2472
580 2472
581 2472
582 2472
583 2472
584 2472
585 2472
586 2472
587 2472
588 2472
589 2472
590 2472
591 2472
592 2472
593 2472
594 2472
595 2472
596 2472
597 2472
598 2472
599 2472
600 2472
601 2472
602 2472
603 2472
604 2472
605 2472
606 2472
607 2472
608 2472
609 2472
610 2472
611 2472
612 2472
613 2472
614 2472
615 2472
616 2472
617 2472
618 2472
619 2472
620 2472
621 2472
622 2472
623 2472
624 2472
625 2472
626 2472
627 2472
628 2472
629 2472
630 2472
631 2472
632 2472
633 2472
634 2472
635 2472
636 2472
637 2472
638 2472
639 2472
640 2472
641 2472
642 2472
643 2472
644 2472
645 2472
646 2472
647 2472
648 2472
649 2472
650 2472
651 2472
652 2472
653 2472
654 2472
655 2472
656 2472
657 2472
658 2472
659 2472
660 2472
661 2472
662 2472
663 2472
664 2472
665 2472
666 2472
667 2472
668 2472
669 2472
670 2472
671 2472
672 2472
673 2472
674 2472
675 2472
676 2472
677 2472
678 2472
679 2472
680 2472
681 2472
682 2472
683 2472
684 2472
685 2472
686 2472
687 2472
688 2472
689 2472
690 2472
691 2472
692 2472
693 2472
694 2472
695 2472
696 2472
697 2472
698 2472
699 2472
700 2472
701 2472
702 2472
703 2472
704 2472
705 2472
706 2472
707 2472
708 2472
709 2472
710 2472
711 2472
712 2472
713 2472
714 2472
715 2472
716 2472
717 2472
718 2472
719 2472
720 2472
721 2472
722 2472
723 2472
724 2472
725 2472
726 2472
727 2472
728 2472
729 2472
730 2472
731 2472
732 2472
733 2472
734 2472
735 2472
736 2472
737 2472
738 2472
739 2472
740 2472
741 2472
742 2472
743 2472
744 2472
745 2472
746 2472
747 2472
748 2472
749 2472
750 2472
751 2472
752 2472
753 2472
754 2472
755 2472
756 2472
757 2472
758 2472
759 2472
760 2472
761 2472
762 2472
763 2472
764 2472
765 2472
766 2472
767 2472
768 2472
769 2472
770 2472
771 2472
772 2472
773 2472
774 2472
775 2472
776 2472
777 2472
778 2472
779 2472
780 2472
781 2472
782 2472
783 2472
784 2472
785 2472
786 2472
787 2472
788 2472
789 2472
790 2472
791 2472
792 2472
793 2472
794 2472
795 2472
796 2472
797 2472
798 2472
799 2472
800 2472
801 2472
802 2472
803 2472
804 2472
805 2472
806 2472
807 2472
808 2472
809 2472
810 2472
811 2472
812 2472
813 2472
814 2472
815 2472
816 2472
817 2472
818 2472
819 2472
820 2472
821 2472
822 2472
823 2472
824 2472
825 2472
826 2472
827 2472
828 2472
829 2472
830 2472
831 2472
832 2472
833 2472
834 2472
835 2472
836 2472
837 2472
838 2472
839 2472
840 2472
841 2472
842 2472
843 2472
844 2472
845 2472
846 2472
847 2472
848 2472
849 2472
850 2472
851 2472
852 2472
853 2472
854 2472
855 2472
856 2472
857 2472
858 2472
859 2472
860 2472
861 2472
862 2472
863 2472
864 2472
865 2472
866 2472
867 2472
868 2472
869 2472
870 2472
871 2472
872 2472
873 2472
874 2472
875 2472
876 2472
877 2472
878 2472
879 2472
880 2472
881 2472
882 2472
883 2472
884 2472
885 2472
886 2472
887 2472
888 2472
889 2472
890 2472
891 2472
892 2472
893 2472
894 2472
895 2472
896 2472
897 2472
898 2472
899 2472
900 2472
901 2472
902 2472
903 2472
904 2472
905 2472
906 2472
907 2472
908 2472
909 2472
910 2472
911 2472
912 2472
913 2472
914 2472
915 2472
916 2472
917 2472
918 2472
919 2472
920 2472
921 2472
922 2472
923 2472
924 2472
925 2472
926 2472
927 2472
928 2472
929 2472
930 2472
931 2472
932 2472
933 2472
934 2472
935 2472
936 2472
937 2472
938 2472
939 2472
940 2472
941 2472
942 2472
943 2472
944 2472
945 2472
946 2472
947 2472
948 2472
949 2472
950 2472
951 2472
952 2472
953 2472
954 2472
955 2472
956 2472
957 2472
958 2472
959 2472
960 2472
961 2472
962 2472
963 2472
964 2472
965 2472
966 2472
967 2472
968 2472
969 2472
970 2472
971 2472
972 2472
973 2472
974 2472
975 2472
976 2472
977 2472
978 2472
979 2472
980 2472
981 2472
982 2472
983 2472
984 2472
985 2472
986 2472
987 2472
988 2472
989 2472
990 2472
991 2472
992 2472
993 2472
994 2472
995 2472
996 2472
997 2472
998 2472
999 2472
1000 2472
1001 2472
1002 2472
1003 2472
1004 2472
1005 2472
1006 2472
1007 2472
1008 2472
1009 2472
1010 2472
1011 2472
1012 2472
1013 2472
1014 2472
1015 2472
1016 2472
1017 2472
1018 2472
1019 2472
1020 2472
1021 2472
1022 2472
1023 2472
1024 2472
1025 2472
1026 2472
1027 2472
1028 2472
1029 2472
1030 2472
1031 2472
1032 2472
1033 2472
1034 2472
1035 2472
1036 2472
1037 2472
1038 2472
1039 2472
1040 2472
1041 2472
1042 2472
1043 2472
1044 2472
1045 2472
1046 2472
1047 2472
1048 2472
1049 2472
1050 2472
1051 2472
1052 2472
1053 2472
1054 2472
1055 2472
1056 2472
1057 2472
1058 2472
1059 2472
1060 2472
1061 2472
1062 2472
1063 2472
1064 2472
1065 2472
1066 2472
1067 2472
1068 2472
1069 2472
1070 2472
1071 2472
1072 2472
1073 2472
1074 2472
1075 2472
1076 2472
1077 2472
1078 2472
1079 2472
1080 2472
1081 2472
1082 2472
1083 2472
1084 2472
1085 2472
1086 2472
1087 2472
1088 2472
1089 2472
1090 2472
1091 2472
1092 2472
1093 2472
1094 2472
1095 2472
1096 2472
1097 2472
1098 2472
1099 2472
1100 2472
1101 2472
1102 2472
1103 2472
1104 2472
1105 2472
1106 2472
1107 2472
1108 2472
1109 2472
1110 2472
1111 2472
1112 2472
1113 2472
1114 2472
1115 2472
1116 2472
1117 2472
1118 2472
1119 2472
1120 2472
1121 2472
1122 2472
1123 2472
1124 2472
1125 2472
1126 2472
1127 2472
1128 2472
1129 2472
1130 2472
1131 2472
1132 2472
1133 2472
1134 2472
1135 2472
1136 2472
1137 2472
1138 2472
1139 2472
1140 2472
1141 2472
1142 2472
1143 2472
1144 2472
1145 2472
1146 2472
1147 2472
1148 2472
1149 2472
1150 2472
1151 2472
1152 2472
1153 2472
1154 2472
1155 2472
1156 2472
1157 2472
1158 2472
1159 2472
1160 2472
1161 2472
1162 2472
1163 2472
1164 2472
1165 2472
1166 2472
1167 2472
1168 2472
1169 2472
1170 2472
1171 2472
1172 2472
1173 2472
1174 2472
1175 2472
1176 2472
1177 2472
1178 2472
1179 2472
1180 2472
1181 2472
1182 2472
1183 2472
1184 2472
1185 2472
1186 2472
1187 2472
1188 2472
1189 2472
1190 2472
1191 2472
1192 2472
1193 2472
1194 2472
1195 2472
1196 2472
1197 2472
1198 2472
1199 2472
1200 2472
1201 2472
1202 2472
1203 2472
1204 2472
1205 2472
1206 2472
1207 2472
1208 2472
1209 2472
1210 2472
1211 2472
1212 2472
1213 2472
1214 2472
1215 2472
1216 2472
1217 2472
1218 2472
1219 2472
1220 2472
1221 2472
1222 2472
1223 2472
1224 2472
1225 2472
1226 2472
1227 2472
1228 2472
1229 2472
1230 2472
1231 2472
1232 2472
1233 2472
1234 2472
1235 2472
1236 2472
1237 2472
1238 2472
1239 2472
1240 2472
1241 2472
1242 2472
1243 2472
1244 2472
1245 2472
1246 2472
1247 2472
1248 2472
1249 2472
1250 2472
1251 2472
1252 2472
1253 2472
1254 2472
1255 2472
1256 2472
1257 2472
1258 2472
1259 2472
1260 2472
1261 2472
1262 2472
1263 2472
1264 2472
1265 2472
1266 2472
1267 2472
1268 2472
1269 2472
1270 2472
1271 2472
1272 2472
1273 2472
1274 2472
1275 2472
1276 2472
1277 2472
1278 2472
1279 2472
1280 2472
1281 2472
1282 2472
1283 2472
1284 2472
1285 2472
1286 2472
1287 2472
1288 2472
1289 2472
1290 2472
1291 2472
1292 2472
1293 2472
1294 2472
1295 2472
1296 2472
1297 2472
1298 2472
1299 2472
1300 2472
1301 2472
1302 2472
1303 2472
1304 2472
1305 2472
1306 2472
1307 2472
1308 2472
1309 2472
1310 2472
1311 2472
1312 2472
1313 2472
1314 2472
1315 2472
1316 2472
1317 2472
1318 2472
1319 2472
1320 2472
1321 2472
1322 2472
1323 2472
1324 2472
1325 2472
1326 2472
1327 2472
1328 2472
1329 2472
1330 2472
1331 2472
1332 2472
1333 2472
1334 2472
1335 2472
1336 2472
1337 2472
1338 2472
1339 2472
1340 2472
1341 2472
1342 2472
1343 2472
1344 2472
1345 2472
1346 2472
1347 2472
1348 2472
1349 2472
1350 2472
1351 2472
1352 2472
1353 2472
1354 2472
1355 2472
1356 2472
1357 2472
1358 2472
1359 2472
1360 2472
1361 2472
1362 2472
1363 2472
1364 2472
1365 2472
1366 2472
1367 2472
1368 2472
1369 2472
1370 2472
1371 2472
1372 2472
1373 2472
1374 2472
1375 2472
1376 2472
1377 2472
1378 2472
1379 2472
1380 2472
1381 2472
1382 2472
1383 2472
1384 2472
1385 2472
1386 2472
1387 2472
1388 2472
1389 2472
1390 2472
1391 2472
1392 2472
1393 2472
1394 2472
1395 2472
1396 2472
1397 2472
1398 2472
1399 2472
1400 2472
1401 2472
1402 2472
1403 2472
1404 2472
1405 2472
1406 2472
1407 2472
1408 2472
1409 2472
1410 2472
1411 2472
1412 2472
1413 2472
1414 2472
1415 2472
1416 2472
1417 2472
1418 2472
1419 2472
1420 2472
1421 2472
1422 2472
1423 2472
1424 2472
1425 2472
1426 2472
1427 2472
1428 2472
1429 2472
1430 2472
1431 2472
1432 2472
1433 2472
1434 2472
1435 2472
1436 2472
1437 2472
1438 2472
1439 2472
1440 2472
1441 2472
1442 2472
1443 2472
1444 2472
1445 2472
1446 2472
1447 2472
1448 2472
1449 2472
1450 2472
1451 2472
1452 2472
1453 2472
1454 2472
1455 2472
1456 2472
1457 2472
1458 2472
1459 2472
1460 2472
1461 2472
1462 2472
1463 2472
1464 2472
1465 2472
1466 2472
1467 2472
1468 2472
1469 2472
1470 2472
1471 2472
1472 2472
1473 2472
1474 2472
1475 2472
1476 2472
1477 2472
1478 2472
1479 2472
1480 2472
1481 2472
1482 2472
1483 2472
1484 2472
1485 2472
1486 2472
1487 2472
1488 2472
1489 2472
1490 2472
1491 2472
1492 2472
1493 2472
1494 2472
1495 2472
1496 2472
1497 2472
1498 2472
1499 2472
1500 2472
1501 2472
1502 2472
1503 2472
1504 2472
1505 2472
1506 2472
1507 2472
1508 2472
1509 2472
1510 2472
1511 2472
1512 2472
1513 2472
1514 2472
1515 2472
1516 2472
1517 2472
1518 2472
1519 2472
1520 2472
1521 2472
1522 2472
1523 2472
1524 2472
1525 2472
1526 2472
1527 2472
1528 2472
1529 2472
1530 2472
1531 2472
1532 2472
1533 2472
1534 2472
1535 2472
1536 2472
1537 2472
1538 2472
1539 2472
1540 2472
1541 2472
1542 2472
1543 2472
1544 2472
1545 2472
1546 2472
1547 2472
1548 2472
1549 2472
1550 2472
1551 2472
1552 2472
1553 2472
1554 2472
1555 2472
1556 2472
1557 2472
1558 2472
1559 2472
1560 2472
1561 2472
1562 2472
1563 2472
1564 2472
1565 2472
1566 2472
1567 2472
1568 2472
1569 2472
1570 2472
1571 2472
1572 2472
1573 2472
1574 2472
1575 2472
1576 2472
1577 2472
1578 2472
1579 2472
1580 2472
1581 2472
1582 2472
1583 2472
1584 2472
1585 2472
1586 2472
1587 2472
1588 2472
1589 2472
1590 2472
1591 2472
1592 2472
1593 2472
1594 2472
1595 2472
1596 2472
1597 2472
1598 2472
1599 2472
1600 2472
1601 2472
1602 2472
1603 2472
1604 2472
1605 2472
1606 2472
1607 2472
1608 2472
1609 2472
1610 2472
1611 2472
1612 2472
1613 2472
1614 2472
1615 2472
1616 2472
1617 2472
1618 2472
1619 2472
1620 2472
1621 2472
1622 2472
1623 2472
1624 2472
1625 2472
1626 2472
1627 2472
1628 2472
1629 2472
1630 2472
1631 2472
1632 2472
1633 2472
1634 2472
1635 2472
1636 2472
1637 2472
1638 2472
1639 2472
1640 2472
1641 2472
1642 2472
1643 2472
1644 2472
1645 2472
1646 2472
1647 2472
1648 2472
1649 2472
1650 2472
1651 2472
1652 2472
1653 2472
1654 2472
1655 2472
1656 2472
1657 2472
1658 2472
1659 2472
1660 2472
1661 2472
1662 2472
1663 2472
1664 2472
1665 2472
1666 2472
1667 2472
1668 2472
1669 2472
1670 2472
1671 2472
1672 2472
1673 2472
1674 2472
1675 2472
1676 2472
1677 2472
1678 2472
1679 2472
1680 2472
1681 2472
1682 2472
1683 2472
1684 2472
1685 2472
1686 2472
1687 2472
1688 2472
1689 2472
1690 2472
1691 2472
1692 2472
1693 2472
1694 2472
1695 2472
1696 2472
1697 2472
1698 2472
1699 2472
1700 2472
1701 2472
1702 2472
1703 2472
1704 2472
1705 2472
1706 2472
1707 2472
1708 2472
1709 2472
1710 2472
1711 2472
1712 2472
1713 2472
1714 2472
1715 2472
1716 2472
1717 2472
1718 2472
1719 2472
1720 2472
1721 2472
1722 2472
1723 2472
1724 2472
1725 2472
1726 2472
1727 2472
1728 2472
1729 2472
1730 2472
1731 2472
1732 2472
1733 2472
1734 2472
1735 2472
1736 2472
1737 2472
1738 2472
1739 2472
1740 2472
1741 2472
1742 2472
1743 2472
1744 2472
1745 2472
1746 2472
1747 2472
1748 2472
1749 2472
1750 2472
1751 2472
1752 2472
1753 2472
1754 2472
1755 2472
1756 2472
1757 2472
1758 2472
1759 2472
1760 2472
1761 2472
1762 2472
1763 2472
1764 2472
1765 2472
1766 2472
1767 2472
1768 2472
1769 2472
1770 2472
1771 2472
1772 2472
1773 2472
1774 2472
1775 2472
1776 2472
1777 2472
1778 2472
1779 2472
1780 2472
1781 2472
1782 2472
1783 2472
1784 2472
1785 2472
1786 2472
1787 2472
1788 2472
1789 2472
1790 2472
1791 2472
1792 2472
1793 2472
1794 2472
1795 2472
1796 2472
1797 2472
1798 2472
1799 2472
1800 2472
1801 2472
1802 2472
1803 2472
1804 2472
1805 2472
1806 2472
1807 2472
1808 2472
1809 2472
1810 2472
1811 2472
1812 2472
1813 2472
1814 2472
1815 2472
1816 2472
1817 2472
1818 2472
1819 2472
1820 2472
1821 2472
1822 2472
1823 2472
1824 2472
1825 2472
1826 2472
1827 2472
1828 2472
1829 2472
1830 2472
1831 2472
1832 2472
1833 2472
1834 2472
1835 2472
1836 2472
1837 2472
1838 2472
1839 2472
1840 2472
1841 2472
1842 2472
1843 2472
1844 2472
1845 2472
1846 2472
1847 2472
1848 2472
1849 2472
1850 2472
1851 2472
1852 2472
1853 2472
1854 2472
1855 2472
1856 2472
1857 2472
1858 2472
1859 2472
1860 2472
1861 2472
1862 2472
1863 2472
1864 2472
1865 2472
1866 2472
1867 2472
1868 2472
1869 2472
1870 2472
1871 2472
1872 2472
1873 2472
1874 2472
1875 2472
1876 2472
1877 2472
1878 2472
1879 2472
1880 2472
1881 2472
1882 2472
1883 2472
1884 2472
1885 2472
1886 2472
1887 2472
1888 2472
1889 2472
1890 2472
1891 2472
1892 2472
1893 2472
1894 2472
1895 2472
1896 2472
1897 2472
1898 2472
1899 2472
1900 2472
1901 2472
1902 2472
1903 2472
1904 2472
1905 2472
1906 2472
1907 2472
1908 2472
1909 2472
1910 2472
1911 2472
1912 2472
1913 2472
1914 2472
1915 2472
1916 2472
1917 2472
1918 2472
1919 2472
1920 2472
1921 2472
1922 2472
1923 2472
1924 2472
1925 2472
1926 2472
1927 2472
1928 2472
1929 2472
1930 2472
1931 2472
1932 2472
1933 2472
1934 2472
1935 2472
1936 2472
1937 2472
1938 2472
1939 2472
1940 2472
1941 2472
1942 2472
1943 2472
1944 2472
1945 2472
1946 2472
1947 2472
1948 2472
1949 2472
1950 2472
1951 2472
1952 2472
1953 2472
1954 2472
1955 2472
1956 2472
1957 2472
1958 2472
1959 2472
1960 2472
1961 2472
1962 2472
1963 2472
1964 2472
1965 2472
1966 2472
1967 2472
1968 2472
1969 2472
1970 2472
1971 2472
1972 2472
1973 2472
1974 2472
1975 2472
1976 2472
1977 2472
1978 2472
1979 2472
1980 2472
1981 2472
1982 2472
1983 2472
1984 2472
1985 2472
1986 2472
1987 2472
1988 2472
1989 2472
1990 2472
1991 2472
1992 2472
1993 2472
1994 2472
1995 2472
1996 2472
1997 2472
1998 2472
1999 2472
2000 2472
2001 2472
2002 2472
2003 2472
2004 2472
2005 2472
2006 2472
2007 2472
2008 2472
2009 2472
2010 2472
2011 2472
2012 2472
2013 2472
2014 2472
2015 2472
2016 2472
2017 2472
2018 2472
2019 2472
2020 2472
2021 2472
2022 2472
2023 2472
2024 2472
2025 2472
2026 2472
2027 2472
2028 2472
2029 2472
2030 2472
2031 2472
2032 2472
2033 2472
2034 2472
2035 2472
2036 2472
2037 2472
2038 2472
2039 2472
2040 2472
2041 2472
2042 2472
2043 2472
2044 2472
2045 2472
2046 2472
2047 2472
2048 2472
2049 2472
2050 2472
2051 2472
2052 2472
2053 2472
2054 2472
2055 2472
2056 2472
2057 2472
2058 2472
2059 2472
2060 2472
2061 2472
2062 2472
2063 2472
2064 2472
2065 2472
2066 2472
2067 2472
2068 2472
2069 2472
2070 2472
2071 2472
2072 2472
2073 2472
2074 2472
2075 2472
2076 2472
2077 2472
2078 2472
2079 2472
2080 2472
2081 2472
2082 2472
2083 2472
2084 2472
2085 2472
2086 2472
2087 2472
2088 2472
2089 2472
2090 2472
2091 2472
2092 2472
2093 2472
2094 2472
2095 2472
2096 2472
2097 2472
2098 2472
2099 2472
2100 2472
2101 2472
2102 2472
2103 2472
2104 2472
2105 2472
2106 2472
2107 2472
2108 2472
2109 2472
2110 2472
2111 2472
2112 2472
2113 2472
2114 2472
2115 2472
2116 2472
2117 2472
2118 2472
2119 2472
2120 2472
2121 2472
2122 2472
2123 2472
2124 2472
2125 2472
2126 2472
2127 2472
2128 2472
2129 2472
2130 2472
2131 2472
2132 2472
2133 2472
2134 2472
2135 2472
2136 2472
2137 2472
2138 2472
2139 2472
2140 2472
2141 2472
2142 2472
2143 2472
2144 2472
2145 2472
2146 2472
2147 2472
2148 2472
2149 2472
2150 2472
2151 2472
2152 2472
2153 2472
2154 2472
2155 2472
2156 2472
2157 2472
2158 2472
2159 2472
2160 2472
2161 2472
2162 2472
2163 2472
2164 2472
2165 2472
2166 2472
2167 2472
2168 2472
2169 2472
2170 2472
2171 2472
2172 2472
2173 2472
2174 2472
2175 2472
2176 2472
2177 2472
2178 2472
2179 2472
2180 2472
2181 2472
2182 2472
2183 2472
2184 2472
2185 2472
2186 2472
2187 2472
2188 2472
2189 2472
2190 2472
2191 2472
2192 2472
2193 2472
2194 2472
2195 2472
2196 2472
2197 2472
2198 2472
2199 2472
2200 2472
2201 2472
2202 2472
2203 2472
2204 2472
2205 2472
2206 2472
2207 2472
2208 2472
2209 2472
2210 2472
2211 2472
2212 2472
2213 2472
2214 2472
2215 2472
2216 2472
2217 2472
2218 2472
2219 2472
2220 2472
2221 2472
2222 2472
2223 2472
2224 2472
2225 2472
2226 2472
2227 2472
2228 2472
2229 2472
2230 2472
2231 2472
2232 2472
2233 2472
2234 2472
2235 2472
2236 2472
2237 2472
2238 2472
2239 2472
2240 2472
2241 2472
2242 2472
2243 2472
2244 2472
2245 2472
2246 2472
2247 2472
2248 2472
2249 2472
2250 2472
2251 2472
2252 2472
2253 2472
2254 2472
2255 2472
2256 2472
2257 2472
2258 2472
2259 2472
2260 2472
2261 2472
2262 2472
2263 2472
2264 2472
2265 2472
2266 2472
2267 2472
2268 2472
2269 2472
2270 2472
2271 2472
2272 2472
2273 2472
2274 2472
2275 2472
2276 2472
2277 2472
2278 2472
2279 2472
2280 2472
2281 2472
2282 2472
2283 2472
2284 2472
2285 2472
2286 2472
2287 2472
2288 2472
2289 2472
2290 2472
2291 2472
2292 2472
2293 2472
2294 2472
2295 2472
2296 2472
2297 2472
2298 2472
2299 2472
2300 2472
2301 2472
2302 2472
2303 2472
2304 2472
2305 2472
2306 2472
2307 2472
2308 2472
2309 2472
2310 2472
2311 2472
2312 2472
2313 2472
2314 2472
2315 2472
2316 2472
2317 2472
2318 2472
2319 2472
2320 2472
2321 2472
2322 2472
2323 2472
2324 2472
2325 2472
2326 2472
2327 2472
2328 2472
2329 2472
2330 2472
2331 2472
2332 2472
2333 2472
2334 2472
2335 2472
2336 2472
2337 2472
2338 2472
2339 2472
2340 2472
2341 2472
2342 2472
2343 2472
2344 2472
2345 2472
2346 2472
2347 2472
2348 2472
2349 2472
2350 2472
2351 2472
2352 2472
2353 2472
2354 2472
2355 2472
2356 2472
2357 2472
2358 2472
2359 2472
2360 2472
2361 2472
2362 2472
2363 2472
2364 2472
2365 2471
2366 2471
2367 2471
2368 2471
2369 2471
2370 2471
2371 2471
2372 2471
2373 2471
2374 2471
2375 2471
2376 2471
2377 2471
2378 2471
2379 2470
2380 2470
2381 2469
2382 2469
2383 2469
2384 2468
2385 2465
2386 2464
2387 2464
2388 2464
2389 2464
2390 2464
2391 2463
2392 2463
2393 2463
2394 2463
2395 2463
2396 2463
2397 2462
2398 2461
2399 2461
2400 2460
2401 2460
2402 2460
2403 2460
2404 2459
2405 2459
2406 2458
2407 2457
2408 2457
2409 2457
2410 2457
2411 2456
2412 2456
2413 2456
2414 2456
2415 2456
2416 2456
2417 2456
2418 2456
2419 2456
2420 2455
2421 2455
2422 2454
2423 2451
2424 2451
2425 2451
2426 2450
2427 2450
2428 2450
2429 2450
2430 2450
2431 2450
2432 2449
2433 2449
2434 2449
2435 2449
2436 2449
2437 2449
2438 2449
2439 2448
2440 2448
2441 2445
2442 2441
2443 2437
2444 2437
2445 2437
2446 2437
2447 2436
2448 2436
2449 2436
2450 2436
2451 2436
2452 2436
2453 2435
2454 2434
2455 2433
2456 2433
2457 2432
2458 2432
2459 2432
2460 2432
2461 2432
2462 2432
2463 2432
2464 2432
2465 2432
2466 2432
2467 2432
2468 2432
2469 2432
2470 2431
2471 2430
2472 2430
2473 2430
2474 2430
2475 2430
2476 2430
2477 2428
2478 2427
2479 2427
2480 2427
2481 2426
2482 2426
2483 2426
2484 2425
2485 2423
2486 2422
2487 2421
2488 2421
2489 2421
2490 2421
2491 2421
2492 2421
2493 2421
2494 2421
2495 2418
2496 2414
2497 2407
2498 2398
2499 2398
2500 2398
2501 2397
2502 2397
2503 2396
2504 2395
2505 2395
2506 2395
2507 2395
2508 2395
2509 2395
2510 2395
2511 2394
2512 2393
2513 2392
2514 2392
2515 2391
2516 2390
2517 2390
2518 2390
2519 2390
2520 2389
2521 2389
2522 2389
2523 2388
2524 2388
2525 2387
2526 2387
2527 2386
2528 2385
2529 2385
2530 2385
2531 2385
2532 2383
2533 2383
2534 2383
2535 2383
2536 2383
2537 2383
2538 2383
2539 2383
2540 2383
2541 2383
2542 2383
2543 2383
2544 2382
2545 2382
2546 2382
2547 2382
2548 2381
2549 2381
2550 2373
2551 2367
2552 2359
2553 2359
2554 2359
2555 2359
2556 2359
2557 2359
2558 2359
2559 2359
2560 2358
2561 2358
2562 2358
2563 2358
2564 2358
2565 2358
2566 2358
2567 2357
2568 2357
2569 2357
2570 2356
2571 2354
2572 2352
2573 2352
2574 2352
2575 2351
2576 2351
2577 2351
2578 2351
2579 2351
2580 2351
2581 2351
2582 2351
2583 2351
2584 2350
2585 2350
2586 2348
2587 2348
2588 2348
2589 2346
2590 2346
2591 2345
2592 2344
2593 2344
2594 2344
2595 2344
2596 2344
2597 2343
2598 2343
2599 2343
2600 2343
2601 2343
2602 2343
2603 2337
2604 2329
2605 2320
2606 2319
2607 2319
2608 2317
2609 2316
2610 2316
2611 2316
2612 2316
2613 2315
2614 2315
2615 2315
2616 2315
2617 2314
2618 2313
2619 2313
2620 2312
2621 2312
2622 2311
2623 2311
2624 2311
2625 2311
2626 2307
2627 2306
2628 2304
2629 2304
2630 2304
2631 2304
2632 2304
2633 2304
2634 2304
2635 2302
2636 2301
2637 2301
2638 2301
2639 2274
2640 2271
2641 2270
2642 2270
2643 2270
2644 2270
2645 2270
2646 2270
2647 2269
2648 2268
2649 2268
2650 2268
2651 2267
2652 2267
2653 2267
2654 2266
2655 2265
2656 2264
2657 2262
2658 2260
2659 2260
2660 2260
2661 2260
2662 2260
2663 2260
2664 2260
2665 2258
2666 2258
2667 2257
2668 2257
2669 2256
2670 2254
2671 2253
2672 2238
2673 2218
2674 2217
2675 2216
2676 2215
2677 2215
2678 2214
2679 2212
2680 2212
2681 2212
2682 2212
2683 2212
2684 2212
2685 2211
2686 2211
2687 2211
2688 2211
2689 2211
2690 2211
2691 2211
2692 2211
2693 2211
2694 2210
2695 2210
2696 2210
2697 2210
2698 2208
2699 2208
2700 2208
2701 2208
2702 2208
2703 2207
2704 2207
2705 2206
2706 2206
2707 2203
2708 2203
2709 2200
2710 2188
2711 2176
2712 2176
2713 2175
2714 2175
2715 2175
2716 2175
2717 2173
2718 2172
2719 2170
2720 2170
2721 2168
2722 2166
2723 2166
2724 2166
2725 2166
2726 2166
2727 2166
2728 2166
2729 2166
2730 2166
2731 2165
2732 2164
2733 2164
2734 2162
2735 2160
2736 2124
2737 2123
2738 2122
2739 2122
2740 2122
2741 2120
2742 2120
2743 2115
2744 2115
2745 2115
2746 2115
2747 2113
2748 2113
2749 2113
2750 2111
2751 2111
2752 2111
2753 2085
2754 2064
2755 2060
2756 2059
2757 2057
2758 2057
2759 2057
2760 2057
2761 2053
2762 2053
2763 2053
2764 2053
2765 2052
2766 2052
2767 2052
2768 2052
2769 2051
2770 2051
2771 2051
2772 2050
2773 2050
2774 2050
2775 2050
2776 2050
2777 2050
2778 2040
2779 2009
2780 2009
2781 2009
2782 2009
2783 2009
2784 2009
2785 2009
2786 2009
2787 2009
2788 2009
2789 2009
2790 2009
2791 2009
2792 2009
2793 2009
2794 2009
2795 2009
2796 2009
2797 2009
2798 2009
2799 2009
2800 1977
2801 1967
2802 1967
2803 1967
2804 1967
2805 1967
2806 1967
2807 1967
2808 1967
2809 1967
2810 1967
2811 1967
2812 1967
2813 1935
2814 1922
2815 1922
2816 1922
2817 1922
2818 1922
2819 1922
2820 1922
2821 1922
2822 1922
2823 1922
2824 1922
2825 1922
2826 1922
2827 1922
2828 1922
2829 1922
2830 1922
2831 1922
2832 1922
2833 1922
2834 1922
2835 1922
2836 1893
2837 1893
2838 1893
2839 1893
2840 1893
2841 1893
2842 1893
2843 1893
2844 1893
2845 1893
2846 1893
2847 1893
2848 1893
2849 1893
2850 1893
2851 1893
2852 1893
2853 1893
2854 1893
2855 1893
2856 1893
2857 1893
2858 1893
2859 1893
2860 1893
2861 1893
2862 1884
2863 1876
2864 1870
2865 1866
2866 1866
2867 1866
2868 1866
2869 1866
2870 1866
2871 1866
2872 1866
2873 1866
2874 1866
2875 1866
2876 1866
2877 1866
2878 1866
2879 1866
2880 1866
2881 1866
2882 1866
2883 1866
2884 1866
2885 1866
2886 1866
2887 1866
2888 1866
2889 1866
2890 1844
2891 1832
2892 1832
2893 1832
2894 1832
2895 1832
2896 1832
2897 1832
2898 1832
2899 1832
2900 1832
2901 1832
2902 1832
2903 1832
2904 1832
2905 1832
2906 1832
2907 1832
2908 1832
2909 1832
2910 1832
2911 1832
2912 1832
2913 1832
2914 1832
2915 1823
2916 1804
2917 1790
2918 1790
2919 1790
2920 1790
2921 1790
2922 1790
2923 1790
2924 1790
2925 1790
2926 1790
2927 1790
2928 1790
2929 1790
2930 1790
2931 1790
2932 1790
2933 1790
2934 1790
2935 1790
2936 1790
2937 1790
2938 1790
2939 1790
2940 1790
2941 1790
2942 1790
2943 1790
2944 1790
2945 1781
2946 1754
2947 1754
2948 1754
2949 1754
2950 1754
2951 1754
2952 1754
2953 1754
2954 1754
2955 1754
2956 1754
2957 1754
2958 1754
2959 1754
2960 1754
2961 1754
2962 1754
2963 1754
2964 1754
2965 1754
2966 1754
2967 1754
2968 1754
2969 1754
2970 1754
2971 1754
2972 1754
2973 1748
2974 1719
2975 1719
2976 1719
2977 1719
2978 1719
2979 1719
2980 1719
2981 1719
2982 1719
2983 1719
2984 1719
2985 1719
2986 1719
2987 1719
2988 1719
2989 1719
2990 1719
2991 1719
2992 1719
2993 1719
2994 1719
2995 1719
2996 1719
2997 1719
2998 1719
2999 1719
3000 1719
3001 1719
3002 1719
3003 1719
3004 1719
3005 1719
3006 1719
3007 1719
3008 1719
3009 1688
3010 1688
3011 1688
3012 1688
3013 1688
3014 1688
3015 1688
3016 1688
3017 1688
3018 1688
3019 1688
3020 1688
3021 1688
3022 1648
3023 1648
3024 1648
3025 1648
3026 1648
3027 1648
3028 1648
3029 1648
3030 1648
3031 1648
3032 1648
3033 1648
3034 1648
3035 1648
3036 1648
3037 1648
3038 1648
3039 1648
3040 1648
3041 1648
3042 1648
3043 1648
3044 1648
3045 1648
3046 1648
3047 1648
3048 1648
3049 1648
3050 1648
3051 1648
3052 1648
3053 1648
3054 1635
3055 1616
3056 1615
3057 1615
3058 1615
3059 1615
3060 1615
3061 1615
3062 1615
3063 1615
3064 1615
3065 1615
3066 1615
3067 1615
3068 1615
3069 1615
3070 1613
3071 1590
3072 1590
3073 1590
3074 1590
3075 1590
3076 1590
3077 1590
3078 1590
3079 1590
3080 1590
3081 1590
3082 1590
3083 1590
3084 1590
3085 1590
3086 1590
3087 1590
3088 1590
3089 1590
3090 1590
3091 1590
3092 1590
3093 1590
3094 1590
3095 1590
3096 1590
3097 1590
3098 1590
3099 1590
3100 1590
3101 1590
3102 1590
3103 1590
3104 1590
3105 1590
3106 1590
3107 1587
3108 1579
3109 1571
3110 1566
3111 1566
3112 1566
3113 1566
3114 1566
3115 1566
3116 1566
3117 1566
3118 1566
3119 1566
3120 1566
3121 1566
3122 1566
3123 1566
3124 1566
3125 1566
3126 1566
3127 1566
3128 1566
3129 1566
3130 1566
3131 1566
3132 1566
3133 1566
3134 1566
3135 1566
3136 1566
3137 1566
3138 1566
3139 1566
3140 1566
3141 1566
3142 1554
3143 1532
3144 1532
3145 1532
3146 1532
3147 1532
3148 1532
3149 1532
3150 1532
3151 1532
3152 1532
3153 1532
3154 1532
3155 1532
3156 1532
3157 1532
3158 1532
3159 1532
3160 1532
3161 1532
3162 1532
3163 1532
3164 1532
3165 1532
3166 1532
3167 1532
3168 1532
3169 1532
3170 1520
3171 1495
3172 1495
3173 1495
3174 1495
3175 1495
3176 1495
3177 1495
3178 1495
3179 1495
3180 1495
3181 1495
3182 1495
3183 1495
3184 1495
3185 1495
3186 1495
3187 1495
3188 1495
3189 1495
3190 1495
3191 1495
3192 1495
3193 1495
3194 1495
3195 1495
3196 1495
3197 1495
3198 1495
3199 1495
3200 1495
3201 1495
3202 1495
3203 1495
3204 1495
3205 1495
3206 1488
3207 1455
3208 1455
3209 1455
3210 1455
3211 1455
3212 1455
3213 1455
3214 1455
3215 1455
3216 1455
3217 1455
3218 1455
3219 1455
3220 1455
3221 1455
3222 1455
3223 1455
3224 1455
3225 1455
3226 1455
3227 1455
3228 1455
3229 1455
3230 1455
3231 1455
3232 1455
3233 1455
3234 1455
3235 1455
3236 1455
3237 1455
3238 1455
3239 1455
3240 1455
3241 1455
3242 1455
3243 1455
3244 1455
3245 1455
3246 1455
3247 1455
3248 1455
3249 1455
3250 1455
3251 1455
3252 1454
3253 1440
3254 1425
3255 1425
3256 1425
3257 1425
3258 1425
3259 1425
3260 1425
3261 1425
3262 1425
3263 1425
3264 1425
3265 1425
3266 1425
3267 1425
3268 1425
3269 1425
3270 1425
3271 1425
3272 1425
3273 1425
3274 1425
3275 1425
3276 1425
3277 1425
3278 1425
3279 1425
3280 1425
3281 1425
3282 1425
3283 1425
3284 1425
3285 1425
3286 1425
3287 1425
3288 1425
3289 1425
3290 1425
3291 1425
3292 1425
3293 1425
3294 1425
3295 1425
3296 1425
3297 1425
3298 1425
3299 1419
3300 1405
3301 1397
3302 1397
3303 1397
3304 1397
3305 1397
3306 1397
3307 1397
3308 1397
3309 1397
3310 1397
3311 1397
3312 1397
3313 1397
3314 1397
3315 1397
3316 1397
3317 1397
3318 1397
3319 1397
3320 1397
3321 1397
3322 1397
3323 1397
3324 1397
3325 1397
3326 1397
3327 1397
3328 1397
3329 1397
3330 1397
3331 1397
3332 1397
3333 1397
3334 1395
3335 1381
3336 1375
3337 1372
3338 1372
3339 1372
3340 1372
3341 1372
3342 1372
3343 1372
3344 1372
3345 1372
3346 1372
3347 1372
3348 1372
3349 1372
3350 1372
3351 1372
3352 1372
3353 1372
3354 1372
3355 1372
3356 1372
3357 1372
3358 1372
3359 1372
3360 1372
3361 1372
3362 1372
3363 1372
3364 1372
3365 1372
3366 1372
3367 1372
3368 1372
3369 1372
3370 1372
3371 1372
3372 1372
3373 1372
3374 1372
3375 1372
3376 1372
3377 1372
3378 1372
3379 1372
3380 1372
3381 1372
3382 1372
3383 1362
3384 1347
3385 1343
3386 1343
3387 1343
3388 1343
3389 1343
3390 1343
3391 1343
3392 1343
3393 1343
3394 1343
3395 1343
3396 1343
3397 1343
3398 1343
3399 1343
3400 1343
3401 1343
3402 1343
3403 1343
3404 1343
3405 1343
3406 1343
3407 1343
3408 1343
3409 1343
3410 1343
3411 1343
3412 1343
3413 1343
3414 1343
3415 1343
3416 1343
3417 1343
3418 1337
3419 1331
3420 1321
3421 1321
3422 1321
3423 1321
3424 1321
3425 1321
3426 1321
3427 1321
3428 1321
3429 1321
3430 1321
3431 1321
3432 1321
3433 1321
3434 1321
3435 1321
3436 1321
3437 1321
3438 1321
3439 1321
3440 1321
3441 1321
3442 1321
3443 1321
3444 1321
3445 1321
3446 1321
3447 1321
3448 1321
3449 1321
3450 1321
3451 1321
3452 1321
3453 1321
3454 1321
3455 1321
3456 1321
3457 1321
3458 1321
3459 1321
3460 1321
3461 1321
3462 1321
3463 1321
3464 1321
3465 1321
3466 1321
3467 1321
3468 1321
3469 1321
3470 1321
3471 1321
3472 1305
3473 1290
3474 1289
3475 1289
3476 1289
3477 1289
3478 1289
3479 1289
3480 1289
3481 1289
3482 1289
3483 1289
3484 1289
3485 1289
3486 1289
3487 1289
3488 1289
3489 1289
3490 1289
3491 1289
3492 1289
3493 1289
3494 1289
3495 1289
3496 1289
3497 1289
3498 1289
3499 1289
3500 1289
3501 1289
3502 1289
3503 1289
3504 1289
3505 1289
3506 1289
3507 1289
3508 1289
3509 1289
3510 1289
3511 1289
3512 1289
3513 1289
3514 1289
3515 1289
3516 1289
3517 1289
3518 1289
3519 1289
3520 1289
3521 1289
3522 1289
3523 1289
3524 1289
3525 1281
3526 1270
3527 1266
3528 1266
3529 1266
3530 1266
3531 1266
3532 1266
3533 1266
3534 1266
3535 1266
3536 1266
3537 1266
3538 1266
3539 1266
3540 1266
3541 1266
3542 1266
3543 1266
3544 1266
3545 1266
3546 1266
3547 1266
3548 1266
3549 1266
3550 1266
3551 1266
3552 1266
3553 1266
3554 1266
3555 1266
3556 1266
3557 1266
3558 1266
3559 1266
3560 1266
3561 1266
3562 1266
3563 1266
3564 1266
3565 1266
3566 1266
3567 1266
3568 1266
3569 1266
3570 1266
3571 1266
3572 1266
3573 1266
3574 1266
3575 1266
3576 1266
3577 1247
3578 1242
3579 1242
3580 1242
3581 1242
3582 1242
3583 1242
3584 1242
3585 1242
3586 1242
3587 1242
3588 1242
3589 1242
3590 1242
3591 1242
3592 1242
3593 1242
3594 1242
3595 1242
3596 1242
3597 1242
3598 1242
3599 1242
3600 1242
3601 1242
3602 1242
3603 1242
3604 1242
3605 1242
3606 1242
3607 1242
3608 1242
3609 1242
3610 1242
3611 1242
3612 1242
3613 1242
3614 1242
3615 1242
3616 1242
3617 1242
3618 1242
3619 1242
3620 1242
3621 1242
3622 1242
3623 1242
3624 1242
3625 1242
3626 1242
3627 1242
3628 1242
3629 1242
3630 1237
3631 1225
3632 1213
3633 1213
3634 1213
3635 1213
3636 1213
3637 1213
3638 1213
3639 1213
3640 1213
3641 1213
3642 1213
3643 1213
3644 1213
3645 1213
3646 1213
3647 1213
3648 1213
3649 1213
3650 1213
3651 1213
3652 1213
3653 1213
3654 1213
3655 1213
3656 1213
3657 1213
3658 1213
3659 1213
3660 1213
3661 1213
3662 1213
3663 1213
3664 1213
3665 1213
3666 1213
3667 1213
3668 1213
3669 1213
3670 1213
3671 1213
3672 1213
3673 1213
3674 1213
3675 1213
3676 1213
3677 1213
3678 1213
3679 1207
3680 1190
3681 1186
3682 1186
3683 1186
3684 1186
3685 1186
3686 1186
3687 1186
3688 1186
3689 1186
3690 1186
3691 1186
3692 1186
3693 1186
3694 1186
3695 1186
3696 1186
3697 1186
3698 1186
3699 1186
3700 1186
3701 1186
3702 1186
3703 1186
3704 1186
3705 1186
3706 1186
3707 1186
3708 1186
3709 1186
3710 1186
3711 1186
3712 1186
3713 1186
3714 1186
3715 1186
3716 1186
3717 1186
3718 1186
3719 1186
3720 1186
3721 1186
3722 1186
3723 1186
3724 1186
3725 1186
3726 1186
3727 1186
3728 1186
3729 1186
3730 1186
3731 1186
3732 1182
3733 1179
3734 1175
3735 1168
3736 1168
3737 1168
3738 1168
3739 1168
3740 1168
3741 1168
3742 1168
3743 1168
3744 1168
3745 1168
3746 1168
3747 1168
3748 1168
3749 1168
3750 1168
3751 1168
3752 1168
3753 1168
3754 1168
3755 1168
3756 1168
3757 1168
3758 1168
3759 1168
3760 1168
3761 1168
3762 1168
3763 1168
3764 1168
3765 1168
3766 1168
3767 1168
3768 1168
3769 1168
3770 1168
3771 1168
3772 1168
3773 1168
3774 1168
3775 1168
3776 1168
3777 1168
3778 1168
3779 1168
3780 1168
3781 1168
3782 1168
3783 1168
3784 1168
3785 1168
3786 1168
3787 1168
3788 1168
3789 1164
3790 1150
3791 1140
3792 1134
3793 1134
3794 1134
3795 1134
3796 1134
3797 1134
3798 1134
3799 1134
3800 1134
3801 1134
3802 1134
3803 1134
3804 1134
3805 1134
3806 1134
3807 1134
3808 1134
3809 1134
3810 1134
3811 1134
3812 1134
3813 1134
3814 1134
3815 1134
3816 1134
3817 1134
3818 1134
3819 1134
3820 1134
3821 1134
3822 1134
3823 1134
3824 1134
3825 1134
3826 1134
3827 1134
3828 1134
3829 1134
3830 1134
3831 1134
3832 1134
3833 1134
3834 1134
3835 1134
3836 1134
3837 1134
3838 1134
3839 1134
3840 1134
3841 1134
3842 1134
3843 1134
3844 1134
3845 1134
3846 1134
3847 1129
3848 1117
3849 1107
3850 1104
3851 1104
3852 1104
3853 1104
3854 1104
3855 1104
3856 1104
3857 1104
3858 1104
3859 1104
3860 1104
3861 1104
3862 1104
3863 1104
3864 1104
3865 1104
3866 1104
3867 1104
3868 1104
3869 1104
3870 1104
3871 1104
3872 1104
3873 1104
3874 1104
3875 1104
3876 1104
3877 1104
3878 1104
3879 1104
3880 1104
3881 1104
3882 1104
3883 1104
3884 1104
3885 1104
3886 1104
3887 1104
3888 1104
3889 1104
3890 1104
3891 1104
3892 1104
3893 1104
3894 1104
3895 1104
3896 1104
3897 1104
3898 1104
3899 1104
3900 1104
3901 1104
3902 1099
3903 1090
3904 1085
3905 1080
3906 1078
3907 1078
3908 1078
3909 1078
3910 1078
3911 1078
3912 1078
3913 1078
3914 1078
3915 1078
3916 1078
3917 1078
3918 1078
3919 1078
3920 1078
3921 1078
3922 1078
3923 1078
3924 1078
3925 1078
3926 1078
3927 1078
3928 1078
3929 1078
3930 1078
3931 1078
3932 1078
3933 1078
3934 1078
3935 1078
3936 1078
3937 1078
3938 1078
3939 1078
3940 1078
3941 1078
3942 1078
3943 1078
3944 1078
3945 1078
3946 1078
3947 1078
3948 1078
3949 1078
3950 1078
3951 1078
3952 1078
3953 1078
3954 1078
3955 1078
3956 1078
3957 1078
3958 1078
3959 1078
3960 1078
3961 1078
3962 1078
3963 1078
3964 1078
3965 1074
3966 1067
3967 1059
3968 1056
3969 1056
3970 1056
3971 1056
3972 1056
3973 1056
3974 1056
3975 1056
3976 1056
3977 1056
3978 1056
3979 1056
3980 1056
3981 1056
3982 1056
3983 1056
3984 1056
3985 1056
3986 1056
3987 1056
3988 1056
3989 1056
3990 1056
3991 1056
3992 1056
3993 1056
3994 1056
3995 1056
3996 1056
3997 1056
3998 1056
3999 1056
4000 1056
4001 1056
4002 1056
4003 1056
4004 1056
4005 1056
4006 1056
4007 1056
4008 1056
4009 1056
4010 1056
4011 1056
4012 1056
4013 1056
4014 1056
4015 1056
4016 1056
4017 1056
4018 1056
4019 1056
4020 1056
4021 1056
4022 1056
4023 1056
4024 1056
4025 1056
4026 1056
4027 1048
4028 1035
4029 1033
4030 1033
4031 1033
4032 1033
4033 1033
4034 1033
4035 1033
4036 1033
4037 1033
4038 1033
4039 1033
4040 1033
4041 1033
4042 1033
4043 1033
4044 1033
4045 1033
4046 1033
4047 1033
4048 1033
4049 1033
4050 1033
4051 1033
4052 1033
4053 1033
4054 1033
4055 1033
4056 1033
4057 1033
4058 1033
4059 1033
4060 1033
4061 1033
4062 1033
4063 1033
4064 1033
4065 1033
4066 1033
4067 1033
4068 1033
4069 1033
4070 1033
4071 1033
4072 1033
4073 1033
4074 1033
4075 1033
4076 1033
4077 1033
4078 1033
4079 1033
4080 1033
4081 1033
4082 1033
4083 1033
4084 1033
4085 1033
4086 1033
4087 1031
4088 1023
4089 1016
4090 1011
4091 1011
4092 1011
4093 1011
4094 1011
4095 1011
4096 1011
4097 1011
4098 1011
4099 1011
4100 1011
4101 1011
4102 1011
4103 1011
4104 1011
4105 1011
4106 1011
4107 1011
4108 1011
4109 1011
4110 1011
4111 1011
4112 1011
4113 1011
4114 1011
4115 1011
4116 1011
4117 1011
4118 1011
4119 1011
4120 1011
4121 1011
4122 1011
4123 1011
4124 1011
4125 1011
4126 1011
4127 1011
4128 1011
4129 1011
4130 1011
4131 1011
4132 1011
4133 1011
4134 1011
4135 1011
4136 1011
4137 1011
4138 1011
4139 1011
4140 1011
4141 1011
4142 1011
4143 1011
4144 1011
4145 1011
4146 1011
4147 1008
4148 999
4149 993
4150 991
4151 991
4152 991
4153 991
4154 991
4155 991
4156 991
4157 991
4158 991
4159 991
4160 991
4161 991
4162 991
4163 991
4164 991
4165 991
4166 991
4167 991
4168 991
4169 991
4170 991
4171 991
4172 991
4173 991
4174 991
4175 991
4176 991
4177 991
4178 991
4179 991
4180 991
4181 991
4182 991
4183 991
4184 991
4185 991
4186 991
4187 991
4188 991
4189 991
4190 991
4191 991
4192 988
4193 980
4194 976
4195 971
4196 971
4197 971
4198 971
4199 971
4200 971
4201 971
4202 971
4203 971
4204 971
4205 971
4206 971
4207 971
4208 971
4209 971
4210 971
4211 971
4212 971
4213 971
4214 971
4215 971
4216 971
4217 971
4218 971
4219 971
4220 971
4221 971
4222 971
4223 971
4224 971
4225 971
4226 971
4227 971
4228 971
4229 971
4230 971
4231 971
4232 971
4233 971
4234 971
4235 971
4236 971
4237 971
4238 971
4239 971
4240 971
4241 971
4242 971
4243 971
4244 971
4245 971
4246 971
4247 971
4248 971
4249 971
4250 971
4251 971
4252 971
4253 971
4254 971
4255 971
4256 971
4257 963
4258 945
4259 945
4260 945
4261 945
4262 945
4263 945
4264 945
4265 945
4266 945
4267 945
4268 945
4269 945
4270 945
4271 945
4272 945
4273 945
4274 945
4275 945
4276 945
4277 945
4278 945
4279 945
4280 945
4281 945
4282 945
4283 945
4284 945
4285 945
4286 945
4287 945
4288 945
4289 945
4290 945
4291 945
4292 945
4293 945
4294 945
4295 945
4296 945
4297 945
4298 945
4299 945
4300 945
4301 945
4302 945
4303 945
4304 945
4305 945
4306 945
4307 945
4308 945
4309 942
4310 941
4311 934
4312 930
4313 927
4314 927
4315 927
4316 927
4317 927
4318 927
4319 927
4320 927
4321 927
4322 927
4323 927
4324 927
4325 927
4326 927
4327 927
4328 927
4329 927
4330 927
4331 927
4332 927
4333 927
4334 927
4335 927
4336 927
4337 927
4338 927
4339 927
4340 927
4341 927
4342 927
4343 927
4344 927
4345 927
4346 927
4347 927
4348 927
4349 927
4350 927
4351 927
4352 927
4353 927
4354 927
4355 927
4356 927
4357 927
4358 927
4359 927
4360 927
4361 927
4362 927
4363 927
4364 927
4365 927
4366 927
4367 927
4368 927
4369 927
4370 927
4371 919
4372 910
4373 905
4374 905
4375 905
4376 905
4377 905
4378 905
4379 905
4380 905
4381 905
4382 905
4383 905
4384 905
4385 905
4386 905
4387 905
4388 905
4389 905
4390 905
4391 905
4392 905
4393 905
4394 905
4395 905
4396 905
4397 905
4398 905
4399 905
4400 905
4401 905
4402 905
4403 905
4404 905
4405 905
4406 905
4407 905
4408 905
4409 905
4410 905
4411 905
4412 905
4413 905
4414 905
4415 905
4416 905
4417 905
4418 905
4419 905
4420 905
4421 905
4422 905
4423 905
4424 905
4425 905
4426 905
4427 905
4428 905
4429 905
4430 905
4431 900
4432 898
4433 890
4434 890
4435 890
4436 890
4437 890
4438 890
4439 890
4440 890
4441 890
4442 890
4443 890
4444 890
4445 890
4446 890
4447 890
4448 890
4449 890
4450 890
4451 890
4452 890
4453 890
4454 890
4455 890
4456 890
4457 890
4458 890
4459 890
4460 890
4461 890
4462 890
4463 890
4464 890
4465 890
4466 890
4467 890
4468 890
4469 890
4470 890
4471 890
4472 890
4473 890
4474 890
4475 890
4476 890
4477 890
4478 890
4479 890
4480 890
4481 890
4482 890
4483 890
4484 890
4485 890
4486 890
4487 886
4488 875
4489 865
4490 863
4491 863
4492 863
4493 863
4494 863
4495 863
4496 990
4497 1243
4498 1321
4499 1574
4500 1745
4501 2059
4502 2523
4503 2712
4504 3330
4505 5191
4506 6645
4507 8840
4508 10100
4509 12000
4510 12679
4511 14255
4512 15876
4513 17932
4514 19097
4515 19812
4516 21984
4517 23290
4518 24722
4519 25628
4520 26345
4521 27491
4522 28659
4523 28800
4524 29442
4525 32234
4526 33706
4527 34563
4528 36429
4529 38002
4530 40049
4531 40512
4532 41683
4533 42493
4534 43639
4535 44835
4536 45717
4537 47411
4538 48771
4539 50464
4540 51776
4541 53302
4542 55118
4543 55786
4544 57386
4545 58221
4546 59818
4547 60802
4548 61541
4549 62831
4550 63975
4551 64041
4552 64548
4553 65310
4554 66071
4555 67842
4556 68052
4557 69678
4558 70034
4559 70681
4560 71849
4561 72705
4562 74624
4563 75889
4564 77915
4565 79607
4566 80631
4567 82041
4568 83569
4569 84713
4570 87060
4571 88515
4572 89914
4573 91439
4574 92322
4575 94307
4576 95501
4577 96265
4578 97577
4579 99161
4580 99866
4581 100869
4582 101799
4583 102437
4584 103683
4585 103751
4586 104897
4587 105661
4588 105731
4589 106661
4590 107494
4591 107961
4592 108266
4593 108902
4594 109094
4595 109683
4596 110089
4597 110575
4598 111046
4599 111709
4600 112350
4601 112796
4602 113200
4603 113914
4604 114002
4605 114094
4606 114232
4607 114350
4608 114442
4609 114442
4610 114442
4611 114442
4612 114442
4613 114442
4614 114440
4615 114404
4616 114404
4617 114404
4618 114404
4619 114404
4620 114404
4621 114404
4622 114404
4623 114404
4624 114404
4625 114353
4626 114353
4627 114353
4628 114353
4629 114353
4630 114353
4631 114353
4632 114353
4633 114353
4634 114353
4635 114347
4636 114324
4637 114324
4638 114324
4639 114324
4640 114324
4641 114324
4642 114324
4643 114324
4644 114324
4645 114324
4646 114284
4647 114284
4648 114284
4649 114284
4650 114284
4651 114284
4652 114284
4653 114284
4654 114284
4655 114284
4656 114279
4657 114239
4658 114239
4659 114239
4660 114239
4661 114239
4662 114239
4663 114239
4664 114239
4665 114239
4666 114239
4667 114204
4668 114204
4669 114204
4670 114204
4671 114204
4672 114204
4673 114204
4674 114204
4675 114204
4676 114204
4677 114197
4678 114158
4679 114158
4680 114158
4681 114158
4682 114158
4683 114158
4684 114158
4685 114158
4686 114158
4687 114158
4688 114117
4689 114117
4690 114117
4691 114117
4692 114117
4693 114117
4694 114117
4695 114117
4696 114117
4697 114117
4698 114111
4699 114071
4700 114071
4701 114071
4702 114071
4703 114071
4704 114071
4705 114071
4706 114071
4707 114071
4708 114071
4709 114021
4710 114021
4711 114021
4712 114021
4713 114021
4714 114021
4715 114021
