1 10
2 3240
3 3240
4 3240
5 3240
6 3240
7 3240
8 3240
9 3240
10 3240
11 3240
12 3240
13 3240
14 3240
15 3240
16 3240
17 3240
18 3240
19 3240
20 3240
21 3240
22 3240
23 3240
24 3240
25 3240
26 3240
27 3240
28 3240
29 3240
30 3240
31 3240
32 3240
33 3240
34 3240
35 3240
36 3240
37 3240
38 3240
39 3240
40 3240
41 3240
42 3240
43 3240
44 3240
45 3240
46 3240
47 3240
48 3240
49 3240
50 3240
51 3240
52 3240
53 3240
54 3240
55 3240
56 3240
57 3240
58 3240
59 3240
60 3240
61 3240
62 3240
63 3240
64 3240
65 3240
66 3240
67 3240
68 3240
69 3240
70 3240
71 3240
72 3240
73 3240
74 3240
75 3240
76 3240
77 3240
78 3240
79 3240
80 3240
81 3240
82 3240
83 3240
84 3240
85 3240
86 3240
87 3240
88 3240
89 3240
90 3240
91 3240
92 3240
93 3240
94 3240
95 3240
96 3240
97 3240
98 3240
99 3240
100 3240
101 3240
102 3240
103 3240
104 3240
105 3240
106 3240
107 3240
108 3240
109 3240
110 3240
111 3240
112 3240
113 3240
114 3240
115 3240
116 3240
117 3240
118 3240
119 3240
120 3240
121 3240
122 3240
123 3240
124 3240
125 3240
126 3240
127 3240
128 3240
129 3240
130 3240
131 3240
132 3240
133 3240
134 3240
135 3240
136 3240
137 3240
138 3240
139 3240
140 3240
141 3240
142 3240
143 3240
144 3240
145 3240
146 3240
147 3240
148 3240
149 3240
150 3240
151 3240
152 3240
153 3240
154 3240
155 3240
156 3240
157 3240
158 3240
159 3240
160 3240
161 3240
162 3240
163 3240
164 3240
165 3240
166 3240
167 3240
168 3240
169 3240
170 3240
171 3240
172 3240
173 3240
174 3240
175 3240
176 3240
177 3240
178 3240
179 3240
180 3240
181 3240
182 3240
183 3240
184 3240
185 3240
186 3240
187 3240
188 3240
189 3240
190 3240
191 3240
192 3240
193 3240
194 3240
195 3240
196 3240
197 3240
198 3240
199 3240
200 3240
201 3240
202 3240
203 3240
204 3240
205 3240
206 3240
207 3240
208 3240
209 3240
210 3240
211 3240
212 3240
213 3240
214 3240
215 3240
216 3240
217 3240
218 3240
219 3240
220 3240
221 3240
222 3240
223 3240
224 3240
225 3240
226 3240
227 3240
228 3240
229 3240
230 3240
231 3240
232 3240
233 3240
234 3240
235 3240
236 3240
237 3240
238 3240
239 3240
240 3240
241 3240
242 3240
243 3240
244 3240
245 3240
246 3240
247 3240
248 3240
249 3240
250 3240
251 3240
252 3240
253 3240
254 3240
255 3240
256 3240
257 3240
258 3240
259 3240
260 3240
261 3240
262 3240
263 3240
264 3240
265 3240
266 3240
267 3240
268 3240
269 3240
270 3240
271 3240
272 3240
273 3240
274 3240
275 3240
276 3240
277 3240
278 3240
279 3240
280 3240
281 3240
282 3240
283 3240
284 3240
285 3240
286 3240
287 3240
288 3240
289 3240
290 3240
291 3240
292 3240
293 3240
294 3240
295 3240
296 3240
297 3240
298 3240
299 3240
300 3240
301 3240
302 3240
303 3240
304 3240
305 3240
306 3240
307 3240
308 3240
309 3240
310 3240
311 3240
312 3240
313 3240
314 3240
315 3240
316 3240
317 3240
318 3240
319 3240
320 3240
321 3240
322 3240
323 3240
324 3240
325 3240
326 3240
327 3240
328 3240
329 3240
330 3240
331 3240
332 3240
333 3240
334 3240
335 3240
336 3240
337 3240
338 3240
339 3240
340 3240
341 3240
342 3240
343 3240
344 3240
345 3240
346 3240
347 3240
348 3240
349 3240
350 3240
351 3240
352 3240
353 3240
354 3240
355 3240
356 3240
357 3240
358 3240
359 3240
360 3240
361 3240
362 3240
363 3240
364 3240
365 3240
366 3240
367 3240
368 3240
369 3240
370 3240
371 3240
372 3240
373 3240
374 3240
375 3240
376 3240
377 3240
378 3240
379 3240
380 3240
381 3240
382 3240
383 3240
384 3240
385 3240
386 3240
387 3240
388 3240
389 3240
390 3240
391 3240
392 3240
393 3240
394 3240
395 3240
396 3240
397 3240
398 3240
399 3240
400 3240
401 3240
402 3240
403 3240
404 3240
405 3240
406 3240
407 3240
408 3240
409 3240
410 3240
411 3240
412 3240
413 3240
414 3240
415 3240
416 3240
417 3240
418 3240
419 3240
420 3240
421 3240
422 3240
423 3240
424 3240
425 3240
426 3240
427 3240
428 3240
429 3240
430 3240
431 3240
432 3240
433 3240
434 3240
435 3240
436 3240
437 3240
438 3240
439 3240
440 3240
441 3240
442 3240
443 3240
444 3240
445 3240
446 3240
447 3240
448 3240
449 3240
450 3240
451 3240
452 3240
453 3240
454 3240
455 3240
456 3240
457 3240
458 3240
459 3240
460 3240
461 3240
462 3240
463 3240
464 3240
465 3240
466 3240
467 3240
468 3240
469 3240
470 3240
471 3240
472 3240
473 3240
474 3240
475 3240
476 3240
477 3240
478 3240
479 3240
480 3240
481 3240
482 3240
483 3240
484 3240
485 3240
486 3240
487 3240
488 3240
489 3240
490 3240
491 3240
492 3240
493 3240
494 3240
495 3240
496 3240
497 3240
498 3240
499 3240
500 3240
501 3240
502 3240
503 3240
504 3240
505 3240
506 3240
507 3240
508 3240
509 3240
510 3240
511 3240
512 3240
513 3240
514 3240
515 3240
516 3240
517 3240
518 3240
519 3240
520 3240
521 3240
522 3240
523 3240
524 3240
525 3240
526 3240
527 3240
528 3240
529 3240
530 3240
531 3240
532 3240
533 3240
534 3240
535 3240
536 3240
537 3240
538 3240
539 3240
540 3240
541 3240
542 3240
543 3240
544 3240
545 3240
546 3240
547 3240
548 3240
549 3240
550 3240
551 3240
552 3240
553 3240
554 3240
555 3240
556 3240
557 3240
558 3240
559 3240
560 3240
561 3240
562 3240
563 3240
564 3240
565 3240
566 3240
567 3240
568 3240
569 3240
570 3240
571 3240
572 3240
573 3240
574 3240
575 3240
576 3240
577 3240
578 3240
579 3240
580 3240
581 3240
582 3240
583 3240
584 3240
585 3240
586 3240
587 3240
588 3240
589 3240
590 3240
591 3240
592 3240
593 3240
594 3240
595 3240
596 3240
597 3240
598 3240
599 3240
600 3240
601 3240
602 3240
603 3240
604 3240
605 3240
606 3240
607 3240
608 3240
609 3240
610 3240
611 3240
612 3240
613 3240
614 3240
615 3240
616 3240
617 3240
618 3240
619 3240
620 3240
621 3240
622 3240
623 3240
624 3240
625 3240
626 3240
627 3240
628 3240
629 3240
630 3240
631 3240
632 3240
633 3240
634 3240
635 3240
636 3240
637 3240
638 3240
639 3240
640 3240
641 3240
642 3240
643 3240
644 3240
645 3240
646 3240
647 3240
648 3240
649 3240
650 3240
651 3240
652 3240
653 3240
654 3240
655 3240
656 3240
657 3240
658 3240
659 3240
660 3240
661 3240
662 3240
663 3240
664 3240
665 3240
666 3240
667 3240
668 3240
669 3240
670 3240
671 3240
672 3240
673 3240
674 3240
675 3240
676 3240
677 3240
678 3240
679 3240
680 3240
681 3240
682 3240
683 3240
684 3240
685 3240
686 3240
687 3240
688 3240
689 3240
690 3240
691 3240
692 3240
693 3240
694 3240
695 3240
696 3240
697 3240
698 3240
699 3240
700 3240
701 3240
702 3240
703 3240
704 3240
705 3240
706 3240
707 3240
708 3240
709 3240
710 3240
711 3240
712 3240
713 3240
714 3240
715 3240
716 3240
717 3240
718 3240
719 3240
720 3240
721 3240
722 3240
723 3240
724 3240
725 3240
726 3240
727 3240
728 3240
729 3240
730 3240
731 3240
732 3240
733 3240
734 3240
735 3240
736 3240
737 3240
738 3240
739 3240
740 3240
741 3240
742 3240
743 3240
744 3240
745 3240
746 3240
747 3240
748 3240
749 3240
750 3240
751 3240
752 3240
753 3240
754 3240
755 3240
756 3240
757 3240
758 3240
759 3240
760 3240
761 3240
762 3240
763 3240
764 3240
765 3240
766 3240
767 3240
768 3240
769 3240
770 3240
771 3240
772 3240
773 3240
774 3240
775 3240
776 3240
777 3240
778 3240
779 3240
780 3240
781 3240
782 3240
783 3240
784 3240
785 3240
786 3240
787 3240
788 3240
789 3240
790 3240
791 3240
792 3240
793 3240
794 3240
795 3240
796 3240
797 3240
798 3240
799 3240
800 3240
801 3240
802 3240
803 3240
804 3240
805 3240
806 3240
807 3240
808 3240
809 3240
810 3240
811 3240
812 3240
813 3240
814 3240
815 3240
816 3240
817 3240
818 3240
819 3240
820 3240
821 3240
822 3240
823 3240
824 3240
825 3240
826 3240
827 3240
828 3240
829 3240
830 3240
831 3240
832 3240
833 3240
834 3240
835 3240
836 3240
837 3240
838 3240
839 3240
840 3240
841 3240
842 3240
843 3240
844 3240
845 3240
846 3240
847 3240
848 3240
849 3240
850 3240
851 3240
852 3240
853 3240
854 3240
855 3240
856 3240
857 3240
858 3240
859 3240
860 3240
861 3240
862 3240
863 3240
864 3240
865 3240
866 3240
867 3240
868 3240
869 3240
870 3240
871 3240
872 3240
873 3240
874 3240
875 3240
876 3240
877 3240
878 3240
879 3240
880 3240
881 3240
882 3240
883 3240
884 3240
885 3240
886 3240
887 3240
888 3240
889 3240
890 3240
891 3240
892 3240
893 3240
894 3240
895 3240
896 3240
897 3240
898 3240
899 3240
900 3240
901 3240
902 3240
903 3240
904 3240
905 3240
906 3240
907 3240
908 3240
909 3240
910 3240
911 3240
912 3240
913 3240
914 3240
915 3240
916 3240
917 3240
918 3240
919 3240
920 3240
921 3240
922 3240
923 3240
924 3240
925 3240
926 3240
927 3240
928 3240
929 3240
930 3240
931 3240
932 3240
933 3240
934 3240
935 3240
936 3240
937 3240
938 3240
939 3240
940 3240
941 3240
942 3240
943 3240
944 3240
945 3240
946 3240
947 3240
948 3240
949 3240
950 3240
951 3240
952 3240
953 3240
954 3240
955 3240
956 3240
957 3240
958 3240
959 3240
960 3240
961 3240
962 3240
963 3240
964 3240
965 3240
966 3240
967 3240
968 3240
969 3240
970 3240
971 3240
972 3240
973 3240
974 3240
975 3240
976 3240
977 3240
978 3240
979 3240
980 3240
981 3240
982 3240
983 3240
984 3240
985 3240
986 3240
987 3240
988 3240
989 3240
990 3240
991 3240
992 3240
993 3240
994 3240
995 3240
996 3240
997 3240
998 3240
999 3240
1000 3240
1001 3240
1002 3240
1003 3240
1004 3240
1005 3240
1006 3240
1007 3240
1008 3240
1009 3240
1010 3240
1011 3240
1012 3240
1013 3240
1014 3240
1015 3240
1016 3240
1017 3240
1018 3240
1019 3240
1020 3240
1021 3240
1022 3240
1023 3240
1024 3240
1025 3240
1026 3240
1027 3240
1028 3240
1029 3240
1030 3240
1031 3240
1032 3240
1033 3240
1034 3240
1035 3240
1036 3240
1037 3240
1038 3240
1039 3240
1040 3240
1041 3240
1042 3240
1043 3240
1044 3240
1045 3240
1046 3240
1047 3240
1048 3240
1049 3240
1050 3240
1051 3240
1052 3240
1053 3240
1054 3240
1055 3240
1056 3240
1057 3240
1058 3240
1059 3240
1060 3240
1061 3240
1062 3240
1063 3240
1064 3240
1065 3240
1066 3240
1067 3240
1068 3240
1069 3240
1070 3240
1071 3240
1072 3240
1073 3240
1074 3240
1075 3240
1076 3240
1077 3240
1078 3240
1079 3240
1080 3240
1081 3240
1082 3240
1083 3240
1084 3240
1085 3240
1086 3240
1087 3240
1088 3240
1089 3240
1090 3240
1091 3240
1092 3240
1093 3240
1094 3240
1095 3240
1096 3240
1097 3240
1098 3240
1099 3240
1100 3240
1101 3240
1102 3240
1103 3240
1104 3240
1105 3240
1106 3240
1107 3240
1108 3240
1109 3240
1110 3240
1111 3240
1112 3240
1113 3240
1114 3240
1115 3240
1116 3240
1117 3240
1118 3240
1119 3240
1120 3240
1121 3240
1122 3240
1123 3240
1124 3240
1125 3240
1126 3240
1127 3240
1128 3240
1129 3240
1130 3240
1131 3240
1132 3240
1133 3240
1134 3240
1135 3240
1136 3240
1137 3240
1138 3240
1139 3240
1140 3240
1141 3240
1142 3240
1143 3240
1144 3240
1145 3240
1146 3240
1147 3240
1148 3240
1149 3240
1150 3240
1151 3240
1152 3240
1153 3240
1154 3240
1155 3240
1156 3240
1157 3240
1158 3240
1159 3240
1160 3240
1161 3240
1162 3240
1163 3240
1164 3240
1165 3240
1166 3240
1167 3240
1168 3240
1169 3240
1170 3240
1171 3240
1172 3240
1173 3240
1174 3240
1175 3240
1176 3240
1177 3240
1178 3240
1179 3240
1180 3240
1181 3240
1182 3240
1183 3240
1184 3240
1185 3240
1186 3240
1187 3240
1188 3240
1189 3240
1190 3240
1191 3240
1192 3240
1193 3240
1194 3240
1195 3240
1196 3240
1197 3240
1198 3240
1199 3240
1200 3240
1201 3240
1202 3240
1203 3240
1204 3240
1205 3240
1206 3240
1207 3240
1208 3240
1209 3240
1210 3240
1211 3240
1212 3240
1213 3240
1214 3240
1215 3240
1216 3240
1217 3240
1218 3240
1219 3240
1220 3240
1221 3240
1222 3240
1223 3240
1224 3240
1225 3240
1226 3240
1227 3240
1228 3240
1229 3240
1230 3240
1231 3240
1232 3240
1233 3240
1234 3240
1235 3240
1236 3240
1237 3240
1238 3240
1239 3240
1240 3240
1241 3240
1242 3240
1243 3240
1244 3240
1245 3240
1246 3240
1247 3240
1248 3240
1249 3240
1250 3240
1251 3240
1252 3240
1253 3240
1254 3240
1255 3240
1256 3240
1257 3240
1258 3240
1259 3240
1260 3240
1261 3240
1262 3240
1263 3240
1264 3240
1265 3240
1266 3240
1267 3240
1268 3240
1269 3240
1270 3240
1271 3240
1272 3240
1273 3240
1274 3240
1275 3240
1276 3240
1277 3240
1278 3240
1279 3240
1280 3240
1281 3240
1282 3240
1283 3240
1284 3240
1285 3240
1286 3240
1287 3240
1288 3240
1289 3240
1290 3240
1291 3240
1292 3240
1293 3240
1294 3240
1295 3240
1296 3240
1297 3240
1298 3240
1299 3240
1300 3240
1301 3240
1302 3240
1303 3240
1304 3240
1305 3240
1306 3240
1307 3240
1308 3240
1309 3240
1310 3240
1311 3240
1312 3240
1313 3240
1314 3240
1315 3240
1316 3240
1317 3240
1318 3240
1319 3240
1320 3240
1321 3240
1322 3240
1323 3240
1324 3240
1325 3240
1326 3240
1327 3240
1328 3240
1329 3240
1330 3240
1331 3240
1332 3240
1333 3240
1334 3240
1335 3240
1336 3240
1337 3240
1338 3240
1339 3240
1340 3240
1341 3240
1342 3240
1343 3240
1344 3240
1345 3240
1346 3240
1347 3240
1348 3240
1349 3240
1350 3240
1351 3240
1352 3240
1353 3240
1354 3240
1355 3240
1356 3240
1357 3240
1358 3240
1359 3240
1360 3240
1361 3240
1362 3240
1363 3240
1364 3240
1365 3240
1366 3240
1367 3240
1368 3240
1369 3240
1370 3240
1371 3240
1372 3240
1373 3240
1374 3240
1375 3240
1376 3240
1377 3240
1378 3240
1379 3240
1380 3240
1381 3240
1382 3240
1383 3240
1384 3240
1385 3240
1386 3240
1387 3240
1388 3240
1389 3240
1390 3240
1391 3240
1392 3240
1393 3240
1394 3240
1395 3240
1396 3240
1397 3240
1398 3240
1399 3240
1400 3240
1401 3240
1402 3240
1403 3240
1404 3240
1405 3240
1406 3240
1407 3240
1408 3240
1409 3240
1410 3240
1411 3240
1412 3240
1413 3240
1414 3240
1415 3240
1416 3240
1417 3240
1418 3240
1419 3240
1420 3240
1421 3240
1422 3240
1423 3240
1424 3240
1425 3240
1426 3240
1427 3240
1428 3240
1429 3240
1430 3240
1431 3240
1432 3240
1433 3240
1434 3240
1435 3240
1436 3240
1437 3240
1438 3240
1439 3240
1440 3240
1441 3240
1442 3240
1443 3240
1444 3240
1445 3240
1446 3240
1447 3240
1448 3240
1449 3240
1450 3240
1451 3240
1452 3240
1453 3240
1454 3240
1455 3240
1456 3240
1457 3240
1458 3240
1459 3240
1460 3240
1461 3240
1462 3240
1463 3240
1464 3240
1465 3240
1466 3240
1467 3240
1468 3240
1469 3240
1470 3240
1471 3240
1472 3240
1473 3240
1474 3240
1475 3240
1476 3240
1477 3240
1478 3240
1479 3240
1480 3240
1481 3240
1482 3240
1483 3240
1484 3240
1485 3240
1486 3240
1487 3240
1488 3240
1489 3240
1490 3240
1491 3240
1492 3240
1493 3240
1494 3240
1495 3240
1496 3240
1497 3240
1498 3240
1499 3240
1500 3240
1501 3240
1502 3240
1503 3240
1504 3240
1505 3240
1506 3240
1507 3240
1508 3240
1509 3240
1510 3240
1511 3240
1512 3240
1513 3240
1514 3240
1515 3240
1516 3240
1517 3240
1518 3240
1519 3240
1520 3240
1521 3240
1522 3240
1523 3240
1524 3240
1525 3240
1526 3240
1527 3240
1528 3240
1529 3240
1530 3240
1531 3240
1532 3240
1533 3240
1534 3240
1535 3240
1536 3240
1537 3240
1538 3240
1539 3240
1540 3240
1541 3240
1542 3240
1543 3240
1544 3240
1545 3240
1546 3240
1547 3240
1548 3240
1549 3240
1550 3240
1551 3240
1552 3240
1553 3240
1554 3240
1555 3240
1556 3240
1557 3240
1558 3240
1559 3240
1560 3240
1561 3240
1562 3240
1563 3240
1564 3240
1565 3240
1566 3240
1567 3240
1568 3240
1569 3240
1570 3240
1571 3240
1572 3240
1573 3240
1574 3240
1575 3240
1576 3240
1577 3240
1578 3240
1579 3240
1580 3240
1581 3240
1582 3240
1583 3240
1584 3240
1585 3240
1586 3240
1587 3240
1588 3240
1589 3240
1590 3240
1591 3240
1592 3240
1593 3240
1594 3240
1595 3240
1596 3240
1597 3240
1598 3240
1599 3240
1600 3240
1601 3240
1602 3240
1603 3240
1604 3240
1605 3240
1606 3240
1607 3240
1608 3240
1609 3240
1610 3240
1611 3240
1612 3240
1613 3240
1614 3240
1615 3240
1616 3240
1617 3240
1618 3240
1619 3240
1620 3240
1621 3240
1622 3240
1623 3240
1624 3240
1625 3240
1626 3240
1627 3240
1628 3240
1629 3240
1630 3240
1631 3240
1632 3240
1633 3240
1634 3240
1635 3240
1636 3240
1637 3240
1638 3240
1639 3240
1640 3240
1641 3240
1642 3240
1643 3240
1644 3240
1645 3240
1646 3240
1647 3240
1648 3240
1649 3240
1650 3240
1651 3240
1652 3240
1653 3240
1654 3240
1655 3240
1656 3240
1657 3240
1658 3240
1659 3240
1660 3240
1661 3240
1662 3240
1663 3240
1664 3240
1665 3240
1666 3240
1667 3240
1668 3240
1669 3240
1670 3240
1671 3240
1672 3240
1673 3240
1674 3240
1675 3240
1676 3240
1677 3240
1678 3240
1679 3240
1680 3240
1681 3240
1682 3240
1683 3240
1684 3240
1685 3240
1686 3240
1687 3240
1688 3240
1689 3240
1690 3240
1691 3240
1692 3240
1693 3240
1694 3240
1695 3240
1696 3240
1697 3240
1698 3240
1699 3240
1700 3240
1701 3240
1702 3240
1703 3240
1704 3240
1705 3240
1706 3240
1707 3240
1708 3240
1709 3240
1710 3240
1711 3240
1712 3240
1713 3240
1714 3240
1715 3240
1716 3240
1717 3240
1718 3240
1719 3240
1720 3240
1721 3240
1722 3240
1723 3240
1724 3240
1725 3240
1726 3240
1727 3240
1728 3240
1729 3240
1730 3240
1731 3240
1732 3240
1733 3240
1734 3240
1735 3240
1736 3240
1737 3240
1738 3240
1739 3240
1740 3240
1741 3240
1742 3240
1743 3240
1744 3240
1745 3240
1746 3240
1747 3240
1748 3240
1749 3240
1750 3240
1751 3240
1752 3240
1753 3240
1754 3240
1755 3240
1756 3240
1757 3240
1758 3240
1759 3240
1760 3240
1761 3240
1762 3240
1763 3240
1764 3240
1765 3240
1766 3240
1767 3240
1768 3240
1769 3240
1770 3240
1771 3240
1772 3240
1773 3240
1774 3240
1775 3240
1776 3240
1777 3240
1778 3240
1779 3240
1780 3240
1781 3240
1782 3240
1783 3240
1784 3240
1785 3240
1786 3240
1787 3240
1788 3240
1789 3240
1790 3240
1791 3240
1792 3240
1793 3240
1794 3240
1795 3240
1796 3240
1797 3240
1798 3240
1799 3240
1800 3240
1801 3240
1802 3240
1803 3240
1804 3240
1805 3240
1806 3240
1807 3240
1808 3240
1809 3240
1810 3240
1811 3240
1812 3240
1813 3240
1814 3240
1815 3240
1816 3240
1817 3240
1818 3240
1819 3240
1820 3240
1821 3240
1822 3240
1823 3240
1824 3240
1825 3240
1826 3240
1827 3240
1828 3240
1829 3240
1830 3240
1831 3240
1832 3240
1833 3240
1834 3240
1835 3240
1836 3240
1837 3240
1838 3240
1839 3240
1840 3240
1841 3240
1842 3240
1843 3240
1844 3240
1845 3240
1846 3240
1847 3240
1848 3240
1849 3240
1850 3240
1851 3240
1852 3240
1853 3240
1854 3240
1855 3240
1856 3240
1857 3240
1858 3240
1859 3240
1860 3240
1861 3240
1862 3240
1863 3240
1864 3240
1865 3240
1866 3240
1867 3240
1868 3240
1869 3240
1870 3240
1871 3240
1872 3240
1873 3240
1874 3240
1875 3240
1876 3240
1877 3240
1878 3240
1879 3240
1880 3240
1881 3240
1882 3240
1883 3240
1884 3240
1885 3240
1886 3240
1887 3240
1888 3240
1889 3240
1890 3240
1891 3240
1892 3240
1893 3240
1894 3240
1895 3240
1896 3240
1897 3240
1898 3240
1899 3240
1900 3240
1901 3240
1902 3240
1903 3240
1904 3240
1905 3240
1906 3240
1907 3240
1908 3240
1909 3240
1910 3240
1911 3240
1912 3240
1913 3240
1914 3240
1915 3240
1916 3240
1917 3240
1918 3240
1919 3240
1920 3240
1921 3240
1922 3240
1923 3240
1924 3240
1925 3240
1926 3240
1927 3240
1928 3240
1929 3240
1930 3240
1931 3240
1932 3240
1933 3240
1934 3240
1935 3240
1936 3240
1937 3240
1938 3240
1939 3240
1940 3240
1941 3240
1942 3240
1943 3240
1944 3240
1945 3240
1946 3240
1947 3240
1948 3240
1949 3240
1950 3240
1951 3240
1952 3240
1953 3240
1954 3240
1955 3240
1956 3240
1957 3240
1958 3240
1959 3240
1960 3240
1961 3240
1962 3240
1963 3240
1964 3240
1965 3240
1966 3240
1967 3240
1968 3240
1969 3240
1970 3240
1971 3240
1972 3240
1973 3240
1974 3240
1975 3240
1976 3240
1977 3240
1978 3240
1979 3240
1980 3240
1981 3240
1982 3240
1983 3240
1984 3240
1985 3240
1986 3240
1987 3240
1988 3240
1989 3240
1990 3240
1991 3240
1992 3240
1993 3240
1994 3240
1995 3240
1996 3240
1997 3240
1998 3240
1999 3240
2000 3240
2001 3240
2002 3240
2003 3240
2004 3240
2005 3240
2006 3240
2007 3240
2008 3240
2009 3240
2010 3240
2011 3240
2012 3240
2013 3240
2014 3240
2015 3240
2016 3240
2017 3240
2018 3240
2019 3240
2020 3240
2021 3240
2022 3240
2023 3240
2024 3240
2025 3240
2026 3240
2027 3240
2028 3240
2029 3240
2030 3240
2031 3240
2032 3240
2033 3240
2034 3240
2035 3240
2036 3240
2037 3240
2038 3240
2039 3240
2040 3240
2041 3240
2042 3240
2043 3240
2044 3240
2045 3240
2046 3240
2047 3240
2048 3240
2049 3240
2050 3240
2051 3240
2052 3240
2053 3240
2054 3240
2055 3240
2056 3240
2057 3240
2058 3240
2059 3240
2060 3240
2061 3240
2062 3240
2063 3240
2064 3240
2065 3240
2066 3240
2067 3240
2068 3240
2069 3240
2070 3240
2071 3240
2072 3240
2073 3240
2074 3240
2075 3240
2076 3240
2077 3240
2078 3240
2079 3240
2080 3240
2081 3240
2082 3240
2083 3240
2084 3240
2085 3240
2086 3240
2087 3240
2088 3240
2089 3240
2090 3240
2091 3240
2092 3240
2093 3240
2094 3240
2095 3240
2096 3240
2097 3240
2098 3240
2099 3240
2100 3240
2101 3240
2102 3240
2103 3240
2104 3240
2105 3240
2106 3240
2107 3240
2108 3240
2109 3240
2110 3240
2111 3240
2112 3240
2113 3240
2114 3240
2115 3240
2116 3240
2117 3240
2118 3240
2119 3240
2120 3240
2121 3240
2122 3240
2123 3240
2124 3240
2125 3240
2126 3240
2127 3240
2128 3240
2129 3240
2130 3240
2131 3240
2132 3240
2133 3240
2134 3240
2135 3240
2136 3240
2137 3240
2138 3240
2139 3240
2140 3240
2141 3240
2142 3240
2143 3240
2144 3240
2145 3240
2146 3240
2147 3240
2148 3240
2149 3240
2150 3240
2151 3240
2152 3240
2153 3240
2154 3240
2155 3240
2156 3240
2157 3240
2158 3240
2159 3240
2160 3240
2161 3240
2162 3240
2163 3240
2164 3240
2165 3240
2166 3240
2167 3240
2168 3240
2169 3240
2170 3240
2171 3240
2172 3240
2173 3240
2174 3240
2175 3240
2176 3240
2177 3240
2178 3240
2179 3240
2180 3240
2181 3240
2182 3240
2183 3240
2184 3240
2185 3240
2186 3240
2187 3240
2188 3240
2189 3240
2190 3240
2191 3240
2192 3240
2193 3240
2194 3240
2195 3240
2196 3240
2197 3240
2198 3240
2199 3240
2200 3240
2201 3240
2202 3240
2203 3240
2204 3240
2205 3240
2206 3240
2207 3240
2208 3240
2209 3240
2210 3240
2211 3240
2212 3240
2213 3240
2214 3240
2215 3240
2216 3240
2217 3240
2218 3240
2219 3240
2220 3240
2221 3240
2222 3240
2223 3240
2224 3240
2225 3240
2226 3240
2227 3240
2228 3240
2229 3240
2230 3240
2231 3240
2232 3240
2233 3240
2234 3240
2235 3240
2236 3240
2237 3240
2238 3240
2239 3240
2240 3240
2241 3240
2242 3240
2243 3240
2244 3240
2245 3240
2246 3240
2247 3240
2248 3240
2249 3240
2250 3240
2251 3240
2252 3240
2253 3240
2254 3240
2255 3240
2256 3240
2257 3240
2258 3240
2259 3240
2260 3240
2261 3240
2262 3240
2263 3240
2264 3240
2265 3240
2266 3240
2267 3240
2268 3240
2269 3240
2270 3240
2271 3240
2272 3240
2273 3240
2274 3240
2275 3240
2276 3240
2277 3240
2278 3240
2279 3240
2280 3240
2281 3240
2282 3240
2283 3240
2284 3240
2285 3240
2286 3240
2287 3240
2288 3240
2289 3240
2290 3240
2291 3240
2292 3240
2293 3240
2294 3240
2295 3240
2296 3240
2297 3240
2298 3240
2299 3240
2300 3240
2301 3240
2302 3240
2303 3240
2304 3240
2305 3240
2306 3240
2307 3240
2308 3240
2309 3240
2310 3240
2311 3240
2312 3240
2313 3240
2314 3240
2315 3240
2316 3240
2317 3240
2318 3240
2319 3240
2320 3240
2321 3240
2322 3240
2323 3240
2324 3240
2325 3240
2326 3240
2327 3240
2328 3240
2329 3240
2330 3240
2331 3240
2332 3240
2333 3240
2334 3240
2335 3240
2336 3240
2337 3240
2338 3240
2339 3240
2340 3240
2341 3240
2342 3240
2343 3240
2344 3240
2345 3240
2346 3240
2347 3240
2348 3240
2349 3240
2350 3240
2351 3240
2352 3240
2353 3240
2354 3240
2355 3240
2356 3240
2357 3240
2358 3240
2359 3240
2360 3240
2361 3240
2362 3240
2363 3240
2364 3240
2365 3240
2366 3240
2367 3240
2368 3240
2369 3240
2370 3240
2371 3240
2372 3240
2373 3240
2374 3240
2375 3240
2376 3240
2377 3240
2378 3240
2379 3240
2380 3240
2381 3240
2382 3240
2383 3240
2384 3240
2385 3240
2386 3240
2387 3240
2388 3240
2389 3240
2390 3240
2391 3240
2392 3240
2393 3240
2394 3240
2395 3240
2396 3240
2397 3240
2398 3240
2399 3240
2400 3240
2401 3240
2402 3240
2403 3240
2404 3240
2405 3240
2406 3240
2407 3240
2408 3240
2409 3240
2410 3240
2411 3240
2412 3240
2413 3240
2414 3240
2415 3240
2416 3240
2417 3240
2418 3240
2419 3240
2420 3240
2421 3240
2422 3240
2423 3240
2424 3240
2425 3240
2426 3240
2427 3240
2428 3240
2429 3240
2430 3240
2431 3240
2432 3240
2433 3240
2434 3240
2435 3240
2436 3240
2437 3240
2438 3240
2439 3240
2440 3240
2441 3240
2442 3240
2443 3240
2444 3240
2445 3240
2446 3240
2447 3240
2448 3240
2449 3240
2450 3240
2451 3240
2452 3240
2453 3240
2454 3240
2455 3240
2456 3240
2457 3240
2458 3240
2459 3240
2460 3240
2461 3240
2462 3240
2463 3240
2464 3240
2465 3240
2466 3240
2467 3240
2468 3240
2469 3240
2470 3240
2471 3240
2472 3240
2473 3240
2474 3240
2475 3240
2476 3240
2477 3240
2478 3240
2479 3240
2480 3240
2481 3240
2482 3240
2483 3240
2484 3240
2485 3240
2486 3240
2487 3240
2488 3240
2489 3240
2490 3240
2491 3240
2492 3240
2493 3240
2494 3240
2495 3240
2496 3240
2497 3240
2498 3240
2499 3240
2500 3240
2501 3240
2502 3240
2503 3240
2504 3240
2505 3240
2506 3240
2507 3240
2508 3240
2509 3240
2510 3240
2511 3240
2512 3240
2513 3240
2514 3240
2515 3240
2516 3240
2517 3240
2518 3240
2519 3240
2520 3240
2521 3240
2522 3240
2523 3240
2524 3240
2525 3240
2526 3240
2527 3240
2528 3240
2529 3240
2530 3240
2531 3240
2532 3240
2533 3240
2534 3240
2535 3240
2536 3240
2537 3240
2538 3240
2539 3240
2540 3240
2541 3240
2542 3240
2543 3240
2544 3240
2545 3240
2546 3240
2547 3240
2548 3240
2549 3240
2550 3240
2551 3240
2552 3240
2553 3240
2554 3240
2555 3240
2556 3240
2557 3240
2558 3240
2559 3240
2560 3240
2561 3240
2562 3240
2563 3240
2564 3240
2565 3240
2566 3240
2567 3240
2568 3240
2569 3240
2570 3240
2571 3240
2572 3240
2573 3240
2574 3240
2575 3240
2576 3240
2577 3240
2578 3240
2579 3240
2580 3240
2581 3238
2582 3238
2583 3238
2584 3238
2585 3238
2586 3238
2587 3237
2588 3237
2589 3237
2590 3237
2591 3234
2592 3234
2593 3234
2594 3234
2595 3234
2596 3234
2597 3234
2598 3233
2599 3232
2600 3230
2601 3230
2602 3230
2603 3230
2604 3229
2605 3229
2606 3229
2607 3229
2608 3229
2609 3229
2610 3229
2611 3229
2612 3227
2613 3227
2614 3227
2615 3227
2616 3226
2617 3226
2618 3226
2619 3226
2620 3225
2621 3225
2622 3225
2623 3225
2624 3225
2625 3225
2626 3225
2627 3224
2628 3224
2629 3223
2630 3223
2631 3223
2632 3221
2633 3221
2634 3221
2635 3220
2636 3220
2637 3220
2638 3220
2639 3220
2640 3220
2641 3220
2642 3218
2643 3218
2644 3217
2645 3217
2646 3217
2647 3216
2648 3212
2649 3207
2650 3205
2651 3205
2652 3205
2653 3204
2654 3204
2655 3204
2656 3204
2657 3203
2658 3203
2659 3203
2660 3203
2661 3203
2662 3203
2663 3202
2664 3202
2665 3202
2666 3201
2667 3201
2668 3201
2669 3201
2670 3201
2671 3201
2672 3201
2673 3201
2674 3201
2675 3201
2676 3201
2677 3201
2678 3200
2679 3200
2680 3200
2681 3200
2682 3200
2683 3200
2684 3200
2685 3200
2686 3200
2687 3200
2688 3199
2689 3199
2690 3197
2691 3197
2692 3197
2693 3197
2694 3197
2695 3196
2696 3195
2697 3195
2698 3194
2699 3193
2700 3193
2701 3189
2702 3175
2703 3166
2704 3163
2705 3163
2706 3163
2707 3163
2708 3163
2709 3163
2710 3163
2711 3162
2712 3162
2713 3162
2714 3162
2715 3162
2716 3161
2717 3160
2718 3158
2719 3158
2720 3155
2721 3155
2722 3155
2723 3155
2724 3155
2725 3155
2726 3155
2727 3155
2728 3155
2729 3154
2730 3154
2731 3154
2732 3154
2733 3154
2734 3152
2735 3152
2736 3152
2737 3152
2738 3152
2739 3152
2740 3152
2741 3152
2742 3152
2743 3152
2744 3152
2745 3151
2746 3151
2747 3151
2748 3151
2749 3151
2750 3148
2751 3136
2752 3125
2753 3125
2754 3125
2755 3125
2756 3124
2757 3124
2758 3123
2759 3123
2760 3123
2761 3123
2762 3122
2763 3122
2764 3122
2765 3122
2766 3122
2767 3122
2768 3120
2769 3120
2770 3120
2771 3117
2772 3117
2773 3117
2774 3117
2775 3116
2776 3116
2777 3116
2778 3116
2779 3116
2780 3115
2781 3115
2782 3114
2783 3114
2784 3114
2785 3113
2786 3111
2787 3111
2788 3111
2789 3111
2790 3111
2791 3111
2792 3110
2793 3109
2794 3109
2795 3100
2796 3095
2797 3082
2798 3078
2799 3078
2800 3077
2801 3077
2802 3077
2803 3076
2804 3076
2805 3076
2806 3074
2807 3074
2808 3074
2809 3074
2810 3073
2811 3073
2812 3073
2813 3072
2814 3072
2815 3072
2816 3072
2817 3071
2818 3071
2819 3071
2820 3071
2821 3071
2822 3071
2823 3070
2824 3068
2825 3068
2826 3068
2827 3028
2828 3025
2829 3022
2830 3022
2831 3022
2832 3020
2833 3018
2834 3017
2835 3016
2836 3016
2837 3013
2838 3012
2839 3012
2840 3012
2841 3012
2842 3011
2843 3011
2844 2995
2845 2972
2846 2970
2847 2969
2848 2968
2849 2968
2850 2967
2851 2965
2852 2965
2853 2965
2854 2965
2855 2965
2856 2965
2857 2965
2858 2965
2859 2965
2860 2965
2861 2965
2862 2965
2863 2965
2864 2964
2865 2963
2866 2963
2867 2962
2868 2962
2869 2962
2870 2950
2871 2912
2872 2911
2873 2911
2874 2909
2875 2908
2876 2908
2877 2906
2878 2905
2879 2904
2880 2902
2881 2900
2882 2900
2883 2899
2884 2856
2885 2854
2886 2854
2887 2854
2888 2851
2889 2850
2890 2850
2891 2845
2892 2844
2893 2844
2894 2843
2895 2794
2896 2794
2897 2792
2898 2791
2899 2790
2900 2788
2901 2787
2902 2787
2903 2784
2904 2784
2905 2751
2906 2731
2907 2731
2908 2731
2909 2731
2910 2731
2911 2731
2912 2731
2913 2731
2914 2731
2915 2731
2916 2677
2917 2677
2918 2677
2919 2677
2920 2677
2921 2677
2922 2677
2923 2677
2924 2677
2925 2677
2926 2677
2927 2622
2928 2622
2929 2622
2930 2622
2931 2622
2932 2622
2933 2622
2934 2622
2935 2622
2936 2622
2937 2596
2938 2571
2939 2571
2940 2571
2941 2571
2942 2571
2943 2571
2944 2571
2945 2571
2946 2571
2947 2571
2948 2518
2949 2518
2950 2518
2951 2518
2952 2518
2953 2518
2954 2518
2955 2518
2956 2518
2957 2518
2958 2518
2959 2465
2960 2465
2961 2465
2962 2465
2963 2465
2964 2465
2965 2465
2966 2465
2967 2465
2968 2465
2969 2465
2970 2425
2971 2425
2972 2425
2973 2425
2974 2425
2975 2425
2976 2425
2977 2425
2978 2425
2979 2425
2980 2425
2981 2379
2982 2379
2983 2379
2984 2379
2985 2379
2986 2379
2987 2379
2988 2379
2989 2379
2990 2379
2991 2379
2992 2324
2993 2324
2994 2324
2995 2324
2996 2324
2997 2324
2998 2324
2999 2324
3000 2324
3001 2324
3002 2324
3003 2275
3004 2270
3005 2270
3006 2270
3007 2270
3008 2270
3009 2270
3010 2270
3011 2270
3012 2270
3013 2270
3014 2270
3015 2270
3016 2268
3017 2236
3018 2230
3019 2230
3020 2230
3021 2230
3022 2230
3023 2230
3024 2230
3025 2230
3026 2230
3027 2230
3028 2185
3029 2178
3030 2178
3031 2178
3032 2178
3033 2178
3034 2178
3035 2178
3036 2178
3037 2178
3038 2178
3039 2178
3040 2178
3041 2178
3042 2147
3043 2142
3044 2142
3045 2142
3046 2142
3047 2142
3048 2142
3049 2142
3050 2142
3051 2142
3052 2142
3053 2142
3054 2142
3055 2142
3056 2142
3057 2142
3058 2101
3059 2098
3060 2098
3061 2098
3062 2098
3063 2098
3064 2098
3065 2098
3066 2098
3067 2098
3068 2098
3069 2098
3070 2098
3071 2098
3072 2098
3073 2098
3074 2098
3075 2098
3076 2098
3077 2098
3078 2098
3079 2098
3080 2098
3081 2098
3082 2098
3083 2098
3084 2098
3085 2098
3086 2098
3087 2098
3088 2098
3089 2098
3090 2098
3091 2098
3092 2098
3093 2098
3094 2082
3095 2063
3096 2051
3097 2051
3098 2051
3099 2051
3100 2051
3101 2051
3102 2051
3103 2051
3104 2051
3105 2051
3106 2051
3107 2051
3108 2051
3109 2051
3110 2051
3111 2051
3112 2051
3113 2051
3114 2051
3115 2009
3116 2009
3117 2009
3118 2009
3119 2009
3120 2009
3121 2009
3122 2009
3123 2009
3124 2009
3125 2009
3126 1969
3127 1969
3128 1969
3129 1969
3130 1969
3131 1969
3132 1969
3133 1969
3134 1969
3135 1969
3136 1969
3137 1933
3138 1933
3139 1933
3140 1933
3141 1933
3142 1933
3143 1933
3144 1933
3145 1933
3146 1933
3147 1910
3148 1888
3149 1888
3150 1888
3151 1888
3152 1888
3153 1888
3154 1888
3155 1888
3156 1888
3157 1888
3158 1888
3159 1888
3160 1888
3161 1888
3162 1888
3163 1888
3164 1888
3165 1888
3166 1888
3167 1888
3168 1888
3169 1888
3170 1888
3171 1838
3172 1838
3173 1838
3174 1838
3175 1838
3176 1838
3177 1838
3178 1838
3179 1838
3180 1838
3181 1838
3182 1838
3183 1838
3184 1838
3185 1838
3186 1838
3187 1838
3188 1838
3189 1838
3190 1804
3191 1804
3192 1804
3193 1804
3194 1804
3195 1804
3196 1804
3197 1804
3198 1804
3199 1804
3200 1804
3201 1804
3202 1804
3203 1804
3204 1804
3205 1804
3206 1804
3207 1804
3208 1768
3209 1764
3210 1764
3211 1764
3212 1764
3213 1764
3214 1764
3215 1764
3216 1764
3217 1764
3218 1764
3219 1764
3220 1764
3221 1764
3222 1764
3223 1764
3224 1764
3225 1764
3226 1764
3227 1764
3228 1764
3229 1764
3230 1764
3231 1764
3232 1764
3233 1764
3234 1764
3235 1764
3236 1764
3237 1764
3238 1764
3239 1764
3240 1764
3241 1764
3242 1764
3243 1764
3244 1764
3245 1764
3246 1764
3247 1764
3248 1762
3249 1723
3250 1723
3251 1723
3252 1723
3253 1723
3254 1723
3255 1723
3256 1723
3257 1723
3258 1723
3259 1723
3260 1723
3261 1723
3262 1723
3263 1723
3264 1698
3265 1682
3266 1682
3267 1682
3268 1682
3269 1682
3270 1682
3271 1682
3272 1682
3273 1682
3274 1682
3275 1682
3276 1682
3277 1682
3278 1682
3279 1682
3280 1682
3281 1682
3282 1682
3283 1682
3284 1682
3285 1682
3286 1682
3287 1682
3288 1682
3289 1682
3290 1654
3291 1644
3292 1644
3293 1644
3294 1644
3295 1644
3296 1644
3297 1644
3298 1644
3299 1644
3300 1644
3301 1644
3302 1644
3303 1613
3304 1603
3305 1603
3306 1603
3307 1603
3308 1603
3309 1603
3310 1603
3311 1603
3312 1603
3313 1603
3314 1603
3315 1592
3316 1573
3317 1573
3318 1573
3319 1573
3320 1573
3321 1573
3322 1573
3323 1573
3324 1573
3325 1573
3326 1573
3327 1573
3328 1573
3329 1573
3330 1573
3331 1573
3332 1573
3333 1573
3334 1573
3335 1573
3336 1573
3337 1573
3338 1573
3339 1573
3340 1573
3341 1573
3342 1573
3343 1573
3344 1573
3345 1573
3346 1573
3347 1573
3348 1573
3349 1573
3350 1573
3351 1573
3352 1573
3353 1573
3354 1573
3355 1565
3356 1551
3357 1543
3358 1543
3359 1543
3360 1543
3361 1543
3362 1543
3363 1543
3364 1543
3365 1543
3366 1543
3367 1543
3368 1543
3369 1543
3370 1543
3371 1543
3372 1543
3373 1543
3374 1543
3375 1543
3376 1543
3377 1543
3378 1543
3379 1543
3380 1543
3381 1543
3382 1543
3383 1543
3384 1543
3385 1543
3386 1543
3387 1543
3388 1543
3389 1543
3390 1543
3391 1543
3392 1543
3393 1543
3394 1543
3395 1543
3396 1543
3397 1543
3398 1543
3399 1543
3400 1543
3401 1543
3402 1543
3403 1533
3404 1522
3405 1507
3406 1507
3407 1507
3408 1507
3409 1507
3410 1507
3411 1507
3412 1507
3413 1507
3414 1507
3415 1507
3416 1507
3417 1507
3418 1507
3419 1507
3420 1507
3421 1507
3422 1507
3423 1507
3424 1507
3425 1507
3426 1507
3427 1507
3428 1507
3429 1507
3430 1507
3431 1507
3432 1507
3433 1507
3434 1507
3435 1507
3436 1507
3437 1507
3438 1507
3439 1507
3440 1499
3441 1468
3442 1468
3443 1468
3444 1468
3445 1468
3446 1468
3447 1468
3448 1468
3449 1468
3450 1468
3451 1468
3452 1468
3453 1468
3454 1468
3455 1468
3456 1468
3457 1468
3458 1468
3459 1468
3460 1468
3461 1468
3462 1468
3463 1468
3464 1468
3465 1468
3466 1468
3467 1468
3468 1468
3469 1468
3470 1468
3471 1468
3472 1468
3473 1468
3474 1468
3475 1468
3476 1468
3477 1468
3478 1468
3479 1468
3480 1468
3481 1468
3482 1468
3483 1450
3484 1436
3485 1436
3486 1436
3487 1436
3488 1436
3489 1436
3490 1436
3491 1436
3492 1436
3493 1436
3494 1436
3495 1436
3496 1436
3497 1436
3498 1436
3499 1436
3500 1436
3501 1436
3502 1436
3503 1436
3504 1436
3505 1436
3506 1436
3507 1436
3508 1436
3509 1436
3510 1436
3511 1436
3512 1436
3513 1436
3514 1436
3515 1436
3516 1436
3517 1436
3518 1436
3519 1436
3520 1436
3521 1436
3522 1436
3523 1436
3524 1436
3525 1436
3526 1436
3527 1436
3528 1436
3529 1436
3530 1436
3531 1423
3532 1405
3533 1400
3534 1400
3535 1400
3536 1400
3537 1400
3538 1400
3539 1400
3540 1400
3541 1400
3542 1400
3543 1400
3544 1400
3545 1400
3546 1400
3547 1400
3548 1400
3549 1400
3550 1400
3551 1400
3552 1400
3553 1400
3554 1400
3555 1400
3556 1400
3557 1400
3558 1400
3559 1400
3560 1400
3561 1400
3562 1400
3563 1400
3564 1400
3565 1400
3566 1400
3567 1400
3568 1400
3569 1400
3570 1400
3571 1400
3572 1400
3573 1400
3574 1400
3575 1400
3576 1400
3577 1400
3578 1400
3579 1400
3580 1400
3581 1400
3582 1385
3583 1374
3584 1363
3585 1363
3586 1363
3587 1363
3588 1363
3589 1363
3590 1363
3591 1363
3592 1363
3593 1363
3594 1363
3595 1363
3596 1363
3597 1363
3598 1363
3599 1363
3600 1363
3601 1363
3602 1363
3603 1363
3604 1363
3605 1363
3606 1363
3607 1363
3608 1363
3609 1363
3610 1363
3611 1363
3612 1363
3613 1363
3614 1363
3615 1363
3616 1363
3617 1363
3618 1363
3619 1363
3620 1363
3621 1363
3622 1363
3623 1363
3624 1363
3625 1363
3626 1363
3627 1363
3628 1363
3629 1350
3630 1338
3631 1333
3632 1326
3633 1326
3634 1326
3635 1326
3636 1326
3637 1326
3638 1326
3639 1326
3640 1326
3641 1326
3642 1326
3643 1326
3644 1326
3645 1326
3646 1326
3647 1326
3648 1326
3649 1326
3650 1326
3651 1326
3652 1326
3653 1326
3654 1326
3655 1326
3656 1326
3657 1326
3658 1326
3659 1326
3660 1326
3661 1326
3662 1326
3663 1326
3664 1326
3665 1326
3666 1326
3667 1326
3668 1326
3669 1326
3670 1326
3671 1326
3672 1326
3673 1326
3674 1326
3675 1326
3676 1326
3677 1326
3678 1326
3679 1324
3680 1304
3681 1300
3682 1300
3683 1300
3684 1300
3685 1300
3686 1300
3687 1300
3688 1300
3689 1300
3690 1300
3691 1300
3692 1300
3693 1300
3694 1300
3695 1300
3696 1300
3697 1300
3698 1300
3699 1300
3700 1300
3701 1300
3702 1300
3703 1300
3704 1300
3705 1300
3706 1300
3707 1300
3708 1300
3709 1300
3710 1300
3711 1300
3712 1300
3713 1300
3714 1300
3715 1300
3716 1300
3717 1300
3718 1300
3719 1300
3720 1300
3721 1300
3722 1300
3723 1300
3724 1300
3725 1300
3726 1300
3727 1300
3728 1282
3729 1269
3730 1269
3731 1269
3732 1269
3733 1269
3734 1269
3735 1269
3736 1269
3737 1269
3738 1269
3739 1269
3740 1269
3741 1269
3742 1269
3743 1269
3744 1269
3745 1269
3746 1269
3747 1269
3748 1269
3749 1269
3750 1269
3751 1269
3752 1269
3753 1269
3754 1269
3755 1269
3756 1269
3757 1269
3758 1269
3759 1269
3760 1269
3761 1269
3762 1269
3763 1269
3764 1269
3765 1269
3766 1269
3767 1269
3768 1269
3769 1269
3770 1269
3771 1269
3772 1269
3773 1269
3774 1269
3775 1269
3776 1258
3777 1249
3778 1244
3779 1241
3780 1241
3781 1241
3782 1241
3783 1241
3784 1241
3785 1241
3786 1241
3787 1241
3788 1241
3789 1241
3790 1241
3791 1241
3792 1241
3793 1241
3794 1241
3795 1241
3796 1241
3797 1241
3798 1241
3799 1241
3800 1241
3801 1241
3802 1241
3803 1241
3804 1241
3805 1241
3806 1241
3807 1241
3808 1241
3809 1241
3810 1241
3811 1241
3812 1241
3813 1241
3814 1241
3815 1241
3816 1241
3817 1241
3818 1241
3819 1241
3820 1241
3821 1241
3822 1241
3823 1241
3824 1241
3825 1241
3826 1241
3827 1241
3828 1241
3829 1239
3830 1229
3831 1224
3832 1221
3833 1221
3834 1221
3835 1221
3836 1221
3837 1221
3838 1221
3839 1221
3840 1221
3841 1221
3842 1221
3843 1221
3844 1221
3845 1221
3846 1221
3847 1221
3848 1221
3849 1221
3850 1221
3851 1221
3852 1221
3853 1221
3854 1221
3855 1221
3856 1221
3857 1221
3858 1221
3859 1221
3860 1221
3861 1221
3862 1221
3863 1221
3864 1221
3865 1221
3866 1221
3867 1221
3868 1221
3869 1221
3870 1221
3871 1221
3872 1221
3873 1221
3874 1221
3875 1221
3876 1221
3877 1221
3878 1221
3879 1221
3880 1221
3881 1221
3882 1221
3883 1221
3884 1221
3885 1221
3886 1209
3887 1198
3888 1193
3889 1193
3890 1193
3891 1193
3892 1193
3893 1193
3894 1193
3895 1193
3896 1193
3897 1193
3898 1193
3899 1193
3900 1193
3901 1193
3902 1193
3903 1193
3904 1193
3905 1193
3906 1193
3907 1193
3908 1193
3909 1193
3910 1193
3911 1193
3912 1193
3913 1193
3914 1193
3915 1193
3916 1193
3917 1193
3918 1193
3919 1193
3920 1193
3921 1193
3922 1193
3923 1193
3924 1193
3925 1193
3926 1193
3927 1193
3928 1193
3929 1193
3930 1193
3931 1193
3932 1193
3933 1193
3934 1193
3935 1193
3936 1182
3937 1168
3938 1162
3939 1162
3940 1162
3941 1162
3942 1162
3943 1162
3944 1162
3945 1162
3946 1162
3947 1162
3948 1162
3949 1162
3950 1162
3951 1162
3952 1162
3953 1162
3954 1162
3955 1162
3956 1162
3957 1162
3958 1162
3959 1162
3960 1162
3961 1162
3962 1162
3963 1162
3964 1162
3965 1162
3966 1162
3967 1162
3968 1162
3969 1162
3970 1162
3971 1162
3972 1162
3973 1162
3974 1162
3975 1162
3976 1162
3977 1162
3978 1162
3979 1162
3980 1162
3981 1162
3982 1162
3983 1162
3984 1162
3985 1162
3986 1162
3987 1162
3988 1162
3989 1162
3990 1162
3991 1162
3992 1162
3993 1162
3994 1162
3995 1152
3996 1146
3997 1142
3998 1142
3999 1142
4000 1142
4001 1142
4002 1142
4003 1142
4004 1142
4005 1142
4006 1142
4007 1142
4008 1142
4009 1278
4010 1580
4011 2002
4012 2492
4013 2775
4014 2961
4015 3333
4016 3618
4017 3880
4018 4524
4019 5862
4020 7557
4021 9418
4022 12332
4023 15752
4024 16316
4025 20211
4026 22071
4027 23122
4028 26586
4029 27899
4030 30074
4031 32105
4032 34658
4033 37366
4034 39019
4035 41814
4036 43390
4037 45132
4038 47069
4039 49080
4040 52064
4041 54920
4042 57658
4043 60316
4044 62266
4045 64152
4046 66233
4047 68094
4048 70022
4049 72443
4050 74237
4051 75762
4052 77726
4053 80127
4054 82780
4055 85560
4056 86785
4057 89107
4058 91285
4059 93044
4060 93952
4061 95366
4062 97662
4063 98668
4064 100410
4065 101142
4066 102452
4067 103627
4068 104320
4069 104872
4070 106209
4071 107950
4072 111090
4073 112408
