1 10
2 2448
3 2448
4 2448
5 2448
6 2448
7 2448
8 2448
9 2448
10 2448
11 2448
12 2448
13 2448
14 2448
15 2448
16 2448
17 2448
18 2448
19 2448
20 2448
21 2448
22 2448
23 2448
24 2448
25 2448
26 2448
27 2448
28 2448
29 2448
30 2448
31 2448
32 2448
33 2448
34 2448
35 2448
36 2448
37 2448
38 2448
39 2448
40 2448
41 2448
42 2448
43 2448
44 2448
45 2448
46 2448
47 2448
48 2448
49 2448
50 2448
51 2448
52 2448
53 2448
54 2448
55 2448
56 2448
57 2448
58 2448
59 2448
60 2448
61 2448
62 2448
63 2448
64 2448
65 2448
66 2448
67 2448
68 2448
69 2448
70 2448
71 2448
72 2448
73 2448
74 2448
75 2448
76 2448
77 2448
78 2448
79 2448
80 2448
81 2448
82 2448
83 2448
84 2448
85 2448
86 2448
87 2448
88 2448
89 2448
90 2448
91 2448
92 2448
93 2448
94 2448
95 2448
96 2448
97 2448
98 2448
99 2448
100 2448
101 2448
102 2448
103 2448
104 2448
105 2448
106 2448
107 2448
108 2448
109 2448
110 2448
111 2448
112 2448
113 2448
114 2448
115 2448
116 2448
117 2448
118 2448
119 2448
120 2448
121 2448
122 2448
123 2448
124 2448
125 2448
126 2448
127 2448
128 2448
129 2448
130 2448
131 2448
132 2448
133 2448
134 2448
135 2448
136 2448
137 2448
138 2448
139 2448
140 2448
141 2448
142 2448
143 2448
144 2448
145 2448
146 2448
147 2448
148 2448
149 2448
150 2448
151 2448
152 2448
153 2448
154 2448
155 2448
156 2448
157 2448
158 2448
159 2448
160 2448
161 2448
162 2448
163 2448
164 2448
165 2448
166 2448
167 2448
168 2448
169 2448
170 2448
171 2448
172 2448
173 2448
174 2448
175 2448
176 2448
177 2448
178 2448
179 2448
180 2448
181 2448
182 2448
183 2448
184 2448
185 2448
186 2448
187 2448
188 2448
189 2448
190 2448
191 2448
192 2448
193 2448
194 2448
195 2448
196 2448
197 2448
198 2448
199 2448
200 2448
201 2448
202 2448
203 2448
204 2448
205 2448
206 2448
207 2448
208 2448
209 2448
210 2448
211 2448
212 2448
213 2448
214 2448
215 2448
216 2448
217 2448
218 2448
219 2448
220 2448
221 2448
222 2448
223 2448
224 2448
225 2448
226 2448
227 2448
228 2448
229 2448
230 2448
231 2448
232 2448
233 2448
234 2448
235 2448
236 2448
237 2448
238 2448
239 2448
240 2448
241 2448
242 2448
243 2448
244 2448
245 2448
246 2448
247 2448
248 2448
249 2448
250 2448
251 2448
252 2448
253 2448
254 2448
255 2448
256 2448
257 2448
258 2448
259 2448
260 2448
261 2448
262 2448
263 2448
264 2448
265 2448
266 2448
267 2448
268 2448
269 2448
270 2448
271 2448
272 2448
273 2448
274 2448
275 2448
276 2448
277 2448
278 2448
279 2448
280 2448
281 2448
282 2448
283 2448
284 2448
285 2448
286 2448
287 2448
288 2448
289 2448
290 2448
291 2448
292 2448
293 2448
294 2448
295 2448
296 2448
297 2448
298 2448
299 2448
300 2448
301 2448
302 2448
303 2448
304 2448
305 2448
306 2448
307 2448
308 2448
309 2448
310 2448
311 2448
312 2448
313 2448
314 2448
315 2448
316 2448
317 2448
318 2448
319 2448
320 2448
321 2448
322 2448
323 2448
324 2448
325 2448
326 2448
327 2448
328 2448
329 2448
330 2448
331 2448
332 2448
333 2448
334 2448
335 2448
336 2448
337 2448
338 2448
339 2448
340 2448
341 2448
342 2448
343 2448
344 2448
345 2448
346 2448
347 2448
348 2448
349 2448
350 2448
351 2448
352 2448
353 2448
354 2448
355 2448
356 2448
357 2448
358 2448
359 2448
360 2448
361 2448
362 2448
363 2448
364 2448
365 2448
366 2448
367 2448
368 2448
369 2448
370 2448
371 2448
372 2448
373 2448
374 2448
375 2448
376 2448
377 2448
378 2448
379 2448
380 2448
381 2448
382 2448
383 2448
384 2448
385 2448
386 2448
387 2448
388 2448
389 2448
390 2448
391 2448
392 2448
393 2448
394 2448
395 2448
396 2448
397 2448
398 2448
399 2448
400 2448
401 2448
402 2448
403 2448
404 2448
405 2448
406 2448
407 2448
408 2448
409 2448
410 2448
411 2448
412 2448
413 2448
414 2448
415 2448
416 2448
417 2448
418 2448
419 2448
420 2448
421 2448
422 2448
423 2448
424 2448
425 2448
426 2448
427 2448
428 2448
429 2448
430 2448
431 2448
432 2448
433 2448
434 2448
435 2448
436 2448
437 2448
438 2448
439 2448
440 2448
441 2448
442 2448
443 2448
444 2448
445 2448
446 2448
447 2448
448 2448
449 2448
450 2448
451 2448
452 2448
453 2448
454 2448
455 2448
456 2448
457 2448
458 2448
459 2448
460 2448
461 2448
462 2448
463 2448
464 2448
465 2448
466 2448
467 2448
468 2448
469 2448
470 2448
471 2448
472 2448
473 2448
474 2448
475 2448
476 2448
477 2448
478 2448
479 2448
480 2448
481 2448
482 2448
483 2448
484 2448
485 2448
486 2448
487 2448
488 2448
489 2448
490 2448
491 2448
492 2448
493 2448
494 2448
495 2448
496 2448
497 2448
498 2448
499 2448
500 2448
501 2448
502 2448
503 2448
504 2448
505 2448
506 2448
507 2448
508 2448
509 2448
510 2448
511 2448
512 2448
513 2448
514 2448
515 2448
516 2448
517 2448
518 2448
519 2448
520 2448
521 2448
522 2448
523 2448
524 2448
525 2448
526 2448
527 2448
528 2448
529 2448
530 2448
531 2448
532 2448
533 2448
534 2448
535 2448
536 2448
537 2448
538 2448
539 2448
540 2448
541 2448
542 2448
543 2448
544 2448
545 2448
546 2448
547 2448
548 2448
549 2448
550 2448
551 2448
552 2448
553 2448
554 2448
555 2448
556 2448
557 2448
558 2448
559 2448
560 2448
561 2448
562 2448
563 2448
564 2448
565 2448
566 2448
567 2448
568 2448
569 2448
570 2448
571 2448
572 2448
573 2448
574 2448
575 2448
576 2448
577 2448
578 2448
579 2448
580 2448
581 2448
582 2448
583 2448
584 2448
585 2448
586 2448
587 2448
588 2448
589 2448
590 2448
591 2448
592 2448
593 2448
594 2448
595 2448
596 2448
597 2448
598 2448
599 2448
600 2448
601 2448
602 2448
603 2448
604 2448
605 2448
606 2448
607 2448
608 2448
609 2448
610 2448
611 2448
612 2448
613 2448
614 2448
615 2448
616 2448
617 2448
618 2448
619 2448
620 2448
621 2448
622 2448
623 2448
624 2448
625 2448
626 2448
627 2448
628 2448
629 2448
630 2448
631 2448
632 2448
633 2448
634 2448
635 2448
636 2448
637 2448
638 2448
639 2448
640 2448
641 2448
642 2448
643 2448
644 2448
645 2448
646 2448
647 2448
648 2448
649 2448
650 2448
651 2448
652 2448
653 2448
654 2448
655 2448
656 2448
657 2448
658 2448
659 2448
660 2448
661 2448
662 2448
663 2448
664 2448
665 2448
666 2448
667 2448
668 2448
669 2448
670 2448
671 2448
672 2448
673 2448
674 2448
675 2448
676 2448
677 2448
678 2448
679 2448
680 2448
681 2448
682 2448
683 2448
684 2448
685 2448
686 2448
687 2448
688 2448
689 2448
690 2448
691 2448
692 2448
693 2448
694 2448
695 2448
696 2448
697 2448
698 2448
699 2448
700 2448
701 2448
702 2448
703 2448
704 2448
705 2448
706 2448
707 2448
708 2448
709 2448
710 2448
711 2448
712 2448
713 2448
714 2448
715 2448
716 2448
717 2448
718 2448
719 2448
720 2448
721 2448
722 2448
723 2448
724 2448
725 2448
726 2448
727 2448
728 2448
729 2448
730 2448
731 2448
732 2448
733 2448
734 2448
735 2448
736 2448
737 2448
738 2448
739 2448
740 2448
741 2448
742 2448
743 2448
744 2448
745 2448
746 2448
747 2448
748 2448
749 2448
750 2448
751 2448
752 2448
753 2448
754 2448
755 2448
756 2448
757 2448
758 2448
759 2448
760 2448
761 2448
762 2448
763 2448
764 2448
765 2448
766 2448
767 2448
768 2448
769 2448
770 2448
771 2448
772 2448
773 2448
774 2448
775 2448
776 2448
777 2448
778 2448
779 2448
780 2448
781 2448
782 2448
783 2448
784 2448
785 2448
786 2448
787 2448
788 2448
789 2448
790 2448
791 2448
792 2448
793 2448
794 2448
795 2448
796 2448
797 2448
798 2448
799 2448
800 2448
801 2448
802 2448
803 2448
804 2448
805 2448
806 2448
807 2448
808 2448
809 2448
810 2448
811 2448
812 2448
813 2448
814 2448
815 2448
816 2448
817 2448
818 2448
819 2448
820 2448
821 2448
822 2448
823 2448
824 2448
825 2448
826 2448
827 2448
828 2448
829 2448
830 2448
831 2448
832 2448
833 2448
834 2448
835 2448
836 2448
837 2448
838 2448
839 2448
840 2448
841 2448
842 2448
843 2448
844 2448
845 2448
846 2448
847 2448
848 2448
849 2448
850 2448
851 2448
852 2448
853 2448
854 2448
855 2448
856 2448
857 2448
858 2448
859 2448
860 2448
861 2448
862 2448
863 2448
864 2448
865 2448
866 2448
867 2448
868 2448
869 2448
870 2448
871 2448
872 2448
873 2448
874 2448
875 2448
876 2448
877 2448
878 2448
879 2448
880 2448
881 2448
882 2448
883 2448
884 2448
885 2448
886 2448
887 2448
888 2448
889 2448
890 2448
891 2448
892 2448
893 2448
894 2448
895 2448
896 2448
897 2448
898 2448
899 2448
900 2448
901 2448
902 2448
903 2448
904 2448
905 2448
906 2448
907 2448
908 2448
909 2448
910 2448
911 2448
912 2448
913 2448
914 2448
915 2448
916 2448
917 2448
918 2448
919 2448
920 2448
921 2448
922 2448
923 2448
924 2448
925 2448
926 2448
927 2448
928 2448
929 2448
930 2448
931 2448
932 2448
933 2448
934 2448
935 2448
936 2448
937 2448
938 2448
939 2448
940 2448
941 2448
942 2448
943 2448
944 2448
945 2448
946 2448
947 2448
948 2448
949 2448
950 2448
951 2448
952 2448
953 2448
954 2448
955 2448
956 2448
957 2448
958 2448
959 2448
960 2448
961 2448
962 2448
963 2448
964 2448
965 2448
966 2448
967 2448
968 2448
969 2448
970 2448
971 2448
972 2448
973 2448
974 2448
975 2448
976 2448
977 2448
978 2448
979 2448
980 2448
981 2448
982 2448
983 2448
984 2448
985 2448
986 2448
987 2448
988 2448
989 2448
990 2448
991 2448
992 2448
993 2448
994 2448
995 2448
996 2448
997 2448
998 2448
999 2448
1000 2448
1001 2448
1002 2448
1003 2448
1004 2448
1005 2448
1006 2448
1007 2448
1008 2448
1009 2448
1010 2448
1011 2448
1012 2448
1013 2448
1014 2448
1015 2448
1016 2448
1017 2448
1018 2448
1019 2448
1020 2448
1021 2448
1022 2448
1023 2448
1024 2448
1025 2448
1026 2448
1027 2448
1028 2448
1029 2448
1030 2448
1031 2448
1032 2448
1033 2448
1034 2448
1035 2448
1036 2448
1037 2448
1038 2448
1039 2448
1040 2448
1041 2448
1042 2448
1043 2448
1044 2448
1045 2448
1046 2448
1047 2448
1048 2448
1049 2448
1050 2448
1051 2448
1052 2448
1053 2448
1054 2448
1055 2448
1056 2448
1057 2448
1058 2448
1059 2448
1060 2448
1061 2448
1062 2448
1063 2448
1064 2448
1065 2448
1066 2448
1067 2448
1068 2448
1069 2448
1070 2448
1071 2448
1072 2448
1073 2448
1074 2448
1075 2448
1076 2448
1077 2448
1078 2448
1079 2448
1080 2448
1081 2448
1082 2448
1083 2448
1084 2448
1085 2448
1086 2448
1087 2448
1088 2448
1089 2448
1090 2448
1091 2448
1092 2448
1093 2448
1094 2448
1095 2448
1096 2448
1097 2448
1098 2448
1099 2448
1100 2448
1101 2448
1102 2448
1103 2448
1104 2448
1105 2448
1106 2448
1107 2448
1108 2448
1109 2448
1110 2448
1111 2448
1112 2448
1113 2448
1114 2448
1115 2448
1116 2448
1117 2448
1118 2448
1119 2448
1120 2448
1121 2448
1122 2448
1123 2448
1124 2448
1125 2448
1126 2448
1127 2448
1128 2448
1129 2448
1130 2448
1131 2448
1132 2448
1133 2448
1134 2448
1135 2448
1136 2448
1137 2448
1138 2448
1139 2448
1140 2448
1141 2448
1142 2448
1143 2448
1144 2448
1145 2448
1146 2448
1147 2448
1148 2448
1149 2448
1150 2448
1151 2448
1152 2448
1153 2448
1154 2448
1155 2448
1156 2448
1157 2448
1158 2448
1159 2448
1160 2448
1161 2448
1162 2448
1163 2448
1164 2448
1165 2448
1166 2448
1167 2448
1168 2448
1169 2448
1170 2448
1171 2448
1172 2448
1173 2448
1174 2448
1175 2448
1176 2448
1177 2448
1178 2448
1179 2448
1180 2448
1181 2448
1182 2448
1183 2448
1184 2448
1185 2448
1186 2448
1187 2448
1188 2448
1189 2448
1190 2448
1191 2448
1192 2448
1193 2448
1194 2448
1195 2448
1196 2448
1197 2448
1198 2448
1199 2448
1200 2448
1201 2448
1202 2448
1203 2448
1204 2448
1205 2448
1206 2448
1207 2448
1208 2448
1209 2448
1210 2448
1211 2448
1212 2448
1213 2448
1214 2448
1215 2448
1216 2448
1217 2448
1218 2448
1219 2448
1220 2448
1221 2448
1222 2448
1223 2448
1224 2448
1225 2448
1226 2448
1227 2448
1228 2448
1229 2448
1230 2448
1231 2448
1232 2448
1233 2448
1234 2448
1235 2448
1236 2448
1237 2448
1238 2448
1239 2448
1240 2448
1241 2448
1242 2448
1243 2448
1244 2448
1245 2448
1246 2448
1247 2448
1248 2448
1249 2448
1250 2448
1251 2448
1252 2448
1253 2448
1254 2448
1255 2448
1256 2448
1257 2448
1258 2448
1259 2448
1260 2448
1261 2448
1262 2448
1263 2448
1264 2448
1265 2448
1266 2448
1267 2448
1268 2448
1269 2448
1270 2448
1271 2448
1272 2448
1273 2448
1274 2448
1275 2448
1276 2448
1277 2448
1278 2448
1279 2448
1280 2448
1281 2448
1282 2448
1283 2448
1284 2448
1285 2448
1286 2448
1287 2448
1288 2448
1289 2448
1290 2448
1291 2448
1292 2448
1293 2448
1294 2448
1295 2448
1296 2448
1297 2448
1298 2448
1299 2448
1300 2448
1301 2448
1302 2448
1303 2448
1304 2448
1305 2448
1306 2448
1307 2448
1308 2448
1309 2448
1310 2448
1311 2448
1312 2448
1313 2448
1314 2448
1315 2448
1316 2448
1317 2448
1318 2448
1319 2448
1320 2448
1321 2448
1322 2448
1323 2448
1324 2448
1325 2448
1326 2448
1327 2448
1328 2448
1329 2448
1330 2448
1331 2448
1332 2448
1333 2448
1334 2448
1335 2448
1336 2448
1337 2448
1338 2448
1339 2448
1340 2448
1341 2448
1342 2448
1343 2448
1344 2448
1345 2448
1346 2448
1347 2448
1348 2448
1349 2448
1350 2448
1351 2448
1352 2448
1353 2448
1354 2448
1355 2448
1356 2448
1357 2448
1358 2448
1359 2448
1360 2448
1361 2448
1362 2448
1363 2448
1364 2448
1365 2448
1366 2448
1367 2448
1368 2448
1369 2448
1370 2448
1371 2448
1372 2448
1373 2448
1374 2448
1375 2448
1376 2448
1377 2448
1378 2448
1379 2448
1380 2448
1381 2448
1382 2448
1383 2448
1384 2448
1385 2448
1386 2448
1387 2448
1388 2448
1389 2448
1390 2448
1391 2448
1392 2448
1393 2448
1394 2448
1395 2448
1396 2448
1397 2448
1398 2448
1399 2448
1400 2448
1401 2448
1402 2448
1403 2448
1404 2448
1405 2448
1406 2448
1407 2448
1408 2448
1409 2448
1410 2448
1411 2448
1412 2448
1413 2448
1414 2448
1415 2448
1416 2448
1417 2448
1418 2448
1419 2448
1420 2448
1421 2448
1422 2448
1423 2448
1424 2448
1425 2448
1426 2448
1427 2448
1428 2448
1429 2448
1430 2448
1431 2448
1432 2448
1433 2448
1434 2448
1435 2448
1436 2448
1437 2448
1438 2448
1439 2448
1440 2448
1441 2448
1442 2448
1443 2448
1444 2448
1445 2448
1446 2448
1447 2448
1448 2448
1449 2448
1450 2448
1451 2448
1452 2448
1453 2448
1454 2448
1455 2448
1456 2448
1457 2448
1458 2448
1459 2448
1460 2448
1461 2448
1462 2448
1463 2448
1464 2448
1465 2448
1466 2448
1467 2448
1468 2448
1469 2448
1470 2448
1471 2448
1472 2448
1473 2448
1474 2448
1475 2448
1476 2448
1477 2448
1478 2448
1479 2448
1480 2448
1481 2448
1482 2448
1483 2448
1484 2448
1485 2448
1486 2448
1487 2448
1488 2448
1489 2448
1490 2448
1491 2448
1492 2448
1493 2448
1494 2448
1495 2448
1496 2448
1497 2448
1498 2448
1499 2448
1500 2448
1501 2448
1502 2448
1503 2448
1504 2448
1505 2448
1506 2448
1507 2448
1508 2448
1509 2448
1510 2448
1511 2448
1512 2448
1513 2448
1514 2448
1515 2448
1516 2448
1517 2448
1518 2448
1519 2448
1520 2448
1521 2448
1522 2448
1523 2448
1524 2448
1525 2448
1526 2448
1527 2448
1528 2448
1529 2448
1530 2448
1531 2448
1532 2448
1533 2448
1534 2448
1535 2448
1536 2448
1537 2448
1538 2448
1539 2448
1540 2448
1541 2448
1542 2448
1543 2448
1544 2448
1545 2448
1546 2448
1547 2448
1548 2448
1549 2448
1550 2448
1551 2448
1552 2448
1553 2448
1554 2448
1555 2448
1556 2448
1557 2448
1558 2448
1559 2448
1560 2448
1561 2448
1562 2448
1563 2448
1564 2448
1565 2448
1566 2448
1567 2448
1568 2448
1569 2448
1570 2448
1571 2448
1572 2448
1573 2448
1574 2448
1575 2448
1576 2448
1577 2448
1578 2448
1579 2448
1580 2448
1581 2448
1582 2448
1583 2448
1584 2448
1585 2448
1586 2448
1587 2448
1588 2448
1589 2448
1590 2448
1591 2448
1592 2448
1593 2448
1594 2448
1595 2448
1596 2448
1597 2448
1598 2448
1599 2448
1600 2448
1601 2448
1602 2448
1603 2448
1604 2448
1605 2448
1606 2448
1607 2448
1608 2448
1609 2448
1610 2448
1611 2448
1612 2448
1613 2448
1614 2448
1615 2448
1616 2448
1617 2448
1618 2448
1619 2448
1620 2448
1621 2448
1622 2448
1623 2448
1624 2448
1625 2448
1626 2448
1627 2448
1628 2448
1629 2448
1630 2448
1631 2448
1632 2448
1633 2448
1634 2448
1635 2448
1636 2448
1637 2448
1638 2448
1639 2448
1640 2448
1641 2448
1642 2448
1643 2448
1644 2448
1645 2448
1646 2448
1647 2448
1648 2448
1649 2448
1650 2448
1651 2448
1652 2448
1653 2448
1654 2448
1655 2448
1656 2448
1657 2448
1658 2448
1659 2448
1660 2448
1661 2448
1662 2448
1663 2448
1664 2448
1665 2448
1666 2448
1667 2448
1668 2448
1669 2448
1670 2448
1671 2448
1672 2448
1673 2448
1674 2448
1675 2448
1676 2448
1677 2448
1678 2448
1679 2448
1680 2448
1681 2448
1682 2448
1683 2448
1684 2448
1685 2448
1686 2448
1687 2448
1688 2448
1689 2448
1690 2448
1691 2448
1692 2448
1693 2448
1694 2448
1695 2448
1696 2448
1697 2448
1698 2448
1699 2448
1700 2448
1701 2448
1702 2448
1703 2448
1704 2448
1705 2448
1706 2448
1707 2448
1708 2448
1709 2448
1710 2448
1711 2448
1712 2448
1713 2448
1714 2448
1715 2448
1716 2448
1717 2448
1718 2448
1719 2448
1720 2448
1721 2448
1722 2448
1723 2448
1724 2448
1725 2448
1726 2448
1727 2448
1728 2448
1729 2448
1730 2448
1731 2448
1732 2448
1733 2448
1734 2448
1735 2448
1736 2448
1737 2448
1738 2448
1739 2448
1740 2448
1741 2448
1742 2448
1743 2448
1744 2448
1745 2448
1746 2448
1747 2448
1748 2448
1749 2448
1750 2448
1751 2448
1752 2448
1753 2448
1754 2448
1755 2448
1756 2448
1757 2448
1758 2448
1759 2448
1760 2448
1761 2448
1762 2448
1763 2448
1764 2448
1765 2448
1766 2448
1767 2448
1768 2448
1769 2448
1770 2448
1771 2448
1772 2448
1773 2448
1774 2448
1775 2448
1776 2448
1777 2448
1778 2448
1779 2448
1780 2448
1781 2448
1782 2448
1783 2448
1784 2448
1785 2448
1786 2448
1787 2448
1788 2448
1789 2448
1790 2448
1791 2448
1792 2448
1793 2448
1794 2448
1795 2448
1796 2448
1797 2448
1798 2448
1799 2448
1800 2448
1801 2448
1802 2448
1803 2448
1804 2448
1805 2448
1806 2448
1807 2448
1808 2448
1809 2448
1810 2448
1811 2448
1812 2448
1813 2448
1814 2448
1815 2448
1816 2448
1817 2448
1818 2448
1819 2448
1820 2448
1821 2448
1822 2448
1823 2448
1824 2448
1825 2448
1826 2448
1827 2448
1828 2448
1829 2448
1830 2448
1831 2448
1832 2448
1833 2448
1834 2448
1835 2448
1836 2448
1837 2448
1838 2448
1839 2448
1840 2448
1841 2448
1842 2448
1843 2448
1844 2448
1845 2448
1846 2448
1847 2448
1848 2448
1849 2448
1850 2448
1851 2448
1852 2448
1853 2448
1854 2448
1855 2448
1856 2448
1857 2448
1858 2448
1859 2448
1860 2448
1861 2448
1862 2448
1863 2448
1864 2448
1865 2448
1866 2448
1867 2448
1868 2448
1869 2448
1870 2448
1871 2448
1872 2448
1873 2448
1874 2448
1875 2448
1876 2448
1877 2448
1878 2448
1879 2448
1880 2448
1881 2448
1882 2448
1883 2448
1884 2448
1885 2448
1886 2448
1887 2448
1888 2448
1889 2448
1890 2448
1891 2448
1892 2448
1893 2448
1894 2448
1895 2448
1896 2448
1897 2448
1898 2448
1899 2448
1900 2448
1901 2448
1902 2448
1903 2448
1904 2448
1905 2448
1906 2448
1907 2448
1908 2448
1909 2448
1910 2448
1911 2448
1912 2448
1913 2448
1914 2448
1915 2448
1916 2448
1917 2448
1918 2448
1919 2448
1920 2448
1921 2448
1922 2448
1923 2448
1924 2448
1925 2448
1926 2448
1927 2448
1928 2448
1929 2448
1930 2448
1931 2448
1932 2448
1933 2448
1934 2448
1935 2448
1936 2448
1937 2448
1938 2448
1939 2448
1940 2448
1941 2448
1942 2448
1943 2448
1944 2448
1945 2448
1946 2448
1947 2448
1948 2448
1949 2448
1950 2448
1951 2448
1952 2448
1953 2448
1954 2448
1955 2448
1956 2448
1957 2448
1958 2448
1959 2448
1960 2448
1961 2448
1962 2448
1963 2448
1964 2448
1965 2448
1966 2448
1967 2448
1968 2448
1969 2448
1970 2448
1971 2448
1972 2448
1973 2448
1974 2448
1975 2448
1976 2448
1977 2448
1978 2448
1979 2448
1980 2448
1981 2448
1982 2448
1983 2448
1984 2448
1985 2448
1986 2448
1987 2448
1988 2448
1989 2448
1990 2448
1991 2448
1992 2448
1993 2448
1994 2448
1995 2448
1996 2448
1997 2448
1998 2448
1999 2448
2000 2448
2001 2448
2002 2448
2003 2448
2004 2448
2005 2448
2006 2448
2007 2448
2008 2448
2009 2448
2010 2448
2011 2448
2012 2448
2013 2448
2014 2448
2015 2448
2016 2448
2017 2448
2018 2448
2019 2448
2020 2448
2021 2448
2022 2448
2023 2448
2024 2448
2025 2448
2026 2448
2027 2448
2028 2448
2029 2448
2030 2448
2031 2448
2032 2448
2033 2448
2034 2448
2035 2448
2036 2448
2037 2448
2038 2448
2039 2448
2040 2448
2041 2448
2042 2448
2043 2448
2044 2448
2045 2448
2046 2448
2047 2448
2048 2448
2049 2448
2050 2448
2051 2448
2052 2448
2053 2448
2054 2448
2055 2448
2056 2448
2057 2448
2058 2448
2059 2448
2060 2448
2061 2448
2062 2448
2063 2448
2064 2448
2065 2448
2066 2448
2067 2448
2068 2448
2069 2448
2070 2448
2071 2448
2072 2448
2073 2448
2074 2448
2075 2448
2076 2448
2077 2448
2078 2448
2079 2448
2080 2448
2081 2448
2082 2448
2083 2448
2084 2448
2085 2448
2086 2448
2087 2448
2088 2448
2089 2448
2090 2448
2091 2448
2092 2448
2093 2448
2094 2448
2095 2448
2096 2448
2097 2448
2098 2448
2099 2448
2100 2448
2101 2448
2102 2448
2103 2448
2104 2448
2105 2448
2106 2448
2107 2448
2108 2448
2109 2448
2110 2448
2111 2448
2112 2448
2113 2448
2114 2448
2115 2448
2116 2448
2117 2448
2118 2448
2119 2448
2120 2448
2121 2448
2122 2448
2123 2448
2124 2448
2125 2448
2126 2448
2127 2448
2128 2448
2129 2448
2130 2448
2131 2448
2132 2448
2133 2448
2134 2448
2135 2448
2136 2448
2137 2448
2138 2448
2139 2448
2140 2448
2141 2448
2142 2448
2143 2448
2144 2448
2145 2448
2146 2448
2147 2448
2148 2448
2149 2448
2150 2448
2151 2448
2152 2448
2153 2448
2154 2448
2155 2448
2156 2448
2157 2448
2158 2448
2159 2448
2160 2448
2161 2448
2162 2448
2163 2448
2164 2448
2165 2448
2166 2448
2167 2448
2168 2448
2169 2448
2170 2448
2171 2448
2172 2448
2173 2448
2174 2448
2175 2448
2176 2448
2177 2448
2178 2448
2179 2448
2180 2448
2181 2448
2182 2448
2183 2448
2184 2448
2185 2448
2186 2448
2187 2448
2188 2448
2189 2448
2190 2448
2191 2448
2192 2448
2193 2448
2194 2448
2195 2448
2196 2448
2197 2448
2198 2448
2199 2448
2200 2448
2201 2448
2202 2448
2203 2448
2204 2448
2205 2448
2206 2448
2207 2448
2208 2448
2209 2448
2210 2448
2211 2448
2212 2448
2213 2448
2214 2448
2215 2448
2216 2448
2217 2448
2218 2448
2219 2448
2220 2448
2221 2448
2222 2448
2223 2448
2224 2448
2225 2448
2226 2448
2227 2448
2228 2448
2229 2448
2230 2448
2231 2448
2232 2448
2233 2448
2234 2448
2235 2448
2236 2448
2237 2448
2238 2448
2239 2448
2240 2448
2241 2448
2242 2448
2243 2448
2244 2448
2245 2448
2246 2448
2247 2448
2248 2448
2249 2448
2250 2448
2251 2448
2252 2448
2253 2448
2254 2448
2255 2448
2256 2448
2257 2448
2258 2448
2259 2448
2260 2448
2261 2448
2262 2448
2263 2448
2264 2448
2265 2448
2266 2448
2267 2448
2268 2448
2269 2448
2270 2448
2271 2448
2272 2448
2273 2448
2274 2448
2275 2448
2276 2448
2277 2448
2278 2448
2279 2448
2280 2448
2281 2448
2282 2448
2283 2448
2284 2448
2285 2448
2286 2448
2287 2448
2288 2448
2289 2448
2290 2448
2291 2448
2292 2448
2293 2448
2294 2448
2295 2448
2296 2448
2297 2448
2298 2448
2299 2448
2300 2448
2301 2448
2302 2448
2303 2448
2304 2448
2305 2448
2306 2448
2307 2448
2308 2448
2309 2448
2310 2448
2311 2448
2312 2448
2313 2448
2314 2448
2315 2448
2316 2448
2317 2448
2318 2448
2319 2448
2320 2448
2321 2448
2322 2448
2323 2448
2324 2448
2325 2448
2326 2448
2327 2448
2328 2448
2329 2448
2330 2448
2331 2448
2332 2448
2333 2448
2334 2448
2335 2448
2336 2448
2337 2448
2338 2448
2339 2448
2340 2448
2341 2448
2342 2448
2343 2448
2344 2448
2345 2448
2346 2448
2347 2448
2348 2448
2349 2448
2350 2448
2351 2448
2352 2448
2353 2448
2354 2448
2355 2448
2356 2448
2357 2448
2358 2448
2359 2448
2360 2448
2361 2448
2362 2448
2363 2448
2364 2448
2365 2448
2366 2448
2367 2448
2368 2448
2369 2448
2370 2448
2371 2448
2372 2448
2373 2448
2374 2448
2375 2448
2376 2448
2377 2448
2378 2448
2379 2448
2380 2448
2381 2448
2382 2448
2383 2448
2384 2448
2385 2448
2386 2448
2387 2448
2388 2448
2389 2448
2390 2448
2391 2448
2392 2448
2393 2448
2394 2448
2395 2448
2396 2448
2397 2448
2398 2448
2399 2448
2400 2448
2401 2448
2402 2448
2403 2448
2404 2448
2405 2448
2406 2448
2407 2448
2408 2448
2409 2448
2410 2448
2411 2448
2412 2448
2413 2448
2414 2448
2415 2448
2416 2448
2417 2448
2418 2448
2419 2448
2420 2448
2421 2448
2422 2448
2423 2448
2424 2448
2425 2448
2426 2448
2427 2448
2428 2448
2429 2448
2430 2448
2431 2448
2432 2448
2433 2448
2434 2448
2435 2448
2436 2448
2437 2448
2438 2448
2439 2448
2440 2448
2441 2448
2442 2448
2443 2448
2444 2448
2445 2448
2446 2448
2447 2448
2448 2448
2449 2448
2450 2448
2451 2448
2452 2448
2453 2448
2454 2448
2455 2448
2456 2448
2457 2448
2458 2448
2459 2448
2460 2448
2461 2448
2462 2448
2463 2448
2464 2448
2465 2448
2466 2448
2467 2448
2468 2448
2469 2448
2470 2448
2471 2448
2472 2448
2473 2448
2474 2448
2475 2448
2476 2448
2477 2448
2478 2448
2479 2448
2480 2448
2481 2448
2482 2448
2483 2448
2484 2448
2485 2448
2486 2448
2487 2448
2488 2448
2489 2448
2490 2448
2491 2448
2492 2448
2493 2448
2494 2448
2495 2448
2496 2448
2497 2448
2498 2448
2499 2448
2500 2448
2501 2448
2502 2448
2503 2448
2504 2448
2505 2448
2506 2448
2507 2448
2508 2448
2509 2448
2510 2448
2511 2448
2512 2448
2513 2448
2514 2448
2515 2448
2516 2448
2517 2448
2518 2448
2519 2448
2520 2448
2521 2448
2522 2448
2523 2448
2524 2448
2525 2448
2526 2448
2527 2448
2528 2448
2529 2448
2530 2448
2531 2448
2532 2448
2533 2448
2534 2448
2535 2448
2536 2448
2537 2448
2538 2448
2539 2448
2540 2448
2541 2448
2542 2448
2543 2448
2544 2448
2545 2448
2546 2448
2547 2448
2548 2448
2549 2448
2550 2448
2551 2448
2552 2448
2553 2448
2554 2448
2555 2448
2556 2448
2557 2448
2558 2448
2559 2448
2560 2448
2561 2448
2562 2448
2563 2448
2564 2448
2565 2448
2566 2448
2567 2448
2568 2448
2569 2448
2570 2448
2571 2448
2572 2448
2573 2448
2574 2448
2575 2448
2576 2448
2577 2448
2578 2448
2579 2448
2580 2448
2581 2448
2582 2448
2583 2448
2584 2448
2585 2448
2586 2448
2587 2448
2588 2448
2589 2448
2590 2448
2591 2448
2592 2448
2593 2448
2594 2448
2595 2448
2596 2448
2597 2448
2598 2448
2599 2448
2600 2448
2601 2448
2602 2448
2603 2448
2604 2448
2605 2448
2606 2448
2607 2448
2608 2448
2609 2448
2610 2448
2611 2448
2612 2448
2613 2448
2614 2448
2615 2448
2616 2448
2617 2448
2618 2448
2619 2448
2620 2448
2621 2448
2622 2448
2623 2448
2624 2448
2625 2448
2626 2448
2627 2448
2628 2448
2629 2448
2630 2448
2631 2448
2632 2448
2633 2448
2634 2448
2635 2448
2636 2448
2637 2448
2638 2448
2639 2448
2640 2448
2641 2448
2642 2448
2643 2448
2644 2448
2645 2448
2646 2448
2647 2448
2648 2448
2649 2448
2650 2448
2651 2448
2652 2448
2653 2448
2654 2448
2655 2448
2656 2448
2657 2448
2658 2448
2659 2448
2660 2448
2661 2448
2662 2448
2663 2448
2664 2448
2665 2448
2666 2448
2667 2448
2668 2448
2669 2448
2670 2448
2671 2448
2672 2448
2673 2448
2674 2448
2675 2448
2676 2448
2677 2448
2678 2448
2679 2448
2680 2448
2681 2448
2682 2448
2683 2448
2684 2448
2685 2448
2686 2448
2687 2448
2688 2448
2689 2448
2690 2448
2691 2448
2692 2448
2693 2448
2694 2448
2695 2448
2696 2448
2697 2448
2698 2448
2699 2448
2700 2448
2701 2448
2702 2448
2703 2448
2704 2448
2705 2448
2706 2448
2707 2448
2708 2448
2709 2448
2710 2448
2711 2448
2712 2448
2713 2448
2714 2448
2715 2448
2716 2448
2717 2448
2718 2448
2719 2448
2720 2448
2721 2448
2722 2448
2723 2448
2724 2448
2725 2448
2726 2448
2727 2448
2728 2448
2729 2448
2730 2448
2731 2448
2732 2448
2733 2448
2734 2448
2735 2448
2736 2448
2737 2448
2738 2448
2739 2448
2740 2448
2741 2448
2742 2448
2743 2448
2744 2448
2745 2448
2746 2448
2747 2448
2748 2448
2749 2448
2750 2448
2751 2448
2752 2448
2753 2448
2754 2448
2755 2448
2756 2448
2757 2448
2758 2448
2759 2448
2760 2448
2761 2448
2762 2448
2763 2448
2764 2448
2765 2448
2766 2448
2767 2448
2768 2448
2769 2448
2770 2448
2771 2448
2772 2448
2773 2448
2774 2448
2775 2448
2776 2448
2777 2448
2778 2448
2779 2448
2780 2448
2781 2448
2782 2448
2783 2448
2784 2448
2785 2448
2786 2448
2787 2448
2788 2448
2789 2448
2790 2448
2791 2448
2792 2448
2793 2448
2794 2448
2795 2448
2796 2448
2797 2448
2798 2448
2799 2448
2800 2448
2801 2448
2802 2448
2803 2448
2804 2448
2805 2448
2806 2448
2807 2448
2808 2448
2809 2448
2810 2448
2811 2448
2812 2448
2813 2448
2814 2448
2815 2448
2816 2448
2817 2448
2818 2448
2819 2448
2820 2448
2821 2448
2822 2448
2823 2448
2824 2448
2825 2448
2826 2448
2827 2448
2828 2448
2829 2448
2830 2448
2831 2448
2832 2448
2833 2448
2834 2448
2835 2448
2836 2448
2837 2448
2838 2448
2839 2448
2840 2448
2841 2448
2842 2448
2843 2448
2844 2448
2845 2448
2846 2448
2847 2448
2848 2448
2849 2448
2850 2448
2851 2448
2852 2448
2853 2448
2854 2448
2855 2448
2856 2448
2857 2447
2858 2445
2859 2442
2860 2440
2861 2440
2862 2439
2863 2439
2864 2439
2865 2438
2866 2438
2867 2438
2868 2438
2869 2438
2870 2438
2871 2438
2872 2438
2873 2438
2874 2438
2875 2438
2876 2438
2877 2438
2878 2438
2879 2438
2880 2438
2881 2438
2882 2438
2883 2437
2884 2437
2885 2437
2886 2437
2887 2437
2888 2437
2889 2437
2890 2437
2891 2437
2892 2437
2893 2437
2894 2437
2895 2437
2896 2437
2897 2437
2898 2437
2899 2437
2900 2437
2901 2437
2902 2437
2903 2437
2904 2437
2905 2436
2906 2436
2907 2436
2908 2436
2909 2436
2910 2435
2911 2435
2912 2435
2913 2434
2914 2434
2915 2434
2916 2434
2917 2434
2918 2433
2919 2431
2920 2427
2921 2419
2922 2419
2923 2419
2924 2418
2925 2418
2926 2418
2927 2417
2928 2417
2929 2417
2930 2417
2931 2417
2932 2417
2933 2417
2934 2417
2935 2415
2936 2414
2937 2414
2938 2414
2939 2414
2940 2414
2941 2413
2942 2413
2943 2413
2944 2413
2945 2413
2946 2412
2947 2412
2948 2412
2949 2412
2950 2412
2951 2411
2952 2411
2953 2411
2954 2410
2955 2410
2956 2410
2957 2409
2958 2409
2959 2409
2960 2409
2961 2409
2962 2408
2963 2408
2964 2408
2965 2408
2966 2408
2967 2408
2968 2408
2969 2408
2970 2408
2971 2408
2972 2408
2973 2408
2974 2408
2975 2408
2976 2408
2977 2408
2978 2408
2979 2407
2980 2395
2981 2383
2982 2370
2983 2370
2984 2370
2985 2370
2986 2370
2987 2370
2988 2370
2989 2370
2990 2370
2991 2370
2992 2370
2993 2370
2994 2370
2995 2369
2996 2369
2997 2369
2998 2369
2999 2369
3000 2369
3001 2368
3002 2368
3003 2368
3004 2368
3005 2368
3006 2368
3007 2368
3008 2368
3009 2368
3010 2367
3011 2367
3012 2367
3013 2367
3014 2367
3015 2367
3016 2366
3017 2365
3018 2365
3019 2365
3020 2364
3021 2364
3022 2364
3023 2364
3024 2364
3025 2364
3026 2364
3027 2364
3028 2364
3029 2364
3030 2364
3031 2364
3032 2364
3033 2364
3034 2364
3035 2364
3036 2364
3037 2364
3038 2364
3039 2364
3040 2364
3041 2364
3042 2364
3043 2364
3044 2354
3045 2328
3046 2315
3047 2315
3048 2314
3049 2314
3050 2314
3051 2314
3052 2314
3053 2314
3054 2314
3055 2313
3056 2313
3057 2313
3058 2313
3059 2313
3060 2312
3061 2312
3062 2312
3063 2312
3064 2312
3065 2312
3066 2312
3067 2312
3068 2312
3069 2312
3070 2312
3071 2312
3072 2312
3073 2312
3074 2311
3075 2311
3076 2311
3077 2311
3078 2311
3079 2311
3080 2311
3081 2311
3082 2311
3083 2311
3084 2311
3085 2310
3086 2310
3087 2310
3088 2310
3089 2310
3090 2310
3091 2309
3092 2309
3093 2309
3094 2309
3095 2309
3096 2309
3097 2309
3098 2309
3099 2309
3100 2309
3101 2308
3102 2288
3103 2265
3104 2265
3105 2265
3106 2265
3107 2265
3108 2265
3109 2265
3110 2264
3111 2264
3112 2264
3113 2263
3114 2263
3115 2263
3116 2263
3117 2263
3118 2263
3119 2263
3120 2263
3121 2263
3122 2263
3123 2263
3124 2263
3125 2263
3126 2262
3127 2262
3128 2262
3129 2262
3130 2262
3131 2262
3132 2262
3133 2262
3134 2262
3135 2262
3136 2262
3137 2262
3138 2262
3139 2262
3140 2262
3141 2261
3142 2261
3143 2261
3144 2261
3145 2261
3146 2261
3147 2261
3148 2261
3149 2260
3150 2260
3151 2260
3152 2260
3153 2259
3154 2259
3155 2259
3156 2259
3157 2259
3158 2259
3159 2259
3160 2259
3161 2259
3162 2259
3163 2234
3164 2216
3165 2205
3166 2199
3167 2199
3168 2199
3169 2199
3170 2199
3171 2199
3172 2199
3173 2199
3174 2198
3175 2198
3176 2198
3177 2198
3178 2198
3179 2198
3180 2198
3181 2198
3182 2197
3183 2197
3184 2197
3185 2195
3186 2195
3187 2195
3188 2194
3189 2194
3190 2194
3191 2193
3192 2192
3193 2192
3194 2192
3195 2192
3196 2192
3197 2192
3198 2192
3199 2192
3200 2191
3201 2191
3202 2191
3203 2191
3204 2191
3205 2191
3206 2191
3207 2189
3208 2188
3209 2188
3210 2188
3211 2187
3212 2187
3213 2187
3214 2187
3215 2187
3216 2186
3217 2185
3218 2185
3219 2169
3220 2151
3221 2131
3222 2131
3223 2131
3224 2131
3225 2131
3226 2131
3227 2131
3228 2131
3229 2131
3230 2131
3231 2131
3232 2131
3233 2130
3234 2130
3235 2130
3236 2130
3237 2130
3238 2130
3239 2130
3240 2130
3241 2130
3242 2130
3243 2130
3244 2130
3245 2130
3246 2130
3247 2130
3248 2130
3249 2130
3250 2130
3251 2130
3252 2130
3253 2130
3254 2130
3255 2129
3256 2129
3257 2129
3258 2129
3259 2129
3260 2129
3261 2129
3262 2129
3263 2129
3264 2129
3265 2129
3266 2129
3267 2128
3268 2126
3269 2069
3270 2052
3271 2051
3272 2051
3273 2051
3274 2051
3275 2051
3276 2051
3277 2051
3278 2051
3279 2050
3280 2049
3281 2049
3282 2049
3283 2048
3284 2047
3285 2047
3286 2046
3287 2046
3288 2046
3289 2046
3290 2046
3291 2046
3292 2046
3293 2046
3294 2046
3295 2046
3296 2046
3297 2046
3298 2046
3299 2046
3300 2045
3301 2045
3302 2045
3303 2045
3304 2045
3305 2044
3306 2044
3307 2044
3308 2030
3309 1998
3310 1973
3311 1973
3312 1972
3313 1972
3314 1972
3315 1972
3316 1972
3317 1971
3318 1971
3319 1971
3320 1971
3321 1971
3322 1971
3323 1971
3324 1971
3325 1971
3326 1970
3327 1970
3328 1970
3329 1970
3330 1970
3331 1970
3332 1970
3333 1970
3334 1970
3335 1970
3336 1970
3337 1970
3338 1970
3339 1970
3340 1969
3341 1969
3342 1969
3343 1969
3344 1969
3345 1969
3346 1969
3347 1969
3348 1967
3349 1967
3350 1967
3351 1967
3352 1920
3353 1888
3354 1887
3355 1887
3356 1887
3357 1887
3358 1887
3359 1887
3360 1887
3361 1886
3362 1886
3363 1886
3364 1886
3365 1886
3366 1886
3367 1886
3368 1886
3369 1886
3370 1886
3371 1886
3372 1886
3373 1886
3374 1886
3375 1886
3376 1886
3377 1886
3378 1886
3379 1886
3380 1886
3381 1886
3382 1886
3383 1886
3384 1886
3385 1885
3386 1885
3387 1885
3388 1885
3389 1885
3390 1885
3391 1885
3392 1885
3393 1858
3394 1813
3395 1804
3396 1804
3397 1804
3398 1804
3399 1804
3400 1804
3401 1804
3402 1804
3403 1804
3404 1804
3405 1804
3406 1804
3407 1804
3408 1804
3409 1804
3410 1804
3411 1804
3412 1804
3413 1804
3414 1804
3415 1804
3416 1804
3417 1804
3418 1804
3419 1804
3420 1804
3421 1804
3422 1804
3423 1804
3424 1804
3425 1804
3426 1804
3427 1804
3428 1804
3429 1804
3430 1804
3431 1804
3432 1804
3433 1804
3434 1804
3435 1804
3436 1804
3437 1804
3438 1804
3439 1804
3440 1804
3441 1804
3442 1804
3443 1804
3444 1804
3445 1804
3446 1787
3447 1734
3448 1716
3449 1716
3450 1716
3451 1716
3452 1716
3453 1716
3454 1716
3455 1716
3456 1716
3457 1716
3458 1716
3459 1716
3460 1716
3461 1716
3462 1716
3463 1716
3464 1716
3465 1716
3466 1716
3467 1716
3468 1716
3469 1716
3470 1716
3471 1716
3472 1716
3473 1716
3474 1716
3475 1716
3476 1716
3477 1716
3478 1716
3479 1716
3480 1716
3481 1716
3482 1716
3483 1716
3484 1716
3485 1716
3486 1716
3487 1716
3488 1716
3489 1716
3490 1716
3491 1716
3492 1716
3493 1716
3494 1716
3495 1716
3496 1716
3497 1716
3498 1716
3499 1716
3500 1716
3501 1716
3502 1716
3503 1716
3504 1716
3505 1716
3506 1716
3507 1706
3508 1693
3509 1678
3510 1652
3511 1652
3512 1652
3513 1652
3514 1652
3515 1652
3516 1652
3517 1652
3518 1652
3519 1652
3520 1652
3521 1652
3522 1652
3523 1652
3524 1652
3525 1652
3526 1652
3527 1652
3528 1652
3529 1652
3530 1652
3531 1652
3532 1652
3533 1652
3534 1652
3535 1652
3536 1652
3537 1652
3538 1652
3539 1652
3540 1652
3541 1652
3542 1652
3543 1652
3544 1652
3545 1652
3546 1652
3547 1652
3548 1652
3549 1652
3550 1652
3551 1652
3552 1652
3553 1652
3554 1652
3555 1652
3556 1652
3557 1652
3558 1652
3559 1652
3560 1652
3561 1652
3562 1652
3563 1652
3564 1652
3565 1652
3566 1652
3567 1652
3568 1652
3569 1652
3570 1652
3571 1635
3572 1612
3573 1590
3574 1590
3575 1590
3576 1590
3577 1590
3578 1590
3579 1590
3580 1590
3581 1590
3582 1590
3583 1590
3584 1590
3585 1590
3586 1590
3587 1590
3588 1590
3589 1590
3590 1590
3591 1590
3592 1590
3593 1590
3594 1590
3595 1590
3596 1590
3597 1590
3598 1590
3599 1590
3600 1590
3601 1590
3602 1590
3603 1590
3604 1590
3605 1590
3606 1590
3607 1590
3608 1590
3609 1590
3610 1590
3611 1590
3612 1590
3613 1590
3614 1590
3615 1590
3616 1590
3617 1590
3618 1590
3619 1590
3620 1590
3621 1590
3622 1590
3623 1590
3624 1590
3625 1590
3626 1590
3627 1590
3628 1590
3629 1590
3630 1590
3631 1590
3632 1581
3633 1561
3634 1526
3635 1517
3636 1517
3637 1517
3638 1517
3639 1517
3640 1517
3641 1517
3642 1517
3643 1517
3644 1517
3645 1517
3646 1517
3647 1517
3648 1517
3649 1517
3650 1517
3651 1517
3652 1517
3653 1517
3654 1517
3655 1517
3656 1517
3657 1517
3658 1517
3659 1517
3660 1517
3661 1517
3662 1517
3663 1517
3664 1517
3665 1517
3666 1517
3667 1517
3668 1517
3669 1517
3670 1517
3671 1517
3672 1517
3673 1517
3674 1517
3675 1517
3676 1517
3677 1517
3678 1517
3679 1517
3680 1517
3681 1517
3682 1517
3683 1517
3684 1517
3685 1517
3686 1517
3687 1517
3688 1517
3689 1517
3690 1517
3691 1517
3692 1517
3693 1517
3694 1483
3695 1440
3696 1440
3697 1440
3698 1440
3699 1440
3700 1440
3701 1440
3702 1440
3703 1440
3704 1440
3705 1440
3706 1440
3707 1440
3708 1440
3709 1440
3710 1440
3711 1440
3712 1440
3713 1440
3714 1440
3715 1440
3716 1440
3717 1440
3718 1440
3719 1440
3720 1440
3721 1440
3722 1440
3723 1440
3724 1440
3725 1440
3726 1440
3727 1440
3728 1440
3729 1440
3730 1440
3731 1440
3732 1440
3733 1440
3734 1440
3735 1440
3736 1440
3737 1440
3738 1440
3739 1440
3740 1440
3741 1440
3742 1440
3743 1440
3744 1440
3745 1440
3746 1440
3747 1440
3748 1440
3749 1440
3750 1440
3751 1440
3752 1413
3753 1389
3754 1374
3755 1374
3756 1374
3757 1374
3758 1374
3759 1374
3760 1374
3761 1374
3762 1374
3763 1374
3764 1374
3765 1374
3766 1374
3767 1374
3768 1374
3769 1374
3770 1374
3771 1374
3772 1374
3773 1374
3774 1374
3775 1374
3776 1374
3777 1374
3778 1374
3779 1374
3780 1374
3781 1374
3782 1374
3783 1374
3784 1374
3785 1374
3786 1374
3787 1374
3788 1374
3789 1374
3790 1374
3791 1374
3792 1374
3793 1374
3794 1374
3795 1374
3796 1374
3797 1374
3798 1374
3799 1374
3800 1374
3801 1374
3802 1374
3803 1374
3804 1374
3805 1374
3806 1374
3807 1374
3808 1374
3809 1374
3810 1374
3811 1374
3812 1374
3813 1374
3814 1374
3815 1374
3816 1367
3817 1345
3818 1326
3819 1321
3820 1321
3821 1321
3822 1321
3823 1321
3824 1321
3825 1321
3826 1321
3827 1321
3828 1321
3829 1321
3830 1321
3831 1321
3832 1321
3833 1321
3834 1321
3835 1321
3836 1321
3837 1321
3838 1321
3839 1321
3840 1321
3841 1321
3842 1321
3843 1321
3844 1321
3845 1321
3846 1321
3847 1321
3848 1321
3849 1321
3850 1321
3851 1321
3852 1321
3853 1321
3854 1321
3855 1321
3856 1321
3857 1321
3858 1321
3859 1321
3860 1321
3861 1321
3862 1321
3863 1321
3864 1321
3865 1321
3866 1321
3867 1321
3868 1321
3869 1321
3870 1321
3871 1321
3872 1321
3873 1321
3874 1321
3875 1321
3876 1321
3877 1321
3878 1321
3879 1300
3880 1278
3881 1263
3882 1263
3883 1263
3884 1263
3885 1263
3886 1263
3887 1263
3888 1263
3889 1263
3890 1263
3891 1263
3892 1263
3893 1263
3894 1263
3895 1263
3896 1263
3897 1263
3898 1263
3899 1263
3900 1263
3901 1263
3902 1263
3903 1263
3904 1263
3905 1263
3906 1263
3907 1263
3908 1263
3909 1263
3910 1263
3911 1263
3912 1263
3913 1263
3914 1263
3915 1263
3916 1263
3917 1263
3918 1263
3919 1263
3920 1263
3921 1263
3922 1263
3923 1263
3924 1263
3925 1263
3926 1263
3927 1263
3928 1263
3929 1263
3930 1263
3931 1263
3932 1263
3933 1263
3934 1263
3935 1263
3936 1263
3937 1263
3938 1263
3939 1263
3940 1263
3941 1263
3942 1263
3943 1263
3944 1257
3945 1245
3946 1221
3947 1207
3948 1207
3949 1207
3950 1207
3951 1207
3952 1207
3953 1207
3954 1207
3955 1207
3956 1207
3957 1207
3958 1207
3959 1207
3960 1207
3961 1207
3962 1207
3963 1207
3964 1207
3965 1207
3966 1207
3967 1207
3968 1207
3969 1207
3970 1207
3971 1207
3972 1207
3973 1207
3974 1207
3975 1207
3976 1207
3977 1207
3978 1207
3979 1207
3980 1207
3981 1207
3982 1207
3983 1207
3984 1207
3985 1207
3986 1207
3987 1207
3988 1207
3989 1207
3990 1207
3991 1207
3992 1207
3993 1207
3994 1207
3995 1207
3996 1207
3997 1207
3998 1207
3999 1207
4000 1207
4001 1207
4002 1207
4003 1207
4004 1207
4005 1207
4006 1207
4007 1195
4008 1187
4009 1170
4010 1153
4011 1153
4012 1153
4013 1153
4014 1153
4015 1153
4016 1153
4017 1153
4018 1153
4019 1153
4020 1153
4021 1153
4022 1153
4023 1153
4024 1153
4025 1153
4026 1153
4027 1153
4028 1153
4029 1153
4030 1153
4031 1153
4032 1153
4033 1153
4034 1153
4035 1153
4036 1153
4037 1153
4038 1153
4039 1153
4040 1153
4041 1153
4042 1153
4043 1153
4044 1153
4045 1153
4046 1153
4047 1153
4048 1153
4049 1153
4050 1153
4051 1153
4052 1153
4053 1153
4054 1153
4055 1153
4056 1153
4057 1153
4058 1153
4059 1153
4060 1153
4061 1153
4062 1153
4063 1153
4064 1153
4065 1153
4066 1153
4067 1153
4068 1153
4069 1153
4070 1153
4071 1153
4072 1153
4073 1153
4074 1140
4075 1130
4076 1118
4077 1107
4078 1107
4079 1107
4080 1107
4081 1107
4082 1107
4083 1107
4084 1107
4085 1107
4086 1107
4087 1107
4088 1107
4089 1107
4090 1107
4091 1107
4092 1107
4093 1107
4094 1107
4095 1107
4096 1107
4097 1107
4098 1107
4099 1107
4100 1107
4101 1107
4102 1107
4103 1107
4104 1107
4105 1107
4106 1107
4107 1107
4108 1107
4109 1107
4110 1107
4111 1107
4112 1107
4113 1107
4114 1107
4115 1107
4116 1107
4117 1107
4118 1107
4119 1107
4120 1107
4121 1107
4122 1107
4123 1107
4124 1107
4125 1107
4126 1107
4127 1107
4128 1107
4129 1107
4130 1107
4131 1107
4132 1107
4133 1107
4134 1107
4135 1107
4136 1107
4137 1107
4138 1107
4139 1079
4140 1059
4141 1046
4142 1046
4143 1046
4144 1046
4145 1046
4146 1046
4147 1046
4148 1046
4149 1046
4150 1046
4151 1046
4152 1046
4153 1046
4154 1046
4155 1046
4156 1046
4157 1046
4158 1046
4159 1046
4160 1046
4161 1046
4162 1046
4163 1046
4164 1046
4165 1046
4166 1046
4167 1046
4168 1046
4169 1046
4170 1046
4171 1046
4172 1046
4173 1046
4174 1046
4175 1046
4176 1046
4177 1046
4178 1046
4179 1046
4180 1046
4181 1046
4182 1046
4183 1046
4184 1046
4185 1046
4186 1046
4187 1046
4188 1046
4189 1046
4190 1046
4191 1046
4192 1046
4193 1046
4194 1046
4195 1046
4196 1046
4197 1046
4198 1046
4199 1046
4200 1046
4201 1046
4202 1046
4203 1046
4204 1046
4205 1028
4206 1019
4207 1004
4208 999
4209 999
4210 999
4211 999
4212 999
4213 999
4214 999
4215 999
4216 999
4217 999
4218 999
4219 999
4220 999
4221 999
4222 999
4223 999
4224 999
4225 999
4226 999
4227 999
4228 999
4229 999
4230 999
4231 999
4232 999
4233 999
4234 999
4235 999
4236 999
4237 999
4238 999
4239 999
4240 999
4241 999
4242 999
4243 999
4244 999
4245 999
4246 999
4247 999
4248 999
4249 999
4250 999
4251 999
4252 999
4253 999
4254 999
4255 999
4256 999
4257 999
4258 999
4259 999
4260 999
4261 999
4262 999
4263 999
4264 999
4265 999
4266 999
4267 999
4268 985
4269 970
4270 959
4271 949
4272 949
4273 949
4274 949
4275 949
4276 949
4277 949
4278 949
4279 949
4280 949
4281 949
4282 949
4283 949
4284 949
4285 949
4286 949
4287 949
4288 949
4289 949
4290 949
4291 949
4292 949
4293 949
4294 949
4295 949
4296 949
4297 949
4298 949
4299 949
4300 949
4301 949
4302 949
4303 949
4304 949
4305 949
4306 949
4307 949
4308 949
4309 949
4310 949
4311 949
4312 949
4313 949
4314 949
4315 949
4316 949
4317 949
4318 949
4319 949
4320 949
4321 949
4322 949
4323 949
4324 949
4325 949
4326 949
4327 949
4328 949
4329 949
4330 949
4331 949
4332 949
4333 936
4334 921
4335 908
4336 908
4337 908
4338 908
4339 908
4340 908
4341 908
4342 908
4343 908
4344 908
4345 908
4346 908
4347 908
4348 908
4349 908
4350 908
4351 908
4352 908
4353 908
4354 908
4355 908
4356 908
4357 908
4358 908
4359 908
4360 908
4361 908
4362 908
4363 908
4364 908
4365 908
4366 908
4367 908
4368 908
4369 908
4370 908
4371 908
4372 908
4373 908
4374 908
4375 908
4376 908
4377 908
4378 908
4379 908
4380 908
4381 908
4382 908
4383 908
4384 908
4385 908
4386 908
4387 908
4388 908
4389 908
4390 908
4391 908
4392 908
4393 908
4394 908
4395 908
4396 908
4397 908
4398 896
4399 889
4400 871
4401 867
4402 867
4403 867
4404 867
4405 867
4406 867
4407 867
4408 867
4409 867
4410 867
4411 867
4412 867
4413 867
4414 867
4415 867
4416 867
4417 867
4418 867
4419 867
4420 867
4421 867
4422 867
4423 867
4424 867
4425 867
4426 867
4427 867
4428 867
4429 867
4430 867
4431 867
4432 867
4433 867
4434 867
4435 867
4436 867
4437 867
4438 867
4439 867
4440 867
4441 867
4442 867
4443 867
4444 867
4445 867
4446 867
4447 867
4448 867
4449 867
4450 867
4451 867
4452 867
4453 867
4454 867
4455 867
4456 867
4457 867
4458 867
4459 867
4460 867
4461 867
4462 867
4463 867
4464 867
4465 867
4466 843
4467 836
4468 823
4469 823
4470 823
4471 823
4472 823
4473 823
4474 823
4475 823
4476 823
4477 823
4478 823
4479 823
4480 823
4481 823
4482 823
4483 823
4484 823
4485 823
4486 823
4487 823
4488 823
4489 823
4490 823
4491 823
4492 823
4493 823
4494 823
4495 823
4496 823
4497 823
4498 823
4499 823
4500 823
4501 823
4502 823
4503 823
4504 823
4505 823
4506 823
4507 823
4508 823
4509 823
4510 823
4511 823
4512 823
4513 823
4514 823
4515 823
4516 823
4517 823
4518 823
4519 823
4520 823
4521 823
4522 823
4523 823
4524 823
4525 823
4526 823
4527 823
4528 823
4529 823
4530 823
4531 823
4532 816
4533 805
4534 795
4535 789
4536 789
4537 789
4538 789
4539 789
4540 789
4541 789
4542 789
4543 789
4544 789
4545 789
4546 789
4547 789
4548 789
4549 789
4550 789
4551 789
4552 789
4553 789
4554 789
4555 789
4556 789
4557 789
4558 789
4559 789
4560 789
4561 789
4562 789
4563 789
4564 789
4565 789
4566 789
4567 789
4568 789
4569 789
4570 789
4571 789
4572 789
4573 789
4574 789
4575 789
4576 789
4577 789
4578 789
4579 789
4580 789
4581 789
4582 789
4583 789
4584 789
4585 789
4586 789
4587 789
4588 789
4589 789
4590 789
4591 789
4592 789
4593 789
4594 789
4595 789
4596 789
4597 789
4598 789
4599 789
4600 789
4601 773
4602 751
4603 744
4604 742
4605 742
4606 742
4607 742
4608 742
4609 742
4610 742
4611 742
4612 742
4613 742
4614 742
4615 742
4616 742
4617 742
4618 742
4619 742
4620 742
4621 742
4622 742
4623 742
4624 742
4625 742
4626 742
4627 742
4628 742
4629 742
4630 742
4631 742
4632 742
4633 742
4634 742
4635 742
4636 742
4637 742
4638 742
4639 742
4640 742
4641 742
4642 742
4643 742
4644 742
4645 742
4646 742
4647 742
4648 742
4649 742
4650 742
4651 742
4652 742
4653 742
4654 742
4655 742
4656 742
4657 742
4658 742
4659 742
4660 742
4661 742
4662 742
4663 742
4664 742
4665 742
4666 742
4667 742
4668 742
4669 742
4670 728
4671 712
4672 700
4673 700
4674 700
4675 700
4676 700
4677 700
4678 700
4679 700
4680 700
4681 700
4682 700
4683 700
4684 700
4685 700
4686 700
4687 700
4688 700
4689 700
4690 700
4691 700
4692 700
4693 700
4694 700
4695 700
4696 700
4697 700
4698 700
4699 700
4700 700
4701 700
4702 700
4703 700
4704 700
4705 700
4706 700
4707 700
4708 700
4709 700
4710 700
4711 700
4712 700
4713 700
4714 700
4715 700
4716 700
4717 700
4718 700
4719 700
4720 700
4721 700
4722 700
4723 700
4724 700
4725 700
4726 700
4727 700
4728 700
4729 700
4730 700
4731 700
4732 700
4733 700
4734 700
4735 700
4736 694
4737 674
4738 665
4739 658
4740 658
4741 658
4742 658
4743 658
4744 658
4745 658
4746 658
4747 658
4748 658
4749 658
4750 658
4751 658
4752 658
4753 658
4754 658
4755 658
4756 658
4757 658
4758 658
4759 658
4760 658
4761 658
4762 658
4763 658
4764 658
4765 658
4766 658
4767 658
4768 658
4769 658
4770 658
4771 658
4772 658
4773 658
4774 658
4775 658
4776 658
4777 658
4778 658
4779 658
4780 658
4781 658
4782 658
4783 658
4784 658
4785 658
4786 658
4787 658
4788 658
4789 658
4790 658
4791 658
4792 658
4793 658
4794 658
4795 658
4796 658
4797 658
4798 658
4799 658
4800 658
4801 658
4802 658
4803 653
4804 640
4805 636
4806 632
4807 632
4808 632
4809 632
4810 632
4811 632
4812 632
4813 632
4814 632
4815 632
4816 632
4817 632
4818 632
4819 632
4820 632
4821 632
4822 632
4823 632
4824 632
4825 632
4826 632
4827 632
4828 632
4829 632
4830 632
4831 632
4832 632
4833 632
4834 632
4835 632
4836 632
4837 632
4838 632
4839 632
4840 632
4841 632
4842 632
4843 632
4844 632
4845 632
4846 632
4847 632
4848 632
4849 632
4850 632
4851 632
4852 632
4853 632
4854 632
4855 632
4856 632
4857 632
4858 632
4859 632
4860 632
4861 632
4862 632
4863 632
4864 632
4865 632
4866 632
4867 632
4868 632
4869 615
4870 608
4871 601
4872 601
4873 601
4874 601
4875 601
4876 601
4877 601
4878 601
4879 601
4880 601
4881 601
4882 601
4883 601
4884 601
4885 601
4886 601
4887 601
4888 601
4889 601
4890 601
4891 601
4892 601
4893 601
4894 601
4895 601
4896 601
4897 601
4898 601
4899 601
4900 601
4901 601
4902 601
4903 601
4904 601
4905 601
4906 601
4907 601
4908 601
4909 601
4910 601
4911 601
4912 601
4913 601
4914 601
4915 601
4916 601
4917 601
4918 601
4919 601
4920 601
4921 601
4922 601
4923 601
4924 601
4925 601
4926 601
4927 601
4928 601
4929 601
4930 601
4931 601
4932 601
4933 601
4934 601
4935 601
4936 598
4937 584
4938 578
4939 568
4940 568
4941 568
4942 568
4943 568
4944 568
4945 568
4946 568
4947 568
4948 568
4949 568
4950 568
4951 568
4952 568
4953 568
4954 568
4955 568
4956 568
4957 568
4958 568
4959 568
4960 568
4961 568
4962 568
4963 568
4964 568
4965 568
4966 568
4967 568
4968 568
4969 568
4970 568
4971 568
4972 568
4973 568
4974 568
4975 568
4976 568
4977 568
4978 568
4979 568
4980 568
4981 568
4982 568
4983 568
4984 568
4985 568
4986 568
4987 568
4988 568
4989 568
4990 568
4991 568
4992 568
4993 568
4994 568
4995 568
4996 568
4997 568
4998 568
4999 568
5000 568
5001 568
5002 568
5003 568
5004 568
5005 562
5006 547
5007 538
5008 529
5009 529
5010 529
5011 529
5012 529
5013 529
5014 529
5015 529
5016 529
5017 529
5018 529
5019 529
5020 529
5021 529
5022 529
5023 529
5024 529
5025 529
5026 529
5027 529
5028 529
5029 529
5030 529
5031 529
5032 529
5033 529
5034 529
5035 529
5036 529
5037 529
5038 529
5039 529
5040 529
5041 529
5042 529
5043 529
5044 529
5045 529
5046 529
5047 529
5048 529
5049 529
5050 529
5051 529
5052 529
5053 529
5054 529
5055 529
5056 529
5057 529
5058 529
5059 529
5060 529
5061 529
5062 529
5063 529
5064 529
5065 529
5066 529
5067 529
5068 529
5069 529
5070 529
5071 529
5072 529
5073 529
5074 522
5075 512
5076 505
5077 500
5078 500
5079 500
5080 500
5081 500
5082 500
5083 500
5084 500
5085 500
5086 500
5087 500
5088 500
5089 500
5090 500
5091 500
5092 500
5093 500
5094 500
5095 500
5096 500
5097 500
5098 500
5099 500
5100 500
5101 500
5102 500
5103 500
5104 500
5105 500
5106 500
5107 500
5108 500
5109 500
5110 500
5111 500
5112 500
5113 500
5114 500
5115 500
5116 500
5117 500
5118 500
5119 500
5120 500
5121 500
5122 500
5123 500
5124 500
5125 500
5126 500
5127 500
5128 500
5129 500
5130 500
5131 500
5132 500
5133 500
5134 500
5135 500
5136 500
5137 500
5138 500
5139 498
5140 488
5141 484
5142 475
5143 474
5144 474
5145 474
5146 474
5147 474
5148 474
5149 474
5150 474
5151 474
5152 474
5153 474
5154 474
5155 474
5156 474
5157 474
5158 474
5159 474
5160 474
5161 474
5162 474
5163 474
5164 474
5165 474
5166 474
5167 474
5168 474
5169 474
5170 474
5171 474
5172 474
5173 474
5174 474
5175 474
5176 474
5177 474
5178 474
5179 474
5180 474
5181 474
5182 474
5183 474
5184 474
5185 474
5186 474
5187 474
5188 474
5189 474
5190 474
5191 474
5192 474
5193 474
5194 474
5195 474
5196 474
5197 474
5198 474
5199 474
5200 474
5201 474
5202 474
5203 474
5204 474
5205 474
5206 472
5207 465
5208 452
5209 446
5210 446
5211 446
5212 446
5213 446
5214 446
5215 446
5216 446
5217 446
5218 446
5219 446
5220 446
5221 446
5222 446
5223 446
5224 446
5225 446
5226 446
5227 446
5228 446
5229 446
5230 446
5231 446
5232 446
5233 446
5234 446
5235 446
5236 446
5237 446
5238 446
5239 446
5240 446
5241 446
5242 446
5243 446
5244 446
5245 446
5246 446
5247 446
5248 446
5249 446
5250 446
5251 446
5252 446
5253 446
5254 446
5255 446
5256 446
5257 446
5258 446
5259 446
5260 446
5261 446
5262 446
5263 446
5264 446
5265 446
5266 446
5267 446
5268 446
5269 446
5270 446
5271 446
5272 446
5273 446
5274 446
5275 444
5276 433
5277 421
5278 416
5279 416
5280 416
5281 416
5282 416
5283 416
5284 416
5285 416
5286 416
5287 416
5288 416
5289 416
5290 416
5291 416
5292 416
5293 416
5294 416
5295 416
5296 416
5297 416
5298 416
5299 416
5300 416
5301 416
5302 416
5303 416
5304 416
5305 416
5306 416
5307 416
5308 416
5309 416
5310 416
5311 416
5312 416
5313 416
5314 416
5315 416
5316 416
5317 416
5318 416
5319 416
5320 416
5321 416
5322 416
5323 416
5324 416
5325 416
5326 416
5327 416
5328 416
5329 416
5330 416
5331 416
5332 416
5333 416
5334 416
5335 416
5336 416
5337 416
5338 416
5339 416
5340 416
5341 416
5342 414
5343 405
5344 398
5345 396
5346 396
5347 396
5348 396
5349 396
5350 396
5351 396
5352 396
5353 396
5354 396
5355 396
5356 396
5357 396
5358 396
5359 396
5360 396
5361 396
5362 396
5363 396
5364 396
5365 396
5366 396
5367 396
5368 396
5369 396
5370 396
5371 396
5372 396
5373 396
5374 396
5375 396
5376 396
5377 396
5378 396
5379 396
5380 396
5381 396
5382 396
5383 396
5384 396
5385 396
5386 396
5387 396
5388 396
5389 396
5390 396
5391 396
5392 396
5393 396
5394 396
5395 396
5396 396
5397 396
5398 396
5399 396
5400 396
5401 396
5402 396
5403 396
5404 396
5405 396
5406 396
5407 396
5408 396
5409 396
5410 396
5411 396
5412 396
5413 391
5414 385
5415 373
5416 368
5417 368
5418 368
5419 368
5420 368
5421 368
5422 368
5423 368
5424 368
5425 368
5426 368
5427 368
5428 368
5429 368
5430 368
5431 368
5432 368
5433 368
5434 368
5435 368
5436 368
5437 368
5438 368
5439 368
5440 368
5441 368
5442 368
5443 368
5444 368
5445 368
5446 368
5447 368
5448 368
5449 368
5450 368
5451 368
5452 368
5453 368
5454 368
5455 368
5456 368
5457 368
5458 368
5459 368
5460 368
5461 368
5462 368
5463 368
5464 368
5465 368
5466 368
5467 368
5468 368
5469 368
5470 368
5471 368
5472 368
5473 368
5474 368
5475 368
5476 368
5477 368
5478 368
5479 368
5480 368
5481 368
5482 368
5483 368
5484 368
5485 363
5486 359
5487 353
5488 350
5489 347
5490 347
5491 347
5492 347
5493 347
5494 347
5495 347
5496 347
5497 347
5498 347
5499 347
5500 347
5501 347
5502 347
5503 347
5504 347
5505 347
5506 347
5507 347
5508 347
5509 347
5510 347
5511 347
5512 347
5513 347
5514 347
5515 347
5516 347
5517 347
5518 347
5519 347
5520 347
5521 347
5522 347
5523 347
5524 347
5525 347
5526 347
5527 347
5528 347
5529 347
5530 347
5531 347
5532 347
5533 347
5534 347
5535 347
5536 347
5537 347
5538 347
5539 347
5540 347
5541 347
5542 347
5543 347
5544 347
5545 347
5546 347
5547 347
5548 347
5549 347
5550 347
5551 347
5552 347
5553 347
5554 347
5555 347
5556 344
5557 336
5558 334
5559 330
5560 330
5561 330
5562 330
5563 330
5564 330
5565 330
5566 330
5567 330
5568 330
5569 330
5570 330
5571 330
5572 330
5573 330
5574 330
5575 330
5576 330
5577 330
5578 330
5579 330
5580 330
5581 330
5582 330
5583 330
5584 330
5585 330
5586 330
5587 330
5588 330
5589 330
5590 330
5591 330
5592 330
5593 330
5594 330
5595 330
5596 330
5597 330
5598 330
5599 330
5600 330
5601 330
5602 330
5603 330
5604 330
5605 330
5606 330
5607 330
5608 330
5609 330
5610 330
5611 330
5612 330
5613 330
5614 330
5615 330
5616 330
5617 330
5618 330
5619 330
5620 330
5621 330
5622 330
5623 330
5624 330
5625 330
5626 330
5627 330
5628 330
5629 328
5630 320
5631 314
5632 311
5633 311
5634 311
5635 311
5636 311
5637 311
5638 311
5639 311
5640 311
5641 311
5642 311
5643 311
5644 311
5645 311
5646 311
5647 311
5648 311
5649 311
5650 311
5651 311
5652 311
5653 311
5654 311
5655 311
5656 311
5657 311
5658 311
5659 311
5660 311
5661 311
5662 311
5663 311
5664 311
5665 311
5666 311
5667 311
5668 311
5669 311
5670 311
5671 311
5672 311
5673 311
5674 311
5675 311
5676 311
5677 311
5678 311
5679 311
5680 311
5681 311
5682 311
5683 311
5684 311
5685 311
5686 311
5687 311
5688 311
5689 311
5690 311
5691 311
5692 311
5693 311
5694 311
5695 311
5696 311
5697 311
5698 311
5699 311
5700 303
5701 295
5702 286
5703 285
5704 285
5705 285
5706 285
5707 285
5708 285
5709 285
5710 285
5711 285
5712 285
5713 285
5714 285
5715 285
5716 285
5717 285
5718 285
5719 285
5720 285
5721 285
5722 285
5723 285
5724 285
5725 285
5726 285
5727 285
5728 285
5729 285
5730 285
5731 285
5732 285
5733 285
5734 285
5735 285
5736 285
5737 285
5738 285
5739 285
5740 285
5741 285
5742 285
5743 285
5744 285
5745 285
5746 285
5747 285
5748 285
5749 285
5750 285
5751 285
5752 285
5753 285
5754 285
5755 285
5756 285
5757 285
5758 285
5759 285
5760 285
5761 285
5762 285
5763 285
5764 285
5765 285
5766 285
5767 285
5768 285
5769 285
5770 279
5771 273
5772 271
5773 271
5774 271
5775 271
5776 271
5777 271
5778 271
5779 271
5780 271
5781 271
5782 271
5783 271
5784 271
5785 271
5786 271
5787 271
5788 271
5789 271
5790 271
5791 271
5792 271
5793 271
5794 271
5795 271
5796 271
5797 271
5798 271
5799 271
5800 271
5801 271
5802 271
5803 271
5804 271
5805 271
5806 271
5807 271
5808 271
5809 271
5810 271
5811 271
5812 271
5813 271
5814 271
5815 271
5816 271
5817 271
5818 271
5819 271
5820 271
5821 271
5822 271
5823 271
5824 271
5825 271
5826 271
5827 271
5828 271
5829 271
5830 271
5831 271
5832 271
5833 271
5834 271
5835 271
5836 271
5837 271
5838 271
5839 267
5840 264
5841 259
5842 259
5843 259
5844 259
5845 259
5846 259
5847 259
5848 259
5849 259
5850 259
5851 259
5852 259
5853 259
5854 259
5855 259
5856 259
5857 259
5858 259
5859 259
5860 259
5861 259
5862 259
5863 259
5864 259
5865 259
5866 259
5867 259
5868 259
5869 259
5870 259
5871 259
5872 259
5873 259
5874 259
5875 259
5876 259
5877 259
5878 259
5879 259
5880 259
5881 259
5882 259
5883 259
5884 259
5885 259
5886 259
5887 259
5888 259
5889 259
5890 259
5891 259
5892 259
5893 259
5894 259
5895 259
5896 259
5897 259
5898 259
5899 259
5900 259
5901 259
5902 259
5903 259
5904 259
5905 259
5906 259
5907 253
5908 250
5909 246
5910 246
5911 246
5912 246
5913 246
5914 246
5915 246
5916 246
5917 246
5918 246
5919 246
5920 246
5921 246
5922 246
5923 246
5924 246
5925 246
5926 246
5927 246
5928 246
5929 246
5930 246
5931 246
5932 246
5933 246
5934 246
5935 246
5936 246
5937 246
5938 246
5939 246
5940 246
5941 246
5942 246
5943 246
5944 246
5945 246
5946 246
5947 246
5948 246
5949 246
5950 246
5951 246
5952 246
5953 246
5954 246
5955 246
5956 246
5957 246
5958 246
5959 246
5960 246
5961 246
5962 246
5963 246
5964 246
5965 246
5966 246
5967 246
5968 246
5969 246
5970 242
5971 239
5972 236
5973 236
5974 236
5975 236
5976 236
5977 236
5978 236
5979 236
5980 236
5981 236
5982 236
5983 236
5984 236
5985 236
5986 236
5987 236
5988 236
5989 236
5990 236
5991 236
5992 236
5993 236
5994 236
5995 236
5996 236
5997 236
5998 236
5999 236
6000 236
6001 236
6002 236
6003 236
6004 236
6005 236
6006 236
6007 236
6008 236
6009 236
6010 236
6011 236
6012 236
6013 236
6014 236
6015 236
6016 236
6017 236
6018 236
6019 236
6020 236
6021 236
6022 236
6023 236
6024 236
6025 236
6026 236
6027 236
6028 236
6029 236
6030 236
6031 236
6032 236
6033 236
6034 230
6035 224
6036 222
6037 220
6038 220
6039 220
6040 220
6041 220
6042 220
6043 220
6044 220
6045 220
6046 220
6047 220
6048 220
6049 220
6050 220
6051 220
6052 220
6053 220
6054 220
6055 244
6056 338
6057 458
6058 526
6059 526
6060 526
6061 526
6062 526
6063 574
6064 741
6065 833
6066 832
6067 898
6068 1088
6069 1283
6070 1401
6071 1520
6072 1701
6073 1915
6074 1987
6075 2059
6076 2129
6077 2147
6078 2147
6079 2318
6080 2528
6081 2671
6082 2814
6083 2932
6084 3078
6085 3316
6086 3484
6087 3915
6088 4152
6089 4152
6090 4152
6091 4152
6092 4152
6093 4223
6094 4367
6095 4461
6096 4605
6097 4749
6098 4891
6099 4891
6100 4962
6101 4962
6102 4960
6103 4960
6104 5316
6105 5483
6106 5842
6107 6305
6108 6424
6109 7190
6110 7472
6111 7472
6112 7457
6113 7673
6114 7696
6115 8080
6116 8437
6117 8869
6118 8869
6119 9132
6120 9132
6121 9466
6122 10182
6123 10472
6124 10972
6125 11571
6126 12216
6127 12407
6128 13436
6129 13865
6130 14126
6131 14914
6132 15368
6133 15479
6134 15658
6135 16030
6136 16514
6137 16898
6138 17233
6139 17426
6140 17544
6141 17544
6142 18310
6143 18333
6144 19014
6145 19132
6146 19753
6147 19800
6148 20085
6149 20541
6150 20808
6151 21119
6152 21645
6153 21786
6154 21781
6155 21809
6156 21929
6157 21929
6158 22789
6159 23171
6160 23433
6161 23528
6162 23528
6163 24245
6164 25082
6165 25007
6166 25356
6167 25498
6168 25884
6169 25955
6170 25978
6171 26050
6172 26050
6173 26455
6174 26790
6175 27240
6176 27161
6177 27229
6178 27447
6179 27710
6180 28022
6181 28022
6182 28501
6183 28501
6184 28548
6185 29340
6186 29233
6187 29799
6188 30042
6189 30371
6190 30419
6191 30419
6192 30419
6193 30419
6194 30419
6195 30419
6196 30409
6197 30340
6198 30340
6199 30340
6200 30340
6201 30340
6202 30340
6203 30340
6204 30340
6205 30340
6206 30340
6207 30261
6208 30261
6209 30261
6210 30261
6211 30261
6212 30261
6213 30261
6214 30261
6215 30261
6216 30261
6217 30250
6218 30187
6219 30187
6220 30187
6221 30187
6222 30187
6223 30187
6224 30187
6225 30187
6226 30187
6227 30187
6228 30111
6229 30111
6230 30111
6231 30111
6232 30111
6233 30111
6234 30111
6235 30111
6236 30111
6237 30111
6238 30101
6239 30041
6240 30041
6241 30041
6242 30041
6243 30041
6244 30041
6245 30041
6246 30041
6247 30041
6248 30041
6249 29964
6250 29964
6251 29964
6252 29964
6253 29964
6254 29964
6255 29964
6256 29964
6257 29964
6258 29964
6259 29958
6260 29883
6261 29883
6262 29883
6263 29883
6264 29883
6265 29883
6266 29883
6267 29883
6268 29883
6269 29883
6270 29810
6271 29810
6272 29810
6273 29810
6274 29810
6275 29810
6276 29810
6277 29810
6278 29810
6279 29810
6280 29803
6281 29744
6282 29744
6283 29744
6284 29744
6285 29744
6286 29744
6287 29744
6288 29744
6289 29744
6290 29744
6291 29695
6292 29695
6293 29695
6294 29695
6295 29695
6296 29695
6297 29695
6298 29695
6299 29695
6300 29695
6301 29689
6302 29635
6303 29635
6304 29635
6305 29635
6306 29635
6307 29635
6308 29635
6309 29635
6310 29635
6311 29635
6312 29571
6313 29571
6314 29571
6315 29571
6316 29571
6317 29571
6318 29571
6319 29571
6320 29571
6321 29571
6322 29571
6323 29515
6324 29515
6325 29515
6326 29515
6327 29515
6328 29515
6329 29515
6330 29515
6331 29515
6332 29515
6333 29494
6334 29452
6335 29452
6336 29452
6337 29452
6338 29452
6339 29452
6340 29452
6341 29452
6342 29452
6343 29452
6344 29397
6345 29395
6346 29395
6347 29395
6348 29395
6349 29395
6350 29395
6351 29395
6352 29395
6353 29395
6354 29395
6355 29341
6356 29341
6357 29341
6358 29341
6359 29341
6360 29341
6361 29341
6362 29341
6363 29341
6364 29341
6365 29309
6366 29305
6367 29305
6368 29305
6369 29305
6370 29305
6371 29305
6372 29305
6373 29305
6374 29305
6375 29305
6376 29290
6377 29253
6378 29253
6379 29253
6380 29253
6381 29253
6382 29253
6383 29253
6384 29253
6385 29253
6386 29253
6387 29194
6388 29194
6389 29194
6390 29194
6391 29194
6392 29194
6393 29194
6394 29194
6395 29194
6396 29194
6397 29194
6398 29151
6399 29151
6400 29151
6401 29151
6402 29151
6403 29151
6404 29151
6405 29151
6406 29151
6407 29151
6408 29151
6409 29145
6410 29096
6411 29096
6412 29096
6413 29096
6414 29096
6415 29096
6416 29096
6417 29096
6418 29096
6419 29096
6420 29067
6421 29061
6422 29061
6423 29061
6424 29061
6425 29061
6426 29061
6427 29061
6428 29061
6429 29061
6430 29061
6431 29061
6432 29061
6433 29029
6434 29018
6435 29018
6436 29018
6437 29018
6438 29018
6439 29018
6440 29018
6441 29018
6442 29018
6443 29018
6444 29018
6445 28967
6446 28967
6447 28967
6448 28967
6449 28967
6450 28967
6451 28967
6452 28967
6453 28967
6454 28967
6455 28967
6456 28930
6457 28930
6458 28930
6459 28930
6460 28930
6461 28930
6462 28930
6463 28930
6464 28930
6465 28930
6466 28930
6467 28901
6468 28901
6469 28901
6470 28901
6471 28901
6472 28901
6473 28901
6474 28901
6475 28901
6476 28901
6477 28901
6478 28901
6479 28861
6480 28861
6481 28861
6482 28861
6483 28861
6484 28861
6485 28861
6486 28861
6487 28861
6488 28861
6489 28861
6490 28861
6491 28818
6492 28818
6493 28818
6494 28818
6495 28818
6496 28818
6497 28818
6498 28818
6499 28818
6500 28818
6501 28818
6502 28818
6503 28818
6504 28818
6505 28795
6506 28782
6507 28782
6508 28782
6509 28782
6510 28782
6511 28782
6512 28782
6513 28782
6514 28782
6515 28782
6516 28782
6517 28782
6518 28782
6519 28782
6520 28782
6521 28751
6522 28748
6523 28748
6524 28748
6525 28748
6526 28748
6527 28748
6528 28748
6529 28748
6530 28748
6531 28748
6532 28748
6533 28748
6534 28748
6535 28748
6536 28732
6537 28711
6538 28711
6539 28711
6540 28711
6541 28711
6542 28711
6543 28711
6544 28711
6545 28711
6546 28711
6547 28711
6548 28711
6549 28682
6550 28678
6551 28678
6552 28678
6553 28678
6554 28678
6555 28678
6556 28678
6557 28678
6558 28678
6559 28678
6560 28678
6561 28678
6562 28678
6563 28678
6564 28678
6565 28678
6566 28670
6567 28649
6568 28649
6569 28649
6570 28649
6571 28649
6572 28649
6573 28649
6574 28649
6575 28649
6576 28649
6577 28649
6578 28649
6579 28649
6580 28649
6581 28649
6582 28649
6583 28649
6584 28649
6585 28649
6586 28629
6587 28626
6588 28626
6589 28626
6590 28626
6591 28626
6592 28626
6593 28626
6594 28626
6595 28626
6596 28626
6597 28626
6598 28626
6599 28626
6600 28626
6601 28613
6602 28606
6603 28606
6604 28606
6605 28606
6606 28606
6607 28606
6608 28606
6609 28606
6610 28606
6611 28606
6612 28606
6613 28606
6614 28606
6615 28606
6616 28587
6617 28587
6618 28587
6619 28587
6620 28587
6621 28587
6622 28587
6623 28587
6624 28587
6625 28586
6626 28586
6627 28576
6628 28560
6629 28559
6630 28556
6631 28554
6632 28552
6633 28551
6634 28548
6635 28548
6636 28546
6637 28546
6638 28519
6639 28519
6640 28516
6641 28513
6642 28509
6643 28506
6644 28499
6645 28497
6646 28489
6647 28484
6648 28471
6649 28433
6650 28427
6651 28418
6652 28415
6653 28410
6654 28405
6655 28398
6656 28392
6657 28385
6658 28378
6659 28314
6660 28307
6661 28300
6662 28292
6663 28286
6664 28277
6665 28265
6666 28256
6667 28247
6668 28244
6669 28215
6670 28132
6671 28125
6672 28119
6673 28110
6674 28099
6675 28091
6676 28084
6677 28076
6678 28068
6679 28064
6680 27935
6681 27926
6682 27907
6683 27893
6684 27881
6685 27871
6686 27855
6687 27844
6688 27822
6689 27813
6690 27775
6691 27681
6692 27664
6693 27643
6694 27622
6695 27608
6696 27592
6697 27580
6698 27565
6699 27554
6700 27544
6701 27395
6702 27378
6703 27358
6704 27346
6705 27327
6706 27312
6707 27299
6708 27292
6709 27272
6710 27256
6711 27212
6712 27079
6713 27066
6714 27048
6715 27032
6716 27022
6717 27002
6718 26986
6719 26967
6720 26942
6721 26918
6722 26754
6723 26738
6724 26723
6725 26700
6726 26680
6727 26655
6728 26633
6729 26613
6730 26597
6731 26578
6732 26515
6733 26383
6734 26368
6735 26352
6736 26334
6737 26320
6738 26298
6739 26285
6740 26268
6741 26241
6742 26225
6743 26057
6744 26041
6745 26019
6746 26004
6747 25992
6748 25976
6749 25962
6750 25950
6751 25934
6752 25920
6753 25871
6754 25737
6755 25722
6756 25711
6757 25694
6758 25686
6759 25673
6760 25657
