1 10
2 2592
3 2592
4 2592
5 2592
6 2592
7 2592
8 2592
9 2592
10 2592
11 2592
12 2592
13 2592
14 2592
15 2592
16 2592
17 2592
18 2592
19 2592
20 2592
21 2592
22 2592
23 2592
24 2592
25 2592
26 2592
27 2592
28 2592
29 2592
30 2592
31 2592
32 2592
33 2592
34 2592
35 2592
36 2592
37 2592
38 2592
39 2592
40 2592
41 2592
42 2592
43 2592
44 2592
45 2592
46 2592
47 2592
48 2592
49 2592
50 2592
51 2592
52 2592
53 2592
54 2592
55 2592
56 2592
57 2592
58 2592
59 2592
60 2592
61 2592
62 2592
63 2592
64 2592
65 2592
66 2592
67 2592
68 2592
69 2592
70 2592
71 2592
72 2592
73 2592
74 2592
75 2592
76 2592
77 2592
78 2592
79 2592
80 2592
81 2592
82 2592
83 2592
84 2592
85 2592
86 2592
87 2592
88 2592
89 2592
90 2592
91 2592
92 2592
93 2592
94 2592
95 2592
96 2592
97 2592
98 2592
99 2592
100 2592
101 2592
102 2592
103 2592
104 2592
105 2592
106 2592
107 2592
108 2592
109 2592
110 2592
111 2592
112 2592
113 2592
114 2592
115 2592
116 2592
117 2592
118 2592
119 2592
120 2592
121 2592
122 2592
123 2592
124 2592
125 2592
126 2592
127 2592
128 2592
129 2592
130 2592
131 2592
132 2592
133 2592
134 2592
135 2592
136 2592
137 2592
138 2592
139 2592
140 2592
141 2592
142 2592
143 2592
144 2592
145 2592
146 2592
147 2592
148 2592
149 2592
150 2592
151 2592
152 2592
153 2592
154 2592
155 2592
156 2592
157 2592
158 2592
159 2592
160 2592
161 2592
162 2592
163 2592
164 2592
165 2592
166 2592
167 2592
168 2592
169 2592
170 2592
171 2592
172 2592
173 2592
174 2592
175 2592
176 2592
177 2592
178 2592
179 2592
180 2592
181 2592
182 2592
183 2592
184 2592
185 2592
186 2592
187 2592
188 2592
189 2592
190 2592
191 2592
192 2592
193 2592
194 2592
195 2592
196 2592
197 2592
198 2592
199 2592
200 2592
201 2592
202 2592
203 2592
204 2592
205 2592
206 2592
207 2592
208 2592
209 2592
210 2592
211 2592
212 2592
213 2592
214 2592
215 2592
216 2592
217 2592
218 2592
219 2592
220 2592
221 2592
222 2592
223 2592
224 2592
225 2592
226 2592
227 2592
228 2592
229 2592
230 2592
231 2592
232 2592
233 2592
234 2592
235 2592
236 2592
237 2592
238 2592
239 2592
240 2592
241 2592
242 2592
243 2592
244 2592
245 2592
246 2592
247 2592
248 2592
249 2592
250 2592
251 2592
252 2592
253 2592
254 2592
255 2592
256 2592
257 2592
258 2592
259 2592
260 2592
261 2592
262 2592
263 2592
264 2592
265 2592
266 2592
267 2592
268 2592
269 2592
270 2592
271 2592
272 2592
273 2592
274 2592
275 2592
276 2592
277 2592
278 2592
279 2592
280 2592
281 2592
282 2592
283 2592
284 2592
285 2592
286 2592
287 2592
288 2592
289 2592
290 2592
291 2592
292 2592
293 2592
294 2592
295 2592
296 2592
297 2592
298 2592
299 2592
300 2592
301 2592
302 2592
303 2592
304 2592
305 2592
306 2592
307 2592
308 2592
309 2592
310 2592
311 2592
312 2592
313 2592
314 2592
315 2592
316 2592
317 2592
318 2592
319 2592
320 2592
321 2592
322 2592
323 2592
324 2592
325 2592
326 2592
327 2592
328 2592
329 2592
330 2592
331 2592
332 2592
333 2592
334 2592
335 2592
336 2592
337 2592
338 2592
339 2592
340 2592
341 2592
342 2592
343 2592
344 2592
345 2592
346 2592
347 2592
348 2592
349 2592
350 2592
351 2592
352 2592
353 2592
354 2592
355 2592
356 2592
357 2592
358 2592
359 2592
360 2592
361 2592
362 2592
363 2592
364 2592
365 2592
366 2592
367 2592
368 2592
369 2592
370 2592
371 2592
372 2592
373 2592
374 2592
375 2592
376 2592
377 2592
378 2592
379 2592
380 2592
381 2592
382 2592
383 2592
384 2592
385 2592
386 2592
387 2592
388 2592
389 2592
390 2592
391 2592
392 2592
393 2592
394 2592
395 2592
396 2592
397 2592
398 2592
399 2592
400 2592
401 2592
402 2592
403 2592
404 2592
405 2592
406 2592
407 2592
408 2592
409 2592
410 2592
411 2592
412 2592
413 2592
414 2592
415 2592
416 2592
417 2592
418 2592
419 2592
420 2592
421 2592
422 2592
423 2592
424 2592
425 2592
426 2592
427 2592
428 2592
429 2592
430 2592
431 2592
432 2592
433 2592
434 2592
435 2592
436 2592
437 2592
438 2592
439 2592
440 2592
441 2592
442 2592
443 2592
444 2592
445 2592
446 2592
447 2592
448 2592
449 2592
450 2592
451 2592
452 2592
453 2592
454 2592
455 2592
456 2592
457 2592
458 2592
459 2592
460 2592
461 2592
462 2592
463 2592
464 2592
465 2592
466 2592
467 2592
468 2592
469 2592
470 2592
471 2592
472 2592
473 2592
474 2592
475 2592
476 2592
477 2592
478 2592
479 2592
480 2592
481 2592
482 2592
483 2592
484 2592
485 2592
486 2592
487 2592
488 2592
489 2592
490 2592
491 2592
492 2592
493 2592
494 2592
495 2592
496 2592
497 2592
498 2592
499 2592
500 2592
501 2592
502 2592
503 2592
504 2592
505 2592
506 2592
507 2592
508 2592
509 2592
510 2592
511 2592
512 2592
513 2592
514 2592
515 2592
516 2592
517 2592
518 2592
519 2592
520 2592
521 2592
522 2592
523 2592
524 2592
525 2592
526 2592
527 2592
528 2592
529 2592
530 2592
531 2592
532 2592
533 2592
534 2592
535 2592
536 2592
537 2592
538 2592
539 2592
540 2592
541 2592
542 2592
543 2592
544 2592
545 2592
546 2592
547 2592
548 2592
549 2592
550 2592
551 2592
552 2592
553 2592
554 2592
555 2592
556 2592
557 2592
558 2592
559 2592
560 2592
561 2592
562 2592
563 2592
564 2592
565 2592
566 2592
567 2592
568 2592
569 2592
570 2592
571 2592
572 2592
573 2592
574 2592
575 2592
576 2592
577 2592
578 2592
579 2592
580 2592
581 2592
582 2592
583 2592
584 2592
585 2592
586 2592
587 2592
588 2592
589 2592
590 2592
591 2592
592 2592
593 2592
594 2592
595 2592
596 2592
597 2592
598 2592
599 2592
600 2592
601 2592
602 2592
603 2592
604 2592
605 2592
606 2592
607 2592
608 2592
609 2592
610 2592
611 2592
612 2592
613 2592
614 2592
615 2592
616 2592
617 2592
618 2592
619 2592
620 2592
621 2592
622 2592
623 2592
624 2592
625 2592
626 2592
627 2592
628 2592
629 2592
630 2592
631 2592
632 2592
633 2592
634 2592
635 2592
636 2592
637 2592
638 2592
639 2592
640 2592
641 2592
642 2592
643 2592
644 2592
645 2592
646 2592
647 2592
648 2592
649 2592
650 2592
651 2592
652 2592
653 2592
654 2592
655 2592
656 2592
657 2592
658 2592
659 2592
660 2592
661 2592
662 2592
663 2592
664 2592
665 2592
666 2592
667 2592
668 2592
669 2592
670 2592
671 2592
672 2592
673 2592
674 2592
675 2592
676 2592
677 2592
678 2592
679 2592
680 2592
681 2592
682 2592
683 2592
684 2592
685 2592
686 2592
687 2592
688 2592
689 2592
690 2592
691 2592
692 2592
693 2592
694 2592
695 2592
696 2592
697 2592
698 2592
699 2592
700 2592
701 2592
702 2592
703 2592
704 2592
705 2592
706 2592
707 2592
708 2592
709 2592
710 2592
711 2592
712 2592
713 2592
714 2592
715 2592
716 2592
717 2592
718 2592
719 2592
720 2592
721 2592
722 2592
723 2592
724 2592
725 2592
726 2592
727 2592
728 2592
729 2592
730 2592
731 2592
732 2592
733 2592
734 2592
735 2592
736 2592
737 2592
738 2592
739 2592
740 2592
741 2592
742 2592
743 2592
744 2592
745 2592
746 2592
747 2592
748 2592
749 2592
750 2592
751 2592
752 2592
753 2592
754 2592
755 2592
756 2592
757 2592
758 2592
759 2592
760 2592
761 2592
762 2592
763 2592
764 2592
765 2592
766 2592
767 2592
768 2592
769 2592
770 2592
771 2592
772 2592
773 2592
774 2592
775 2592
776 2592
777 2592
778 2592
779 2592
780 2592
781 2592
782 2592
783 2592
784 2592
785 2592
786 2592
787 2592
788 2592
789 2592
790 2592
791 2592
792 2592
793 2592
794 2592
795 2592
796 2592
797 2592
798 2592
799 2592
800 2592
801 2592
802 2592
803 2592
804 2592
805 2592
806 2592
807 2592
808 2592
809 2592
810 2592
811 2592
812 2592
813 2592
814 2592
815 2592
816 2592
817 2592
818 2592
819 2592
820 2592
821 2592
822 2592
823 2592
824 2592
825 2592
826 2592
827 2592
828 2592
829 2592
830 2592
831 2592
832 2592
833 2592
834 2592
835 2592
836 2592
837 2592
838 2592
839 2592
840 2592
841 2592
842 2592
843 2592
844 2592
845 2592
846 2592
847 2592
848 2592
849 2592
850 2592
851 2592
852 2592
853 2592
854 2592
855 2592
856 2592
857 2592
858 2592
859 2592
860 2592
861 2592
862 2592
863 2592
864 2592
865 2592
866 2592
867 2592
868 2592
869 2592
870 2592
871 2592
872 2592
873 2592
874 2592
875 2592
876 2592
877 2592
878 2592
879 2592
880 2592
881 2592
882 2592
883 2592
884 2592
885 2592
886 2592
887 2592
888 2592
889 2592
890 2592
891 2592
892 2592
893 2592
894 2592
895 2592
896 2592
897 2592
898 2592
899 2592
900 2592
901 2592
902 2592
903 2592
904 2592
905 2592
906 2592
907 2592
908 2592
909 2592
910 2592
911 2592
912 2592
913 2592
914 2592
915 2592
916 2592
917 2592
918 2592
919 2592
920 2592
921 2592
922 2592
923 2592
924 2592
925 2592
926 2592
927 2592
928 2592
929 2592
930 2592
931 2592
932 2592
933 2592
934 2592
935 2592
936 2592
937 2592
938 2592
939 2592
940 2592
941 2592
942 2592
943 2592
944 2592
945 2592
946 2592
947 2592
948 2592
949 2592
950 2592
951 2592
952 2592
953 2592
954 2592
955 2592
956 2592
957 2592
958 2592
959 2592
960 2592
961 2592
962 2592
963 2592
964 2592
965 2592
966 2592
967 2592
968 2592
969 2592
970 2592
971 2592
972 2592
973 2592
974 2592
975 2592
976 2592
977 2592
978 2592
979 2592
980 2592
981 2592
982 2592
983 2592
984 2592
985 2592
986 2592
987 2592
988 2592
989 2592
990 2592
991 2592
992 2592
993 2592
994 2592
995 2592
996 2592
997 2592
998 2592
999 2592
1000 2592
1001 2592
1002 2592
1003 2592
1004 2592
1005 2592
1006 2592
1007 2592
1008 2592
1009 2592
1010 2592
1011 2592
1012 2592
1013 2592
1014 2592
1015 2592
1016 2592
1017 2592
1018 2592
1019 2592
1020 2592
1021 2592
1022 2592
1023 2592
1024 2592
1025 2592
1026 2592
1027 2592
1028 2592
1029 2592
1030 2592
1031 2592
1032 2592
1033 2592
1034 2592
1035 2592
1036 2592
1037 2592
1038 2592
1039 2592
1040 2592
1041 2592
1042 2592
1043 2592
1044 2592
1045 2592
1046 2592
1047 2592
1048 2592
1049 2592
1050 2592
1051 2592
1052 2592
1053 2592
1054 2592
1055 2592
1056 2592
1057 2592
1058 2592
1059 2592
1060 2592
1061 2592
1062 2592
1063 2592
1064 2592
1065 2592
1066 2592
1067 2592
1068 2592
1069 2592
1070 2592
1071 2592
1072 2592
1073 2592
1074 2592
1075 2592
1076 2592
1077 2592
1078 2592
1079 2592
1080 2592
1081 2592
1082 2592
1083 2592
1084 2592
1085 2592
1086 2592
1087 2592
1088 2592
1089 2592
1090 2592
1091 2592
1092 2592
1093 2592
1094 2592
1095 2592
1096 2592
1097 2592
1098 2592
1099 2592
1100 2592
1101 2592
1102 2592
1103 2592
1104 2592
1105 2592
1106 2592
1107 2592
1108 2592
1109 2592
1110 2592
1111 2592
1112 2592
1113 2592
1114 2592
1115 2592
1116 2592
1117 2592
1118 2592
1119 2592
1120 2592
1121 2592
1122 2592
1123 2592
1124 2592
1125 2592
1126 2592
1127 2592
1128 2592
1129 2592
1130 2592
1131 2592
1132 2592
1133 2592
1134 2592
1135 2592
1136 2592
1137 2592
1138 2592
1139 2592
1140 2592
1141 2592
1142 2592
1143 2592
1144 2592
1145 2592
1146 2592
1147 2592
1148 2592
1149 2592
1150 2592
1151 2592
1152 2592
1153 2592
1154 2592
1155 2592
1156 2592
1157 2592
1158 2592
1159 2592
1160 2592
1161 2592
1162 2592
1163 2592
1164 2592
1165 2592
1166 2592
1167 2592
1168 2592
1169 2592
1170 2592
1171 2592
1172 2592
1173 2592
1174 2592
1175 2592
1176 2592
1177 2592
1178 2592
1179 2592
1180 2592
1181 2592
1182 2592
1183 2592
1184 2592
1185 2592
1186 2592
1187 2592
1188 2592
1189 2592
1190 2592
1191 2592
1192 2592
1193 2592
1194 2592
1195 2592
1196 2592
1197 2592
1198 2592
1199 2592
1200 2592
1201 2592
1202 2592
1203 2592
1204 2592
1205 2592
1206 2592
1207 2592
1208 2592
1209 2592
1210 2592
1211 2592
1212 2592
1213 2592
1214 2592
1215 2592
1216 2592
1217 2592
1218 2592
1219 2592
1220 2592
1221 2592
1222 2592
1223 2592
1224 2592
1225 2592
1226 2592
1227 2592
1228 2592
1229 2592
1230 2592
1231 2592
1232 2592
1233 2592
1234 2592
1235 2592
1236 2592
1237 2592
1238 2592
1239 2592
1240 2592
1241 2592
1242 2592
1243 2592
1244 2592
1245 2592
1246 2592
1247 2592
1248 2592
1249 2592
1250 2592
1251 2592
1252 2592
1253 2592
1254 2592
1255 2592
1256 2592
1257 2592
1258 2592
1259 2592
1260 2592
1261 2592
1262 2592
1263 2592
1264 2592
1265 2592
1266 2592
1267 2592
1268 2592
1269 2592
1270 2592
1271 2592
1272 2592
1273 2592
1274 2592
1275 2592
1276 2592
1277 2592
1278 2592
1279 2592
1280 2592
1281 2592
1282 2592
1283 2592
1284 2592
1285 2592
1286 2592
1287 2592
1288 2592
1289 2592
1290 2592
1291 2592
1292 2592
1293 2592
1294 2592
1295 2592
1296 2592
1297 2592
1298 2592
1299 2592
1300 2592
1301 2592
1302 2592
1303 2592
1304 2592
1305 2592
1306 2592
1307 2592
1308 2592
1309 2592
1310 2592
1311 2592
1312 2592
1313 2592
1314 2592
1315 2592
1316 2592
1317 2592
1318 2592
1319 2592
1320 2592
1321 2592
1322 2592
1323 2592
1324 2592
1325 2592
1326 2592
1327 2592
1328 2592
1329 2592
1330 2592
1331 2592
1332 2592
1333 2592
1334 2592
1335 2592
1336 2592
1337 2592
1338 2592
1339 2592
1340 2592
1341 2592
1342 2592
1343 2592
1344 2592
1345 2592
1346 2592
1347 2592
1348 2592
1349 2592
1350 2592
1351 2592
1352 2592
1353 2592
1354 2592
1355 2592
1356 2592
1357 2592
1358 2592
1359 2592
1360 2592
1361 2592
1362 2592
1363 2592
1364 2592
1365 2592
1366 2592
1367 2592
1368 2592
1369 2592
1370 2592
1371 2592
1372 2592
1373 2592
1374 2592
1375 2592
1376 2592
1377 2592
1378 2592
1379 2592
1380 2592
1381 2592
1382 2592
1383 2592
1384 2592
1385 2592
1386 2592
1387 2592
1388 2592
1389 2592
1390 2592
1391 2592
1392 2592
1393 2592
1394 2592
1395 2592
1396 2592
1397 2592
1398 2592
1399 2592
1400 2592
1401 2592
1402 2592
1403 2592
1404 2592
1405 2592
1406 2592
1407 2592
1408 2592
1409 2592
1410 2592
1411 2592
1412 2592
1413 2592
1414 2592
1415 2592
1416 2592
1417 2592
1418 2592
1419 2592
1420 2592
1421 2592
1422 2592
1423 2592
1424 2592
1425 2592
1426 2592
1427 2592
1428 2592
1429 2592
1430 2592
1431 2592
1432 2592
1433 2592
1434 2592
1435 2592
1436 2592
1437 2592
1438 2592
1439 2592
1440 2592
1441 2592
1442 2592
1443 2592
1444 2592
1445 2592
1446 2592
1447 2592
1448 2592
1449 2592
1450 2592
1451 2592
1452 2592
1453 2592
1454 2592
1455 2592
1456 2592
1457 2592
1458 2592
1459 2592
1460 2592
1461 2592
1462 2592
1463 2592
1464 2592
1465 2592
1466 2592
1467 2592
1468 2592
1469 2592
1470 2592
1471 2592
1472 2592
1473 2592
1474 2592
1475 2592
1476 2592
1477 2592
1478 2592
1479 2592
1480 2592
1481 2592
1482 2592
1483 2592
1484 2592
1485 2592
1486 2592
1487 2592
1488 2592
1489 2592
1490 2592
1491 2592
1492 2592
1493 2592
1494 2592
1495 2592
1496 2592
1497 2592
1498 2592
1499 2592
1500 2592
1501 2592
1502 2592
1503 2592
1504 2592
1505 2592
1506 2592
1507 2592
1508 2592
1509 2592
1510 2592
1511 2592
1512 2592
1513 2592
1514 2592
1515 2592
1516 2592
1517 2592
1518 2592
1519 2592
1520 2592
1521 2592
1522 2592
1523 2592
1524 2592
1525 2592
1526 2592
1527 2592
1528 2592
1529 2592
1530 2592
1531 2592
1532 2592
1533 2592
1534 2592
1535 2592
1536 2592
1537 2592
1538 2592
1539 2592
1540 2592
1541 2592
1542 2592
1543 2592
1544 2592
1545 2592
1546 2592
1547 2592
1548 2592
1549 2592
1550 2592
1551 2592
1552 2592
1553 2592
1554 2592
1555 2592
1556 2592
1557 2592
1558 2592
1559 2592
1560 2592
1561 2592
1562 2592
1563 2592
1564 2592
1565 2592
1566 2592
1567 2592
1568 2592
1569 2592
1570 2592
1571 2592
1572 2592
1573 2592
1574 2592
1575 2592
1576 2592
1577 2592
1578 2592
1579 2592
1580 2592
1581 2592
1582 2592
1583 2592
1584 2592
1585 2592
1586 2592
1587 2592
1588 2592
1589 2592
1590 2592
1591 2592
1592 2592
1593 2592
1594 2592
1595 2592
1596 2592
1597 2592
1598 2592
1599 2592
1600 2592
1601 2592
1602 2592
1603 2592
1604 2592
1605 2592
1606 2592
1607 2592
1608 2592
1609 2592
1610 2592
1611 2592
1612 2592
1613 2592
1614 2592
1615 2592
1616 2592
1617 2592
1618 2592
1619 2592
1620 2592
1621 2592
1622 2592
1623 2592
1624 2592
1625 2592
1626 2592
1627 2592
1628 2592
1629 2592
1630 2592
1631 2592
1632 2592
1633 2592
1634 2592
1635 2592
1636 2592
1637 2592
1638 2592
1639 2592
1640 2592
1641 2592
1642 2592
1643 2592
1644 2592
1645 2592
1646 2592
1647 2592
1648 2592
1649 2592
1650 2592
1651 2592
1652 2592
1653 2592
1654 2592
1655 2592
1656 2592
1657 2592
1658 2592
1659 2592
1660 2592
1661 2592
1662 2592
1663 2592
1664 2592
1665 2592
1666 2592
1667 2592
1668 2592
1669 2592
1670 2592
1671 2592
1672 2592
1673 2592
1674 2592
1675 2592
1676 2592
1677 2592
1678 2592
1679 2592
1680 2592
1681 2592
1682 2592
1683 2592
1684 2592
1685 2592
1686 2592
1687 2592
1688 2592
1689 2592
1690 2592
1691 2592
1692 2592
1693 2592
1694 2592
1695 2592
1696 2592
1697 2592
1698 2592
1699 2592
1700 2592
1701 2592
1702 2592
1703 2592
1704 2592
1705 2592
1706 2592
1707 2592
1708 2592
1709 2592
1710 2592
1711 2592
1712 2592
1713 2592
1714 2592
1715 2592
1716 2592
1717 2592
1718 2592
1719 2592
1720 2592
1721 2592
1722 2592
1723 2592
1724 2592
1725 2592
1726 2592
1727 2592
1728 2592
1729 2592
1730 2592
1731 2592
1732 2592
1733 2592
1734 2592
1735 2592
1736 2592
1737 2592
1738 2592
1739 2592
1740 2592
1741 2592
1742 2592
1743 2592
1744 2592
1745 2592
1746 2592
1747 2592
1748 2592
1749 2592
1750 2592
1751 2592
1752 2592
1753 2592
1754 2592
1755 2592
1756 2592
1757 2592
1758 2592
1759 2592
1760 2592
1761 2592
1762 2592
1763 2592
1764 2592
1765 2592
1766 2592
1767 2592
1768 2592
1769 2592
1770 2592
1771 2592
1772 2592
1773 2592
1774 2592
1775 2592
1776 2592
1777 2592
1778 2592
1779 2592
1780 2592
1781 2592
1782 2592
1783 2592
1784 2592
1785 2592
1786 2592
1787 2592
1788 2592
1789 2592
1790 2592
1791 2592
1792 2592
1793 2592
1794 2592
1795 2592
1796 2592
1797 2592
1798 2592
1799 2592
1800 2592
1801 2592
1802 2592
1803 2592
1804 2592
1805 2592
1806 2592
1807 2592
1808 2592
1809 2592
1810 2592
1811 2592
1812 2592
1813 2592
1814 2592
1815 2592
1816 2592
1817 2592
1818 2592
1819 2592
1820 2592
1821 2592
1822 2592
1823 2592
1824 2592
1825 2592
1826 2592
1827 2592
1828 2592
1829 2592
1830 2592
1831 2592
1832 2592
1833 2592
1834 2592
1835 2592
1836 2592
1837 2592
1838 2592
1839 2592
1840 2592
1841 2592
1842 2592
1843 2592
1844 2592
1845 2592
1846 2592
1847 2592
1848 2592
1849 2592
1850 2592
1851 2592
1852 2592
1853 2592
1854 2592
1855 2592
1856 2592
1857 2592
1858 2592
1859 2592
1860 2592
1861 2592
1862 2592
1863 2592
1864 2592
1865 2592
1866 2592
1867 2592
1868 2592
1869 2592
1870 2592
1871 2592
1872 2592
1873 2592
1874 2592
1875 2592
1876 2592
1877 2592
1878 2592
1879 2592
1880 2592
1881 2592
1882 2592
1883 2592
1884 2592
1885 2592
1886 2592
1887 2592
1888 2592
1889 2592
1890 2592
1891 2592
1892 2592
1893 2592
1894 2592
1895 2592
1896 2592
1897 2592
1898 2592
1899 2592
1900 2592
1901 2592
1902 2592
1903 2592
1904 2592
1905 2592
1906 2592
1907 2592
1908 2592
1909 2592
1910 2592
1911 2592
1912 2592
1913 2592
1914 2592
1915 2592
1916 2592
1917 2592
1918 2592
1919 2592
1920 2592
1921 2592
1922 2592
1923 2592
1924 2592
1925 2592
1926 2592
1927 2592
1928 2592
1929 2592
1930 2592
1931 2592
1932 2592
1933 2592
1934 2592
1935 2592
1936 2592
1937 2592
1938 2592
1939 2592
1940 2592
1941 2592
1942 2592
1943 2592
1944 2592
1945 2592
1946 2592
1947 2592
1948 2592
1949 2592
1950 2592
1951 2592
1952 2592
1953 2592
1954 2592
1955 2592
1956 2592
1957 2592
1958 2592
1959 2592
1960 2592
1961 2592
1962 2592
1963 2592
1964 2592
1965 2592
1966 2592
1967 2592
1968 2592
1969 2592
1970 2592
1971 2592
1972 2592
1973 2592
1974 2592
1975 2592
1976 2592
1977 2592
1978 2592
1979 2592
1980 2592
1981 2592
1982 2592
1983 2592
1984 2592
1985 2592
1986 2592
1987 2592
1988 2592
1989 2592
1990 2592
1991 2592
1992 2592
1993 2592
1994 2592
1995 2592
1996 2592
1997 2592
1998 2592
1999 2592
2000 2592
2001 2592
2002 2592
2003 2592
2004 2592
2005 2592
2006 2592
2007 2592
2008 2592
2009 2592
2010 2592
2011 2592
2012 2592
2013 2592
2014 2592
2015 2592
2016 2592
2017 2592
2018 2592
2019 2592
2020 2592
2021 2592
2022 2592
2023 2592
2024 2592
2025 2592
2026 2592
2027 2592
2028 2592
2029 2592
2030 2592
2031 2592
2032 2592
2033 2592
2034 2592
2035 2592
2036 2592
2037 2592
2038 2592
2039 2592
2040 2592
2041 2592
2042 2592
2043 2592
2044 2592
2045 2592
2046 2592
2047 2592
2048 2592
2049 2592
2050 2592
2051 2592
2052 2592
2053 2592
2054 2592
2055 2592
2056 2592
2057 2592
2058 2592
2059 2592
2060 2592
2061 2592
2062 2592
2063 2592
2064 2592
2065 2592
2066 2592
2067 2592
2068 2592
2069 2592
2070 2592
2071 2592
2072 2592
2073 2592
2074 2592
2075 2592
2076 2592
2077 2592
2078 2592
2079 2592
2080 2592
2081 2592
2082 2592
2083 2592
2084 2592
2085 2592
2086 2592
2087 2592
2088 2592
2089 2592
2090 2592
2091 2592
2092 2592
2093 2592
2094 2592
2095 2592
2096 2592
2097 2592
2098 2592
2099 2592
2100 2592
2101 2592
2102 2592
2103 2592
2104 2592
2105 2592
2106 2592
2107 2592
2108 2592
2109 2592
2110 2592
2111 2592
2112 2592
2113 2592
2114 2592
2115 2592
2116 2592
2117 2592
2118 2592
2119 2592
2120 2592
2121 2592
2122 2592
2123 2592
2124 2592
2125 2592
2126 2592
2127 2592
2128 2592
2129 2592
2130 2592
2131 2592
2132 2592
2133 2592
2134 2592
2135 2592
2136 2592
2137 2592
2138 2592
2139 2592
2140 2592
2141 2592
2142 2592
2143 2592
2144 2592
2145 2592
2146 2592
2147 2592
2148 2592
2149 2592
2150 2592
2151 2592
2152 2592
2153 2592
2154 2592
2155 2592
2156 2592
2157 2592
2158 2592
2159 2592
2160 2592
2161 2592
2162 2592
2163 2592
2164 2592
2165 2592
2166 2592
2167 2592
2168 2592
2169 2592
2170 2592
2171 2592
2172 2592
2173 2592
2174 2592
2175 2592
2176 2592
2177 2592
2178 2592
2179 2592
2180 2592
2181 2592
2182 2592
2183 2592
2184 2592
2185 2592
2186 2592
2187 2592
2188 2592
2189 2592
2190 2592
2191 2592
2192 2592
2193 2592
2194 2592
2195 2592
2196 2592
2197 2592
2198 2592
2199 2592
2200 2592
2201 2592
2202 2592
2203 2592
2204 2592
2205 2592
2206 2592
2207 2592
2208 2592
2209 2592
2210 2592
2211 2592
2212 2592
2213 2592
2214 2592
2215 2592
2216 2592
2217 2592
2218 2592
2219 2592
2220 2592
2221 2592
2222 2592
2223 2592
2224 2592
2225 2592
2226 2592
2227 2592
2228 2592
2229 2592
2230 2592
2231 2592
2232 2592
2233 2592
2234 2592
2235 2592
2236 2592
2237 2592
2238 2592
2239 2592
2240 2592
2241 2592
2242 2592
2243 2592
2244 2592
2245 2592
2246 2592
2247 2592
2248 2592
2249 2592
2250 2592
2251 2592
2252 2592
2253 2592
2254 2592
2255 2592
2256 2592
2257 2592
2258 2592
2259 2592
2260 2592
2261 2592
2262 2592
2263 2592
2264 2592
2265 2592
2266 2592
2267 2592
2268 2592
2269 2592
2270 2592
2271 2592
2272 2592
2273 2592
2274 2592
2275 2592
2276 2592
2277 2592
2278 2592
2279 2592
2280 2592
2281 2592
2282 2592
2283 2592
2284 2592
2285 2592
2286 2592
2287 2592
2288 2592
2289 2592
2290 2592
2291 2592
2292 2592
2293 2592
2294 2592
2295 2592
2296 2592
2297 2592
2298 2592
2299 2592
2300 2592
2301 2592
2302 2592
2303 2592
2304 2592
2305 2592
2306 2592
2307 2592
2308 2592
2309 2592
2310 2592
2311 2592
2312 2592
2313 2592
2314 2592
2315 2592
2316 2592
2317 2592
2318 2592
2319 2592
2320 2592
2321 2592
2322 2592
2323 2592
2324 2592
2325 2592
2326 2592
2327 2592
2328 2592
2329 2592
2330 2592
2331 2592
2332 2592
2333 2592
2334 2592
2335 2592
2336 2592
2337 2592
2338 2592
2339 2592
2340 2592
2341 2592
2342 2592
2343 2592
2344 2592
2345 2592
2346 2592
2347 2592
2348 2592
2349 2592
2350 2592
2351 2592
2352 2592
2353 2592
2354 2592
2355 2592
2356 2592
2357 2592
2358 2592
2359 2592
2360 2592
2361 2592
2362 2592
2363 2592
2364 2592
2365 2592
2366 2592
2367 2592
2368 2592
2369 2592
2370 2592
2371 2592
2372 2592
2373 2592
2374 2592
2375 2592
2376 2592
2377 2592
2378 2592
2379 2592
2380 2592
2381 2592
2382 2592
2383 2592
2384 2592
2385 2592
2386 2592
2387 2592
2388 2592
2389 2592
2390 2592
2391 2592
2392 2592
2393 2592
2394 2592
2395 2592
2396 2592
2397 2592
2398 2592
2399 2592
2400 2592
2401 2592
2402 2592
2403 2592
2404 2592
2405 2592
2406 2592
2407 2592
2408 2592
2409 2592
2410 2592
2411 2592
2412 2592
2413 2592
2414 2592
2415 2592
2416 2592
2417 2592
2418 2592
2419 2592
2420 2592
2421 2592
2422 2592
2423 2592
2424 2592
2425 2592
2426 2592
2427 2592
2428 2592
2429 2592
2430 2592
2431 2592
2432 2592
2433 2592
2434 2592
2435 2592
2436 2592
2437 2592
2438 2592
2439 2592
2440 2592
2441 2592
2442 2592
2443 2592
2444 2592
2445 2592
2446 2592
2447 2592
2448 2592
2449 2592
2450 2592
2451 2592
2452 2592
2453 2592
2454 2592
2455 2592
2456 2592
2457 2592
2458 2592
2459 2592
2460 2592
2461 2592
2462 2592
2463 2592
2464 2592
2465 2592
2466 2592
2467 2592
2468 2592
2469 2592
2470 2592
2471 2592
2472 2592
2473 2592
2474 2592
2475 2592
2476 2592
2477 2592
2478 2592
2479 2592
2480 2592
2481 2592
2482 2592
2483 2592
2484 2592
2485 2592
2486 2592
2487 2592
2488 2592
2489 2592
2490 2592
2491 2592
2492 2592
2493 2592
2494 2592
2495 2592
2496 2592
2497 2592
2498 2592
2499 2592
2500 2592
2501 2592
2502 2592
2503 2592
2504 2592
2505 2592
2506 2592
2507 2592
2508 2592
2509 2592
2510 2592
2511 2592
2512 2592
2513 2592
2514 2592
2515 2592
2516 2592
2517 2592
2518 2592
2519 2592
2520 2592
2521 2592
2522 2592
2523 2592
2524 2592
2525 2592
2526 2592
2527 2592
2528 2592
2529 2592
2530 2592
2531 2592
2532 2592
2533 2592
2534 2592
2535 2592
2536 2592
2537 2592
2538 2592
2539 2592
2540 2592
2541 2592
2542 2592
2543 2592
2544 2592
2545 2592
2546 2592
2547 2592
2548 2592
2549 2592
2550 2592
2551 2592
2552 2592
2553 2592
2554 2592
2555 2592
2556 2592
2557 2592
2558 2592
2559 2592
2560 2592
2561 2592
2562 2592
2563 2592
2564 2592
2565 2592
2566 2592
2567 2592
2568 2592
2569 2592
2570 2592
2571 2592
2572 2592
2573 2592
2574 2592
2575 2592
2576 2592
2577 2592
2578 2592
2579 2592
2580 2592
2581 2592
2582 2592
2583 2592
2584 2592
2585 2592
2586 2592
2587 2592
2588 2592
2589 2592
2590 2592
2591 2592
2592 2592
2593 2592
2594 2592
2595 2592
2596 2592
2597 2592
2598 2592
2599 2592
2600 2592
2601 2592
2602 2592
2603 2592
2604 2592
2605 2592
2606 2592
2607 2592
2608 2592
2609 2592
2610 2592
2611 2592
2612 2592
2613 2592
2614 2592
2615 2592
2616 2592
2617 2592
2618 2592
2619 2592
2620 2592
2621 2592
2622 2592
2623 2592
2624 2592
2625 2592
2626 2592
2627 2592
2628 2592
2629 2592
2630 2592
2631 2592
2632 2592
2633 2592
2634 2592
2635 2592
2636 2592
2637 2592
2638 2592
2639 2592
2640 2592
2641 2592
2642 2592
2643 2592
2644 2592
2645 2592
2646 2592
2647 2592
2648 2592
2649 2592
2650 2592
2651 2592
2652 2592
2653 2592
2654 2592
2655 2592
2656 2592
2657 2592
2658 2592
2659 2592
2660 2592
2661 2592
2662 2592
2663 2592
2664 2592
2665 2592
2666 2592
2667 2592
2668 2592
2669 2592
2670 2592
2671 2592
2672 2592
2673 2592
2674 2592
2675 2592
2676 2592
2677 2592
2678 2592
2679 2592
2680 2592
2681 2592
2682 2592
2683 2592
2684 2592
2685 2592
2686 2592
2687 2592
2688 2592
2689 2592
2690 2592
2691 2592
2692 2592
2693 2592
2694 2592
2695 2592
2696 2592
2697 2592
2698 2592
2699 2592
2700 2592
2701 2592
2702 2592
2703 2592
2704 2592
2705 2592
2706 2592
2707 2592
2708 2592
2709 2592
2710 2592
2711 2592
2712 2592
2713 2592
2714 2592
2715 2592
2716 2592
2717 2592
2718 2592
2719 2592
2720 2592
2721 2592
2722 2592
2723 2592
2724 2592
2725 2592
2726 2592
2727 2592
2728 2592
2729 2592
2730 2592
2731 2592
2732 2592
2733 2592
2734 2592
2735 2592
2736 2592
2737 2592
2738 2592
2739 2592
2740 2592
2741 2592
2742 2592
2743 2592
2744 2592
2745 2592
2746 2592
2747 2592
2748 2592
2749 2592
2750 2592
2751 2592
2752 2592
2753 2592
2754 2592
2755 2592
2756 2592
2757 2592
2758 2592
2759 2592
2760 2592
2761 2592
2762 2592
2763 2592
2764 2592
2765 2592
2766 2592
2767 2592
2768 2592
2769 2592
2770 2592
2771 2592
2772 2592
2773 2592
2774 2592
2775 2592
2776 2592
2777 2592
2778 2591
2779 2591
2780 2591
2781 2591
2782 2591
2783 2591
2784 2590
2785 2589
2786 2589
2787 2588
2788 2588
2789 2588
2790 2588
2791 2588
2792 2588
2793 2588
2794 2588
2795 2588
2796 2588
2797 2588
2798 2588
2799 2588
2800 2586
2801 2584
2802 2581
2803 2581
2804 2581
2805 2581
2806 2581
2807 2580
2808 2580
2809 2580
2810 2580
2811 2578
2812 2578
2813 2578
2814 2577
2815 2577
2816 2577
2817 2577
2818 2577
2819 2577
2820 2576
2821 2576
2822 2576
2823 2576
2824 2576
2825 2576
2826 2576
2827 2576
2828 2576
2829 2576
2830 2576
2831 2576
2832 2576
2833 2576
2834 2576
2835 2576
2836 2576
2837 2576
2838 2576
2839 2576
2840 2575
2841 2575
2842 2575
2843 2575
2844 2575
2845 2575
2846 2575
2847 2575
2848 2575
2849 2575
2850 2575
2851 2575
2852 2574
2853 2574
2854 2564
2855 2553
2856 2553
2857 2553
2858 2553
2859 2553
2860 2553
2861 2551
2862 2551
2863 2550
2864 2549
2865 2549
2866 2549
2867 2548
2868 2548
2869 2547
2870 2547
2871 2547
2872 2547
2873 2547
2874 2547
2875 2547
2876 2547
2877 2546
2878 2545
2879 2544
2880 2542
2881 2542
2882 2542
2883 2542
2884 2542
2885 2542
2886 2541
2887 2541
2888 2540
2889 2540
2890 2540
2891 2540
2892 2540
2893 2539
2894 2539
2895 2539
2896 2539
2897 2539
2898 2539
2899 2539
2900 2539
2901 2538
2902 2537
2903 2537
2904 2532
2905 2522
2906 2513
2907 2513
2908 2513
2909 2513
2910 2513
2911 2512
2912 2512
2913 2512
2914 2512
2915 2512
2916 2512
2917 2512
2918 2512
2919 2511
2920 2511
2921 2511
2922 2511
2923 2511
2924 2511
2925 2511
2926 2510
2927 2510
2928 2510
2929 2509
2930 2509
2931 2509
2932 2509
2933 2509
2934 2509
2935 2508
2936 2508
2937 2508
2938 2508
2939 2508
2940 2508
2941 2508
2942 2508
2943 2508
2944 2507
2945 2507
2946 2506
2947 2506
2948 2506
2949 2506
2950 2506
2951 2506
2952 2505
2953 2505
2954 2505
2955 2505
2956 2505
2957 2505
2958 2505
2959 2505
2960 2504
2961 2504
2962 2504
2963 2503
2964 2503
2965 2503
2966 2503
2967 2483
2968 2471
2969 2455
2970 2454
2971 2454
2972 2454
2973 2454
2974 2454
2975 2454
2976 2454
2977 2454
2978 2454
2979 2454
2980 2454
2981 2453
2982 2453
2983 2453
2984 2453
2985 2453
2986 2453
2987 2453
2988 2453
2989 2453
2990 2453
2991 2453
2992 2453
2993 2453
2994 2452
2995 2452
2996 2451
2997 2451
2998 2451
2999 2451
3000 2451
3001 2451
3002 2450
3003 2450
3004 2450
3005 2450
3006 2448
3007 2448
3008 2447
3009 2447
3010 2447
3011 2447
3012 2447
3013 2446
3014 2446
3015 2446
3016 2446
3017 2445
3018 2444
3019 2444
3020 2444
3021 2444
3022 2444
3023 2444
3024 2444
3025 2444
3026 2443
3027 2438
3028 2421
3029 2403
3030 2388
3031 2388
3032 2388
3033 2386
3034 2386
3035 2386
3036 2386
3037 2386
3038 2386
3039 2386
3040 2386
3041 2386
3042 2386
3043 2385
3044 2385
3045 2385
3046 2385
3047 2385
3048 2385
3049 2385
3050 2384
3051 2384
3052 2383
3053 2383
3054 2383
3055 2383
3056 2383
3057 2382
3058 2381
3059 2381
3060 2381
3061 2381
3062 2380
3063 2380
3064 2380
3065 2380
3066 2379
3067 2379
3068 2379
3069 2379
3070 2379
3071 2379
3072 2379
3073 2378
3074 2378
3075 2378
3076 2378
3077 2378
3078 2369
3079 2315
3080 2315
3081 2315
3082 2314
3083 2314
3084 2314
3085 2313
3086 2313
3087 2313
3088 2313
3089 2313
3090 2312
3091 2312
3092 2312
3093 2312
3094 2312
3095 2311
3096 2311
3097 2311
3098 2311
3099 2311
3100 2311
3101 2311
3102 2311
3103 2310
3104 2309
3105 2309
3106 2309
3107 2309
3108 2308
3109 2308
3110 2308
3111 2308
3112 2308
3113 2308
3114 2308
3115 2308
3116 2308
3117 2308
3118 2308
3119 2308
3120 2308
3121 2308
3122 2307
3123 2260
3124 2239
3125 2238
3126 2236
3127 2234
3128 2232
3129 2231
3130 2229
3131 2229
3132 2228
3133 2227
3134 2227
3135 2227
3136 2227
3137 2227
3138 2227
3139 2227
3140 2227
3141 2227
3142 2227
3143 2227
3144 2227
3145 2227
3146 2227
3147 2227
3148 2227
3149 2227
3150 2227
3151 2227
3152 2182
3153 2156
3154 2156
3155 2155
3156 2154
3157 2153
3158 2153
3159 2153
3160 2153
3161 2153
3162 2152
3163 2151
3164 2150
3165 2149
3166 2149
3167 2077
3168 2065
3169 2063
3170 2063
3171 2063
3172 2062
3173 2061
3174 2060
3175 2059
3176 2058
3177 2057
3178 2055
3179 2046
3180 1973
3181 1973
3182 1973
3183 1973
3184 1973
3185 1973
3186 1973
3187 1973
3188 1973
3189 1973
3190 1973
3191 1973
3192 1973
3193 1973
3194 1972
3195 1971
3196 1970
3197 1970
3198 1970
3199 1970
3200 1970
3201 1968
3202 1968
3203 1968
3204 1968
3205 1968
3206 1968
3207 1968
3208 1967
3209 1967
3210 1967
3211 1967
3212 1967
3213 1967
3214 1967
3215 1967
3216 1967
3217 1967
3218 1967
3219 1967
3220 1967
3221 1967
3222 1967
3223 1967
3224 1967
3225 1911
3226 1879
3227 1879
3228 1879
3229 1879
3230 1879
3231 1879
3232 1879
3233 1879
3234 1879
3235 1879
3236 1879
3237 1879
3238 1879
3239 1879
3240 1879
3241 1879
3242 1879
3243 1879
3244 1879
3245 1879
3246 1879
3247 1879
3248 1879
3249 1879
3250 1879
3251 1879
3252 1879
3253 1879
3254 1879
3255 1879
3256 1879
3257 1879
3258 1879
3259 1879
3260 1879
3261 1879
3262 1879
3263 1879
3264 1879
3265 1879
3266 1879
3267 1879
3268 1866
3269 1814
3270 1802
3271 1802
3272 1802
3273 1802
3274 1802
3275 1802
3276 1802
3277 1802
3278 1802
3279 1802
3280 1802
3281 1802
3282 1802
3283 1802
3284 1802
3285 1802
3286 1802
3287 1802
3288 1802
3289 1802
3290 1802
3291 1802
3292 1802
3293 1802
3294 1802
3295 1802
3296 1802
3297 1783
3298 1729
3299 1729
3300 1729
3301 1729
3302 1729
3303 1729
3304 1729
3305 1729
3306 1729
3307 1729
3308 1729
3309 1729
3310 1729
3311 1729
3312 1729
3313 1729
3314 1729
3315 1729
3316 1729
3317 1729
3318 1706
3319 1669
3320 1651
3321 1651
3322 1651
3323 1651
3324 1651
3325 1651
3326 1651
3327 1651
3328 1651
3329 1651
3330 1651
3331 1651
3332 1651
3333 1651
3334 1651
3335 1651
3336 1651
3337 1651
3338 1651
3339 1651
3340 1651
3341 1651
3342 1651
3343 1651
3344 1651
3345 1651
3346 1651
3347 1651
3348 1651
3349 1651
3350 1651
3351 1651
3352 1651
3353 1651
3354 1651
3355 1651
3356 1651
3357 1651
3358 1651
3359 1651
3360 1651
3361 1651
3362 1651
3363 1651
3364 1651
3365 1651
3366 1651
3367 1651
3368 1651
3369 1651
3370 1622
3371 1578
3372 1572
3373 1572
3374 1572
3375 1572
3376 1572
3377 1572
3378 1572
3379 1572
3380 1572
3381 1572
3382 1572
3383 1572
3384 1572
3385 1572
3386 1572
3387 1572
3388 1572
3389 1572
3390 1572
3391 1572
3392 1572
3393 1572
3394 1572
3395 1572
3396 1572
3397 1572
3398 1572
3399 1572
3400 1572
3401 1572
3402 1572
3403 1572
3404 1572
3405 1572
3406 1572
3407 1572
3408 1572
3409 1572
3410 1572
3411 1572
3412 1572
3413 1572
3414 1572
3415 1572
3416 1572
3417 1572
3418 1572
3419 1572
3420 1572
3421 1572
3422 1572
3423 1544
3424 1529
3425 1503
3426 1503
3427 1503
3428 1503
3429 1503
3430 1503
3431 1503
3432 1503
3433 1503
3434 1503
3435 1503
3436 1503
3437 1503
3438 1503
3439 1503
3440 1503
3441 1503
3442 1503
3443 1503
3444 1503
3445 1503
3446 1503
3447 1503
3448 1503
3449 1503
3450 1503
3451 1503
3452 1503
3453 1503
3454 1503
3455 1503
3456 1503
3457 1503
3458 1503
3459 1503
3460 1503
3461 1503
3462 1503
3463 1503
3464 1503
3465 1503
3466 1503
3467 1503
3468 1503
3469 1503
3470 1503
3471 1503
3472 1503
3473 1503
3474 1471
3475 1436
3476 1428
3477 1428
3478 1428
3479 1428
3480 1428
3481 1428
3482 1428
3483 1428
3484 1428
3485 1428
3486 1428
3487 1428
3488 1428
3489 1428
3490 1428
3491 1428
3492 1428
3493 1428
3494 1428
3495 1428
3496 1428
3497 1428
3498 1428
3499 1428
3500 1428
3501 1428
3502 1428
3503 1428
3504 1428
3505 1428
3506 1428
3507 1428
3508 1428
3509 1428
3510 1428
3511 1428
3512 1428
3513 1428
3514 1428
3515 1428
3516 1428
3517 1428
3518 1428
3519 1428
3520 1428
3521 1428
3522 1428
3523 1428
3524 1428
3525 1428
3526 1428
3527 1428
3528 1428
3529 1428
3530 1428
3531 1406
3532 1387
3533 1372
3534 1364
3535 1364
3536 1364
3537 1364
3538 1364
3539 1364
3540 1364
3541 1364
3542 1364
3543 1364
3544 1364
3545 1364
3546 1364
3547 1364
3548 1364
3549 1364
3550 1364
3551 1364
3552 1364
3553 1364
3554 1364
3555 1364
3556 1364
3557 1364
3558 1364
3559 1364
3560 1364
3561 1364
3562 1364
3563 1364
3564 1364
3565 1364
3566 1364
3567 1364
3568 1364
3569 1364
3570 1364
3571 1364
3572 1364
3573 1364
3574 1364
3575 1364
3576 1364
3577 1364
3578 1364
3579 1364
3580 1364
3581 1364
3582 1364
3583 1364
3584 1364
3585 1364
3586 1364
3587 1364
3588 1364
3589 1364
3590 1364
3591 1364
3592 1364
3593 1364
3594 1364
3595 1364
3596 1364
3597 1364
3598 1364
3599 1364
3600 1364
3601 1355
3602 1334
3603 1312
3604 1299
3605 1299
3606 1299
3607 1299
3608 1299
3609 1299
3610 1299
3611 1299
3612 1299
3613 1299
3614 1299
3615 1299
3616 1299
3617 1299
3618 1299
3619 1299
3620 1299
3621 1299
3622 1299
3623 1299
3624 1299
3625 1299
3626 1299
3627 1299
3628 1299
3629 1299
3630 1299
3631 1299
3632 1299
3633 1299
3634 1299
3635 1299
3636 1299
3637 1299
3638 1299
3639 1299
3640 1299
3641 1299
3642 1299
3643 1299
3644 1299
3645 1299
3646 1299
3647 1299
3648 1299
3649 1299
3650 1299
3651 1299
3652 1299
3653 1299
3654 1299
3655 1299
3656 1299
3657 1299
3658 1299
3659 1299
3660 1299
3661 1299
3662 1299
3663 1299
3664 1299
3665 1299
3666 1299
3667 1299
3668 1299
3669 1299
3670 1299
3671 1299
3672 1299
3673 1289
3674 1254
3675 1240
3676 1235
3677 1235
3678 1235
3679 1235
3680 1235
3681 1235
3682 1235
3683 1235
3684 1235
3685 1235
3686 1235
3687 1235
3688 1235
3689 1235
3690 1235
3691 1235
3692 1235
3693 1235
3694 1235
3695 1235
3696 1235
3697 1235
3698 1235
3699 1235
3700 1235
3701 1235
3702 1235
3703 1235
3704 1235
3705 1235
3706 1235
3707 1235
3708 1235
3709 1235
3710 1235
3711 1235
3712 1235
3713 1235
3714 1235
3715 1235
3716 1235
3717 1235
3718 1235
3719 1235
3720 1235
3721 1235
3722 1235
3723 1235
3724 1235
3725 1235
3726 1235
3727 1235
3728 1235
3729 1235
3730 1235
3731 1235
3732 1235
3733 1235
3734 1235
3735 1235
3736 1235
3737 1235
3738 1235
3739 1235
3740 1233
3741 1218
3742 1205
3743 1190
3744 1181
3745 1181
3746 1181
3747 1181
3748 1181
3749 1181
3750 1181
3751 1181
3752 1181
3753 1181
3754 1181
3755 1181
3756 1181
3757 1181
3758 1181
3759 1181
3760 1181
3761 1181
3762 1181
3763 1181
3764 1181
3765 1181
3766 1181
3767 1181
3768 1181
3769 1181
3770 1181
3771 1181
3772 1181
3773 1181
3774 1181
3775 1181
3776 1181
3777 1181
3778 1181
3779 1181
3780 1181
3781 1181
3782 1181
3783 1181
3784 1181
3785 1181
3786 1181
3787 1181
3788 1181
3789 1181
3790 1181
3791 1181
3792 1181
3793 1181
3794 1181
3795 1181
3796 1181
3797 1181
3798 1181
3799 1181
3800 1181
3801 1181
3802 1181
3803 1181
3804 1181
3805 1181
3806 1181
3807 1174
3808 1164
3809 1149
3810 1134
3811 1134
3812 1134
3813 1134
3814 1134
3815 1134
3816 1134
3817 1134
3818 1134
3819 1134
3820 1134
3821 1134
3822 1134
3823 1134
3824 1134
3825 1134
3826 1134
3827 1134
3828 1134
3829 1134
3830 1134
3831 1134
3832 1134
3833 1134
3834 1134
3835 1134
3836 1134
3837 1134
3838 1134
3839 1134
3840 1134
3841 1134
3842 1134
3843 1134
3844 1134
3845 1134
3846 1134
3847 1134
3848 1134
3849 1134
3850 1134
3851 1134
3852 1134
3853 1134
3854 1134
3855 1134
3856 1134
3857 1134
3858 1134
3859 1134
3860 1134
3861 1134
3862 1134
3863 1134
3864 1134
3865 1134
3866 1134
3867 1134
3868 1134
3869 1134
3870 1130
3871 1114
3872 1096
3873 1082
3874 1082
3875 1082
3876 1082
3877 1082
3878 1082
3879 1082
3880 1082
3881 1082
3882 1082
3883 1082
3884 1082
3885 1082
3886 1082
3887 1082
3888 1082
3889 1082
3890 1082
3891 1082
3892 1082
3893 1082
3894 1082
3895 1082
3896 1082
3897 1082
3898 1082
3899 1082
3900 1082
3901 1082
3902 1082
3903 1082
3904 1082
3905 1082
3906 1082
3907 1082
3908 1082
3909 1082
3910 1082
3911 1082
3912 1082
3913 1082
3914 1082
3915 1082
3916 1082
3917 1082
3918 1082
3919 1082
3920 1082
3921 1082
3922 1082
3923 1082
3924 1082
3925 1082
3926 1082
3927 1082
3928 1082
3929 1082
3930 1082
3931 1082
3932 1082
3933 1082
3934 1082
3935 1062
3936 1048
3937 1041
3938 1035
3939 1035
3940 1035
3941 1035
3942 1035
3943 1035
3944 1035
3945 1035
3946 1035
3947 1035
3948 1035
3949 1035
3950 1035
3951 1035
3952 1035
3953 1035
3954 1035
3955 1035
3956 1035
3957 1035
3958 1035
3959 1035
3960 1035
3961 1035
3962 1035
3963 1035
3964 1035
3965 1035
3966 1035
3967 1035
3968 1035
3969 1035
3970 1035
3971 1035
3972 1035
3973 1035
3974 1035
3975 1035
3976 1035
3977 1035
3978 1035
3979 1035
3980 1035
3981 1035
3982 1035
3983 1035
3984 1035
3985 1035
3986 1035
3987 1035
3988 1035
3989 1035
3990 1035
3991 1035
3992 1035
3993 1035
3994 1035
3995 1035
3996 1035
3997 1035
3998 1035
3999 1035
4000 1017
4001 1001
4002 990
4003 987
4004 987
4005 987
4006 987
4007 987
4008 987
4009 987
4010 987
4011 987
4012 987
4013 987
4014 987
4015 987
4016 987
4017 987
4018 987
4019 987
4020 987
4021 987
4022 987
4023 987
4024 987
4025 987
4026 987
4027 987
4028 987
4029 987
4030 987
4031 987
4032 987
4033 987
4034 987
4035 987
4036 987
4037 987
4038 987
4039 987
4040 987
4041 987
4042 987
4043 987
4044 987
4045 987
4046 987
4047 987
4048 987
4049 987
4050 987
4051 987
4052 987
4053 987
4054 987
4055 987
4056 987
4057 987
4058 987
4059 987
4060 987
4061 987
4062 987
4063 987
4064 983
4065 970
4066 955
4067 942
4068 942
4069 942
4070 942
4071 942
4072 942
4073 942
4074 942
4075 942
4076 942
4077 942
4078 942
4079 942
4080 942
4081 942
4082 942
4083 942
4084 942
4085 942
4086 942
4087 942
4088 942
4089 942
4090 942
4091 942
4092 942
4093 942
4094 942
4095 942
4096 942
4097 942
4098 942
4099 942
4100 942
4101 942
4102 942
4103 942
4104 942
4105 942
4106 942
4107 942
4108 942
4109 942
4110 942
4111 942
4112 942
4113 942
4114 942
4115 942
4116 942
4117 942
4118 942
4119 942
4120 942
4121 942
4122 934
4123 921
4124 900
4125 886
4126 886
4127 886
4128 886
4129 886
4130 886
4131 886
4132 886
4133 886
4134 886
4135 886
4136 886
4137 886
4138 886
4139 886
4140 886
4141 886
4142 886
4143 886
4144 886
4145 886
4146 886
4147 886
4148 886
4149 886
4150 886
4151 886
4152 886
4153 886
4154 886
4155 886
4156 886
4157 886
4158 886
4159 886
4160 886
4161 886
4162 886
4163 886
4164 886
4165 886
4166 886
4167 886
4168 886
4169 886
4170 886
4171 886
4172 886
4173 886
4174 886
4175 886
4176 886
4177 886
4178 886
4179 886
4180 886
4181 886
4182 886
4183 886
4184 886
4185 886
4186 886
4187 886
4188 886
4189 872
4190 860
4191 845
4192 845
4193 845
4194 845
4195 845
4196 845
4197 845
4198 845
4199 845
4200 845
4201 845
4202 845
4203 845
4204 845
4205 845
4206 845
4207 845
4208 845
4209 845
4210 845
4211 845
4212 845
4213 845
4214 845
4215 845
4216 845
4217 845
4218 845
4219 845
4220 845
4221 845
4222 845
4223 845
4224 845
4225 845
4226 845
4227 845
4228 845
4229 845
4230 845
4231 845
4232 845
4233 845
4234 845
4235 845
4236 845
4237 845
4238 845
4239 845
4240 845
4241 845
4242 845
4243 845
4244 845
4245 845
4246 845
4247 845
4248 845
4249 845
4250 845
4251 845
4252 845
4253 845
4254 845
4255 845
4256 845
4257 845
4258 845
4259 836
4260 818
4261 801
4262 798
4263 798
4264 798
4265 798
4266 798
4267 798
4268 798
4269 798
4270 798
4271 798
4272 798
4273 798
4274 798
4275 798
4276 798
4277 798
4278 798
4279 798
4280 798
4281 798
4282 798
4283 798
4284 798
4285 798
4286 798
4287 798
4288 798
4289 798
4290 798
4291 798
4292 798
4293 798
4294 798
4295 798
4296 798
4297 798
4298 798
4299 798
4300 798
4301 798
4302 798
4303 798
4304 798
4305 798
4306 798
4307 798
4308 798
4309 798
4310 798
4311 798
4312 798
4313 798
4314 798
4315 798
4316 798
4317 798
4318 798
4319 787
4320 776
4321 764
4322 758
4323 758
4324 758
4325 758
4326 758
4327 758
4328 758
4329 758
4330 758
4331 758
4332 758
4333 758
4334 758
4335 758
4336 758
4337 758
4338 758
4339 758
4340 758
4341 758
4342 758
4343 758
4344 758
4345 758
4346 758
4347 758
4348 758
4349 758
4350 758
4351 758
4352 758
4353 758
4354 758
4355 758
4356 758
4357 758
4358 758
4359 758
4360 758
4361 758
4362 758
4363 758
4364 758
4365 758
4366 758
4367 758
4368 758
4369 758
4370 758
4371 758
4372 758
4373 758
4374 758
4375 758
4376 758
4377 758
4378 758
4379 758
4380 758
4381 758
4382 758
4383 758
4384 758
4385 758
4386 758
4387 758
4388 758
4389 746
4390 730
4391 707
4392 707
4393 707
4394 707
4395 707
4396 707
4397 707
4398 707
4399 707
4400 707
4401 707
4402 707
4403 707
4404 707
4405 707
4406 707
4407 707
4408 707
4409 707
4410 707
4411 707
4412 707
4413 707
4414 707
4415 707
4416 707
4417 707
4418 707
4419 707
4420 707
4421 707
4422 707
4423 707
4424 707
4425 707
4426 707
4427 707
4428 707
4429 707
4430 707
4431 707
4432 707
4433 707
4434 707
4435 707
4436 707
4437 707
4438 707
4439 707
4440 707
4441 707
4442 707
4443 707
4444 707
4445 707
4446 707
4447 707
4448 707
4449 707
4450 707
4451 707
4452 707
4453 707
4454 707
4455 703
4456 692
4457 685
4458 677
4459 677
4460 677
4461 677
4462 677
4463 677
4464 677
4465 677
4466 677
4467 677
4468 677
4469 677
4470 677
4471 677
4472 677
4473 677
4474 677
4475 677
4476 677
4477 677
4478 677
4479 677
4480 677
4481 677
4482 677
4483 677
4484 677
4485 677
4486 677
4487 677
4488 677
4489 677
4490 677
4491 677
4492 677
4493 677
4494 677
4495 677
4496 677
4497 677
4498 677
4499 677
4500 677
4501 677
4502 677
4503 677
4504 677
4505 677
4506 677
4507 677
4508 677
4509 677
4510 677
4511 677
4512 677
4513 677
4514 677
4515 677
4516 677
4517 677
4518 677
4519 677
4520 677
4521 677
4522 673
4523 659
4524 641
4525 641
4526 641
4527 641
4528 641
4529 641
4530 641
4531 641
4532 641
4533 641
4534 641
4535 641
4536 641
4537 641
4538 641
4539 641
4540 641
4541 641
4542 641
4543 641
4544 641
4545 641
4546 641
4547 641
4548 641
4549 641
4550 641
4551 641
4552 641
4553 641
4554 641
4555 641
4556 641
4557 641
4558 641
4559 641
4560 641
4561 641
4562 641
4563 641
4564 641
4565 641
4566 641
4567 641
4568 641
4569 641
4570 641
4571 641
4572 641
4573 641
4574 641
4575 641
4576 641
4577 641
4578 641
4579 641
4580 641
4581 641
4582 641
4583 641
4584 641
4585 641
4586 641
4587 641
4588 641
4589 627
4590 624
4591 617
4592 616
4593 616
4594 616
4595 616
4596 616
4597 616
4598 616
4599 616
4600 616
4601 616
4602 616
4603 616
4604 616
4605 616
4606 616
4607 616
4608 616
4609 616
4610 616
4611 616
4612 616
4613 616
4614 616
4615 616
4616 616
4617 616
4618 616
4619 616
4620 616
4621 616
4622 616
4623 616
4624 616
4625 616
4626 616
4627 616
4628 616
4629 616
4630 616
4631 616
4632 616
4633 616
4634 616
4635 616
4636 616
4637 616
4638 616
4639 616
4640 616
4641 616
4642 616
4643 616
4644 616
4645 616
4646 616
4647 616
4648 616
4649 616
4650 616
4651 616
4652 616
4653 616
4654 616
4655 616
4656 616
4657 616
4658 616
4659 616
4660 615
4661 610
4662 599
4663 594
4664 594
4665 594
4666 594
4667 594
4668 594
4669 594
4670 594
4671 594
4672 594
4673 594
4674 594
4675 594
4676 594
4677 594
4678 594
4679 594
4680 594
4681 594
4682 594
4683 594
4684 594
4685 594
4686 594
4687 594
4688 594
4689 594
4690 594
4691 594
4692 594
4693 594
4694 594
4695 594
4696 594
4697 594
4698 594
4699 594
4700 594
4701 594
4702 594
4703 594
4704 594
4705 594
4706 594
4707 594
4708 594
4709 594
4710 594
4711 594
4712 594
4713 594
4714 594
4715 594
4716 594
4717 594
4718 594
4719 594
4720 594
4721 594
4722 594
4723 594
4724 594
4725 594
4726 594
4727 594
4728 592
4729 586
4730 580
4731 568
4732 563
4733 563
4734 563
4735 563
4736 563
4737 563
4738 563
4739 563
4740 563
4741 563
4742 563
4743 563
4744 563
4745 563
4746 563
4747 563
4748 563
4749 563
4750 563
4751 563
4752 563
4753 563
4754 563
4755 563
4756 563
4757 563
4758 563
4759 563
4760 563
4761 563
4762 563
4763 563
4764 563
4765 563
4766 563
4767 563
4768 563
4769 563
4770 563
4771 563
4772 563
4773 563
4774 563
4775 563
4776 563
4777 563
4778 563
4779 563
4780 563
4781 563
4782 563
4783 563
4784 563
4785 563
4786 563
4787 563
4788 563
4789 563
4790 563
4791 563
4792 563
4793 563
4794 563
4795 563
4796 563
4797 563
4798 555
4799 550
4800 537
4801 533
4802 533
4803 533
4804 533
4805 533
4806 533
4807 533
4808 533
4809 533
4810 533
4811 533
4812 533
4813 533
4814 533
4815 533
4816 533
4817 533
4818 533
4819 533
4820 533
4821 533
4822 533
4823 533
4824 533
4825 533
4826 533
4827 533
4828 533
4829 533
4830 533
4831 533
4832 533
4833 533
4834 533
4835 533
4836 533
4837 533
4838 533
4839 533
4840 533
4841 533
4842 533
4843 533
4844 533
4845 533
4846 533
4847 533
4848 533
4849 533
4850 533
4851 533
4852 533
4853 533
4854 533
4855 533
4856 533
4857 533
4858 533
4859 533
4860 533
4861 533
4862 533
4863 533
4864 533
4865 526
4866 522
4867 516
4868 511
4869 511
4870 511
4871 511
4872 511
4873 511
4874 511
4875 511
4876 511
4877 511
4878 511
4879 511
4880 511
4881 511
4882 511
4883 511
4884 511
4885 511
4886 511
4887 511
4888 511
4889 511
4890 511
4891 511
4892 511
4893 511
4894 511
4895 511
4896 511
4897 511
4898 511
4899 511
4900 511
4901 511
4902 511
4903 511
4904 511
4905 511
4906 511
4907 511
4908 511
4909 511
4910 511
4911 511
4912 511
4913 511
4914 511
4915 511
4916 511
4917 511
4918 511
4919 511
4920 511
4921 511
4922 511
4923 511
4924 511
4925 511
4926 511
4927 511
4928 511
4929 511
4930 511
4931 511
4932 511
4933 511
4934 505
4935 488
4936 482
4937 479
4938 479
4939 479
4940 479
4941 479
4942 479
4943 479
4944 479
4945 479
4946 479
4947 479
4948 479
4949 479
4950 479
4951 479
4952 479
4953 479
4954 479
4955 479
4956 479
4957 479
4958 479
4959 479
4960 479
4961 479
4962 479
4963 479
4964 479
4965 479
4966 479
4967 479
4968 479
4969 479
4970 479
4971 479
4972 479
4973 479
4974 479
4975 479
4976 479
4977 479
4978 479
4979 479
4980 479
4981 479
4982 479
4983 479
4984 479
4985 479
4986 479
4987 479
4988 479
4989 479
4990 479
4991 479
4992 479
4993 479
4994 479
4995 479
4996 479
4997 479
4998 479
4999 479
5000 479
5001 479
5002 479
5003 470
5004 463
5005 458
5006 458
5007 458
5008 458
5009 458
5010 458
5011 458
5012 458
5013 458
5014 458
5015 458
5016 458
5017 458
5018 458
5019 458
5020 458
5021 458
5022 458
5023 458
5024 458
5025 458
5026 458
5027 458
5028 458
5029 458
5030 458
5031 458
5032 458
5033 458
5034 458
5035 458
5036 458
5037 458
5038 458
5039 458
5040 458
5041 458
5042 458
5043 458
5044 458
5045 458
5046 458
5047 458
5048 458
5049 458
5050 458
5051 458
5052 458
5053 458
5054 458
5055 458
5056 458
5057 458
5058 458
5059 458
5060 458
5061 458
5062 454
5063 447
5064 437
5065 429
5066 429
5067 429
5068 429
5069 429
5070 429
5071 429
5072 429
5073 429
5074 429
5075 429
5076 429
5077 429
5078 429
5079 429
5080 429
5081 429
5082 429
5083 429
5084 429
5085 429
5086 429
5087 429
5088 429
5089 429
5090 429
5091 429
5092 429
5093 429
5094 429
5095 429
5096 429
5097 429
5098 429
5099 429
5100 429
5101 429
5102 429
5103 429
5104 429
5105 429
5106 429
5107 429
5108 429
5109 429
5110 429
5111 429
5112 429
5113 429
5114 429
5115 429
5116 429
5117 429
5118 429
5119 429
5120 429
5121 429
5122 429
5123 429
5124 429
5125 429
5126 429
5127 423
5128 413
5129 407
5130 407
5131 407
5132 407
5133 407
5134 407
5135 407
5136 407
5137 407
5138 407
5139 407
5140 407
5141 407
5142 407
5143 407
5144 407
5145 407
5146 407
5147 407
5148 407
5149 407
5150 407
5151 407
5152 407
5153 407
5154 407
5155 407
5156 407
5157 407
5158 407
5159 407
5160 407
5161 407
5162 407
5163 407
5164 407
5165 407
5166 407
5167 407
5168 407
5169 407
5170 407
5171 407
5172 407
5173 407
5174 407
5175 407
5176 407
5177 407
5178 407
5179 407
5180 407
5181 407
5182 407
5183 407
5184 407
5185 407
5186 407
5187 407
5188 407
5189 407
5190 407
5191 407
5192 407
5193 398
5194 394
5195 386
5196 384
5197 384
5198 384
5199 384
5200 384
5201 384
5202 384
5203 384
5204 384
5205 384
5206 384
5207 384
5208 384
5209 384
5210 384
5211 384
5212 384
5213 384
5214 384
5215 384
5216 384
5217 384
5218 384
5219 384
5220 384
5221 384
5222 384
5223 384
5224 384
5225 384
5226 384
5227 384
5228 384
5229 384
5230 384
5231 384
5232 384
5233 384
5234 384
5235 384
5236 384
5237 384
5238 384
5239 384
5240 384
5241 384
5242 384
5243 384
5244 384
5245 384
5246 384
5247 384
5248 384
5249 384
5250 384
5251 384
5252 384
5253 384
5254 384
5255 384
5256 384
5257 384
5258 384
5259 384
5260 384
5261 384
5262 384
5263 384
5264 384
5265 384
5266 376
5267 374
5268 373
5269 371
5270 371
5271 371
5272 371
5273 371
5274 371
5275 371
5276 371
5277 371
5278 371
5279 371
5280 371
5281 371
5282 371
5283 371
5284 371
5285 371
5286 371
5287 371
5288 371
5289 371
5290 371
5291 371
5292 371
5293 371
5294 371
5295 371
5296 371
5297 371
5298 371
5299 371
5300 371
5301 371
5302 371
5303 371
5304 371
5305 371
5306 371
5307 371
5308 371
5309 371
5310 371
5311 371
5312 371
5313 371
5314 371
5315 371
5316 371
5317 371
5318 371
5319 371
5320 371
5321 371
5322 371
5323 371
5324 371
5325 371
5326 371
5327 371
5328 371
5329 371
5330 371
5331 371
5332 371
5333 371
5334 371
5335 371
5336 371
5337 371
5338 371
5339 363
5340 357
5341 351
5342 351
5343 351
5344 351
5345 351
5346 351
5347 351
5348 351
5349 351
5350 351
5351 351
5352 351
5353 351
5354 351
5355 351
5356 351
5357 351
5358 351
5359 351
5360 351
5361 351
5362 351
5363 351
5364 351
5365 351
5366 351
5367 351
5368 351
5369 351
5370 351
5371 351
5372 351
5373 351
5374 351
5375 351
5376 351
5377 351
5378 351
5379 351
5380 351
5381 351
5382 351
5383 351
5384 351
5385 351
5386 351
5387 351
5388 351
5389 351
5390 351
5391 351
5392 351
5393 351
5394 351
5395 351
5396 351
5397 351
5398 351
5399 351
5400 351
5401 351
5402 351
5403 351
5404 351
5405 351
5406 351
5407 351
5408 351
5409 351
5410 351
5411 351
5412 346
5413 342
5414 338
5415 336
5416 336
5417 336
5418 336
5419 336
5420 336
5421 336
5422 336
5423 336
5424 336
5425 336
5426 336
5427 336
5428 336
5429 336
5430 336
5431 336
5432 336
5433 336
5434 336
5435 336
5436 336
5437 336
5438 336
5439 336
5440 336
5441 336
5442 336
5443 336
5444 336
5445 336
5446 336
5447 336
5448 336
5449 336
5450 336
5451 336
5452 336
5453 336
5454 336
5455 336
5456 336
5457 336
5458 336
5459 336
5460 336
5461 336
5462 336
5463 336
5464 336
5465 336
5466 336
5467 336
5468 336
5469 336
5470 336
5471 336
5472 336
5473 336
5474 336
5475 336
5476 336
5477 336
5478 336
5479 336
5480 336
5481 336
5482 331
5483 327
5484 326
5485 322
5486 322
5487 322
5488 322
5489 322
5490 322
5491 322
5492 322
5493 322
5494 322
5495 322
5496 322
5497 322
5498 322
5499 322
5500 322
5501 322
5502 322
5503 322
5504 322
5505 322
5506 322
5507 322
5508 322
5509 322
5510 322
5511 322
5512 322
5513 322
5514 322
5515 322
5516 322
5517 322
5518 322
5519 322
5520 322
5521 322
5522 322
5523 322
5524 322
5525 322
5526 322
5527 322
5528 322
5529 322
5530 322
5531 322
5532 322
5533 322
5534 322
5535 322
5536 322
5537 322
5538 322
5539 322
5540 322
5541 322
5542 322
5543 322
5544 322
5545 322
5546 322
5547 322
5548 322
5549 322
5550 322
5551 322
5552 322
5553 322
5554 317
5555 315
5556 304
5557 301
5558 301
5559 301
5560 301
5561 301
5562 301
5563 301
5564 301
5565 301
5566 301
5567 301
5568 301
5569 301
5570 301
5571 301
5572 301
5573 301
5574 301
5575 301
5576 301
5577 301
5578 301
5579 301
5580 301
5581 301
5582 301
5583 301
5584 301
5585 301
5586 301
5587 301
5588 301
5589 301
5590 301
5591 301
5592 301
5593 301
5594 301
5595 301
5596 301
5597 301
5598 301
5599 301
5600 301
5601 301
5602 301
5603 301
5604 301
5605 301
5606 301
5607 301
5608 301
5609 301
5610 301
5611 301
5612 301
5613 301
5614 301
5615 301
5616 301
5617 301
5618 301
5619 301
5620 301
5621 301
5622 301
5623 301
5624 301
5625 301
5626 301
5627 300
5628 297
5629 295
5630 288
5631 288
5632 288
5633 288
5634 288
5635 288
5636 288
5637 288
5638 288
5639 288
5640 288
5641 288
5642 288
5643 288
5644 288
5645 288
5646 288
5647 288
5648 288
5649 288
5650 288
5651 288
5652 288
5653 288
5654 288
5655 288
5656 288
5657 288
5658 288
5659 288
5660 288
5661 288
5662 288
5663 288
5664 288
5665 288
5666 288
5667 288
5668 288
5669 288
5670 288
5671 288
5672 288
5673 288
5674 288
5675 288
5676 288
5677 288
5678 288
5679 288
5680 288
5681 288
5682 288
5683 288
5684 288
5685 288
5686 288
5687 288
5688 288
5689 288
5690 288
5691 288
5692 288
5693 288
5694 288
5695 288
5696 288
5697 288
5698 288
5699 288
5700 286
5701 282
5702 279
5703 278
5704 278
5705 278
5706 278
5707 278
5708 278
5709 278
5710 278
5711 278
5712 278
5713 278
5714 278
5715 278
5716 278
5717 278
5718 278
5719 278
5720 278
5721 278
5722 278
5723 278
5724 278
5725 278
5726 278
5727 278
5728 278
5729 278
5730 278
5731 278
5732 278
5733 278
5734 278
5735 278
5736 278
5737 278
5738 278
5739 278
5740 278
5741 278
5742 278
5743 278
5744 278
5745 278
5746 278
5747 278
5748 278
5749 278
5750 278
5751 278
5752 278
5753 278
5754 278
5755 278
5756 278
5757 278
5758 278
5759 278
5760 278
5761 278
5762 278
5763 278
5764 278
5765 278
5766 278
5767 278
5768 278
5769 278
5770 278
5771 278
5772 278
5773 277
5774 274
5775 271
5776 267
5777 267
5778 267
5779 267
5780 267
5781 267
5782 267
5783 267
5784 267
5785 267
5786 267
5787 267
5788 267
5789 267
5790 286
5791 303
5792 303
5793 342
5794 378
5795 377
5796 377
5797 377
5798 377
5799 377
5800 377
5801 401
5802 449
5803 538
5804 571
5805 571
5806 713
5807 756
5808 772
5809 772
5810 772
5811 772
5812 772
5813 772
5814 788
5815 787
5816 787
5817 787
5818 787
5819 787
5820 787
5821 831
5822 848
5823 848
5824 848
5825 892
5826 950
5827 989
5828 1013
5829 1053
5830 1100
5831 1099
5832 1099
5833 1120
5834 1137
5835 1137
5836 1179
5837 1218
5838 1217
5839 1280
5840 1278
5841 1302
5842 1350
5843 1388
5844 1445
5845 1456
5846 1445
5847 1439
5848 1439
5849 1439
5850 1439
5851 1439
5852 1439
5853 1439
5854 1498
5855 1497
5856 1497
5857 1497
5858 1497
5859 1497
5860 1497
5861 1514
5862 1514
5863 1554
5864 1761
5865 1943
5866 2075
5867 2091
5868 2091
5869 2091
5870 2091
5871 2091
5872 2091
5873 2154
5874 2224
5875 2308
5876 2409
5877 2408
5878 2408
5879 2485
5880 2616
5881 2686
5882 2709
5883 2732
5884 2947
5885 3041
5886 3186
5887 3209
5888 3209
5889 3280
5890 3280
5891 3242
5892 3202
5893 3202
5894 3242
5895 3434
5896 3718
5897 3836
5898 3953
5899 4143
5900 4382
5901 4452
5902 4523
5903 4688
5904 5832
5905 6157
5906 6264
5907 6502
5908 6908
5909 7410
5910 7480
5911 7598
5912 7601
5913 7862
5914 8578
5915 8865
5916 8886
5917 8886
5918 9283
5919 9426
5920 9449
5921 10265
5922 10311
5923 10406
5924 10790
5925 11123
5926 11167
5927 11311
5928 11596
5929 11667
5930 12093
5931 12501
5932 12645
5933 13004
5934 13497
5935 13854
5936 13971
5937 13904
5938 14310
5939 14357
5940 14380
5941 14380
5942 14810
5943 14904
5944 15071
5945 15358
5946 15405
5947 15380
5948 15513
5949 15896
5950 15919
5951 16469
5952 17234
5953 17645
5954 17809
5955 18026
5956 18368
5957 18509
5958 18645
5959 18666
5960 18682
5961 18709
5962 18827
5963 19018
5964 19066
5965 19255
5966 19301
5967 19419
5968 19413
5969 19445
5970 19445
5971 20266
5972 20359
5973 20476
5974 20666
5975 20977
5976 21191
5977 21214
5978 21381
5979 21621
5980 22029
5981 22075
5982 22122
5983 22530
5984 22531
5985 22531
5986 22531
5987 22531
5988 22531
5989 22474
5990 22468
5991 22468
5992 22468
5993 22468
5994 22468
5995 22468
5996 22468
5997 22468
5998 22468
5999 22468
6000 22406
6001 22406
6002 22406
6003 22406
6004 22406
6005 22406
6006 22406
6007 22406
6008 22406
6009 22406
6010 22356
6011 22349
6012 22349
6013 22349
6014 22349
6015 22349
6016 22349
6017 22349
6018 22349
6019 22349
6020 22349
6021 22286
6022 22286
6023 22286
6024 22286
6025 22286
6026 22286
6027 22286
6028 22286
6029 22286
6030 22286
6031 22223
6032 22219
6033 22219
6034 22219
6035 22219
6036 22219
6037 22219
6038 22219
6039 22219
6040 22219
6041 22219
6042 22155
6043 22155
6044 22155
6045 22155
6046 22155
6047 22155
6048 22155
6049 22155
6050 22155
6051 22155
6052 22087
6053 22079
6054 22079
6055 22079
6056 22079
6057 22079
6058 22079
6059 22079
6060 22079
6061 22079
6062 22079
6063 22009
6064 22009
6065 22009
6066 22009
6067 22009
6068 22009
6069 22009
6070 22009
6071 22009
6072 22009
6073 21939
6074 21932
6075 21932
6076 21932
6077 21932
6078 21932
6079 21932
6080 21932
6081 21932
6082 21932
6083 21932
6084 21890
6085 21890
6086 21890
6087 21890
6088 21890
6089 21890
6090 21890
6091 21890
6092 21890
6093 21890
6094 21832
6095 21826
6096 21826
6097 21826
6098 21826
6099 21826
6100 21826
6101 21826
6102 21826
6103 21826
6104 21826
6105 21763
6106 21763
6107 21763
6108 21763
6109 21763
6110 21763
6111 21763
6112 21763
6113 21763
6114 21763
6115 21713
6116 21693
6117 21693
6118 21693
6119 21693
6120 21693
6121 21693
6122 21693
6123 21693
6124 21693
6125 21693
6126 21647
6127 21647
6128 21647
6129 21647
6130 21647
6131 21647
6132 21647
6133 21647
6134 21647
6135 21647
6136 21611
6137 21592
6138 21592
6139 21592
6140 21592
6141 21592
6142 21592
6143 21592
6144 21592
6145 21592
6146 21592
6147 21592
6148 21534
6149 21534
6150 21534
6151 21534
6152 21534
6153 21534
6154 21534
6155 21534
6156 21534
6157 21534
6158 21469
6159 21469
6160 21469
6161 21469
6162 21469
6163 21469
6164 21469
6165 21469
6166 21469
6167 21469
6168 21469
6169 21440
6170 21440
6171 21440
6172 21440
6173 21440
6174 21440
6175 21440
6176 21440
6177 21440
6178 21440
6179 21394
6180 21394
6181 21394
6182 21394
6183 21394
6184 21394
6185 21394
6186 21394
6187 21394
6188 21394
6189 21394
6190 21339
6191 21339
6192 21339
6193 21339
6194 21339
6195 21339
6196 21339
6197 21339
6198 21339
6199 21339
6200 21339
6201 21318
6202 21280
6203 21280
6204 21280
6205 21280
6206 21280
6207 21280
6208 21280
6209 21280
6210 21280
6211 21280
6212 21280
6213 21280
6214 21234
6215 21234
6216 21234
6217 21234
6218 21234
6219 21234
6220 21234
6221 21234
6222 21234
6223 21234
6224 21234
6225 21234
6226 21234
6227 21202
6228 21185
6229 21185
6230 21185
6231 21185
6232 21185
6233 21185
6234 21185
6235 21185
6236 21185
6237 21185
6238 21185
6239 21185
6240 21185
6241 21137
6242 21137
6243 21137
6244 21137
6245 21137
6246 21137
6247 21137
6248 21137
6249 21137
6250 21137
6251 21137
6252 21086
6253 21086
6254 21086
6255 21086
6256 21086
6257 21086
6258 21086
6259 21086
6260 21086
6261 21086
6262 21086
6263 21086
6264 21086
6265 21086
6266 21086
6267 21052
6268 21025
6269 21025
6270 21025
6271 21025
6272 21025
6273 21025
6274 21025
6275 21025
6276 21025
6277 21025
6278 21025
6279 21025
6280 21025
6281 20987
6282 20987
6283 20987
6284 20987
6285 20987
6286 20987
6287 20987
6288 20987
6289 20987
6290 20987
6291 20987
6292 20969
6293 20947
6294 20947
6295 20947
6296 20947
6297 20947
6298 20947
6299 20947
6300 20947
6301 20947
6302 20947
6303 20947
6304 20947
6305 20947
6306 20921
6307 20921
6308 20921
6309 20921
6310 20921
6311 20921
6312 20921
6313 20921
6314 20921
6315 20921
6316 20921
6317 20895
6318 20895
6319 20895
6320 20895
6321 20895
6322 20895
6323 20895
6324 20895
6325 20895
6326 20895
6327 20895
6328 20895
6329 20895
6330 20895
6331 20890
6332 20873
6333 20873
6334 20873
6335 20873
6336 20873
6337 20873
6338 20873
6339 20873
6340 20873
6341 20873
6342 20873
6343 20873
6344 20873
6345 20873
6346 20873
6347 20873
6348 20855
6349 20851
6350 20851
6351 20851
6352 20851
6353 20851
6354 20851
6355 20851
6356 20851
6357 20851
6358 20851
6359 20851
6360 20851
6361 20851
6362 20851
6363 20851
6364 20851
6365 20851
6366 20847
6367 20832
6368 20832
6369 20832
6370 20832
6371 20832
6372 20832
6373 20832
6374 20832
6375 20832
6376 20832
6377 20832
6378 20832
6379 20832
6380 20832
6381 20832
6382 20832
6383 20832
6384 20832
6385 20832
6386 20790
6387 20790
6388 20790
6389 20790
6390 20790
6391 20790
6392 20790
6393 20790
6394 20790
6395 20790
6396 20790
6397 20790
6398 20790
6399 20790
6400 20790
6401 20790
6402 20790
6403 20790
6404 20767
6405 20767
6406 20767
6407 20767
6408 20767
6409 20767
6410 20767
6411 20767
6412 20767
6413 20767
6414 20767
6415 20767
6416 20767
6417 20767
6418 20767
6419 20767
6420 20767
6421 20767
6422 20767
6423 20767
6424 20749
6425 20749
6426 20749
6427 20749
6428 20749
6429 20749
6430 20749
6431 20749
6432 20749
6433 20749
6434 20749
6435 20749
6436 20749
6437 20749
6438 20749
6439 20749
6440 20749
6441 20749
6442 20749
6443 20749
6444 20749
6445 20747
6446 20729
6447 20725
6448 20725
6449 20725
6450 20725
6451 20725
6452 20725
6453 20725
6454 20725
6455 20725
6456 20725
6457 20724
6458 20724
6459 20724
6460 20724
6461 20724
6462 20724
6463 20724
6464 20724
6465 20724
6466 20724
6467 20724
6468 20724
6469 20724
6470 20686
6471 20684
6472 20684
6473 20684
6474 20682
6475 20681
6476 20678
6477 20673
6478 20669
6479 20667
6480 20661
6481 20629
6482 20621
6483 20615
6484 20607
6485 20601
6486 20593
6487 20587
6488 20582
6489 20578
6490 20573
6491 20561
6492 20499
6493 20491
6494 20483
6495 20475
6496 20471
6497 20462
6498 20453
6499 20441
6500 20432
6501 20421
6502 20338
6503 20317
6504 20309
6505 20299
6506 20290
6507 20277
6508 20263
6509 20248
6510 20238
6511 20224
6512 20209
6513 20095
6514 20082
6515 20060
6516 20044
6517 20028
6518 20018
6519 20001
6520 19985
6521 19961
6522 19945
6523 19837
6524 19810
6525 19787
6526 19769
6527 19737
6528 19715
6529 19697
6530 19679
6531 19655
6532 19628
6533 19611
6534 19477
6535 19462
6536 19433
6537 19411
6538 19383
6539 19342
6540 19316
6541 19298
6542 19270
6543 19238
6544 19105
6545 19072
6546 19044
6547 19024
6548 18985
6549 18970
6550 18930
6551 18908
6552 18882
6553 18850
6554 18824
6555 18673
6556 18650
6557 18623
6558 18606
6559 18576
6560 18545
6561 18513
6562 18489
6563 18461
6564 18424
6565 18273
6566 18228
6567 18204
6568 18175
6569 18147
6570 18119
6571 18087
6572 18052
6573 18028
6574 17987
6575 17959
6576 17803
6577 17776
6578 17750
6579 17724
6580 17688
6581 17658
6582 17633
6583 17602
6584 17586
6585 17562
6586 17407
6587 17370
6588 17351
6589 17323
6590 17299
6591 17277
6592 17260
6593 17242
6594 17226
6595 17212
6596 17200
6597 17039
6598 17015
6599 16997
6600 16980
