1 10
2 2088
3 2088
4 2088
5 2088
6 2088
7 2088
8 2088
9 2088
10 2088
11 2088
12 2088
13 2088
14 2088
15 2088
16 2088
17 2088
18 2088
19 2088
20 2088
21 2088
22 2088
23 2088
24 2088
25 2088
26 2088
27 2088
28 2088
29 2088
30 2088
31 2088
32 2088
33 2088
34 2088
35 2088
36 2088
37 2088
38 2088
39 2088
40 2088
41 2088
42 2088
43 2088
44 2088
45 2088
46 2088
47 2088
48 2088
49 2088
50 2088
51 2088
52 2088
53 2088
54 2088
55 2088
56 2088
57 2088
58 2088
59 2088
60 2088
61 2088
62 2088
63 2088
64 2088
65 2088
66 2088
67 2088
68 2088
69 2088
70 2088
71 2088
72 2088
73 2088
74 2088
75 2088
76 2088
77 2088
78 2088
79 2088
80 2088
81 2088
82 2088
83 2088
84 2088
85 2088
86 2088
87 2088
88 2088
89 2088
90 2088
91 2088
92 2088
93 2088
94 2088
95 2088
96 2088
97 2088
98 2088
99 2088
100 2088
101 2088
102 2088
103 2088
104 2088
105 2088
106 2088
107 2088
108 2088
109 2088
110 2088
111 2088
112 2088
113 2088
114 2088
115 2088
116 2088
117 2088
118 2088
119 2088
120 2088
121 2088
122 2088
123 2088
124 2088
125 2088
126 2088
127 2088
128 2088
129 2088
130 2088
131 2088
132 2088
133 2088
134 2088
135 2088
136 2088
137 2088
138 2088
139 2088
140 2088
141 2088
142 2088
143 2088
144 2088
145 2088
146 2088
147 2088
148 2088
149 2088
150 2088
151 2088
152 2088
153 2088
154 2088
155 2088
156 2088
157 2088
158 2088
159 2088
160 2088
161 2088
162 2088
163 2088
164 2088
165 2088
166 2088
167 2088
168 2088
169 2088
170 2088
171 2088
172 2088
173 2088
174 2088
175 2088
176 2088
177 2088
178 2088
179 2088
180 2088
181 2088
182 2088
183 2088
184 2088
185 2088
186 2088
187 2088
188 2088
189 2088
190 2088
191 2088
192 2088
193 2088
194 2088
195 2088
196 2088
197 2088
198 2088
199 2088
200 2088
201 2088
202 2088
203 2088
204 2088
205 2088
206 2088
207 2088
208 2088
209 2088
210 2088
211 2088
212 2088
213 2088
214 2088
215 2088
216 2088
217 2088
218 2088
219 2088
220 2088
221 2088
222 2088
223 2088
224 2088
225 2088
226 2088
227 2088
228 2088
229 2088
230 2088
231 2088
232 2088
233 2088
234 2088
235 2088
236 2088
237 2088
238 2088
239 2088
240 2088
241 2088
242 2088
243 2088
244 2088
245 2088
246 2088
247 2088
248 2088
249 2088
250 2088
251 2088
252 2088
253 2088
254 2088
255 2088
256 2088
257 2088
258 2088
259 2088
260 2088
261 2088
262 2088
263 2088
264 2088
265 2088
266 2088
267 2088
268 2088
269 2088
270 2088
271 2088
272 2088
273 2088
274 2088
275 2088
276 2088
277 2088
278 2088
279 2088
280 2088
281 2088
282 2088
283 2088
284 2088
285 2088
286 2088
287 2088
288 2088
289 2088
290 2088
291 2088
292 2088
293 2088
294 2088
295 2088
296 2088
297 2088
298 2088
299 2088
300 2088
301 2088
302 2088
303 2088
304 2088
305 2088
306 2088
307 2088
308 2088
309 2088
310 2088
311 2088
312 2088
313 2088
314 2088
315 2088
316 2088
317 2088
318 2088
319 2088
320 2088
321 2088
322 2088
323 2088
324 2088
325 2088
326 2088
327 2088
328 2088
329 2088
330 2088
331 2088
332 2088
333 2088
334 2088
335 2088
336 2088
337 2088
338 2088
339 2088
340 2088
341 2088
342 2088
343 2088
344 2088
345 2088
346 2088
347 2088
348 2088
349 2088
350 2088
351 2088
352 2088
353 2088
354 2088
355 2088
356 2088
357 2088
358 2088
359 2088
360 2088
361 2088
362 2088
363 2088
364 2088
365 2088
366 2088
367 2088
368 2088
369 2088
370 2088
371 2088
372 2088
373 2088
374 2088
375 2088
376 2088
377 2088
378 2088
379 2088
380 2088
381 2088
382 2088
383 2088
384 2088
385 2088
386 2088
387 2088
388 2088
389 2088
390 2088
391 2088
392 2088
393 2088
394 2088
395 2088
396 2088
397 2088
398 2088
399 2088
400 2088
401 2088
402 2088
403 2088
404 2088
405 2088
406 2088
407 2088
408 2088
409 2088
410 2088
411 2088
412 2088
413 2088
414 2088
415 2088
416 2088
417 2088
418 2088
419 2088
420 2088
421 2088
422 2088
423 2088
424 2088
425 2088
426 2088
427 2088
428 2088
429 2088
430 2088
431 2088
432 2088
433 2088
434 2088
435 2088
436 2088
437 2088
438 2088
439 2088
440 2088
441 2088
442 2088
443 2088
444 2088
445 2088
446 2088
447 2088
448 2088
449 2088
450 2088
451 2088
452 2088
453 2088
454 2088
455 2088
456 2088
457 2088
458 2088
459 2088
460 2088
461 2088
462 2088
463 2088
464 2088
465 2088
466 2088
467 2088
468 2088
469 2088
470 2088
471 2088
472 2088
473 2088
474 2088
475 2088
476 2088
477 2088
478 2088
479 2088
480 2088
481 2088
482 2088
483 2088
484 2088
485 2088
486 2088
487 2088
488 2088
489 2088
490 2088
491 2088
492 2088
493 2088
494 2088
495 2088
496 2088
497 2088
498 2088
499 2088
500 2088
501 2088
502 2088
503 2088
504 2088
505 2088
506 2088
507 2088
508 2088
509 2088
510 2088
511 2088
512 2088
513 2088
514 2088
515 2088
516 2088
517 2088
518 2088
519 2088
520 2088
521 2088
522 2088
523 2088
524 2088
525 2088
526 2088
527 2088
528 2088
529 2088
530 2088
531 2088
532 2088
533 2088
534 2088
535 2088
536 2088
537 2088
538 2088
539 2088
540 2088
541 2088
542 2088
543 2088
544 2088
545 2088
546 2088
547 2088
548 2088
549 2088
550 2088
551 2088
552 2088
553 2088
554 2088
555 2088
556 2088
557 2088
558 2088
559 2088
560 2088
561 2088
562 2088
563 2088
564 2088
565 2088
566 2088
567 2088
568 2088
569 2088
570 2088
571 2088
572 2088
573 2088
574 2088
575 2088
576 2088
577 2088
578 2088
579 2088
580 2088
581 2088
582 2088
583 2088
584 2088
585 2088
586 2088
587 2088
588 2088
589 2088
590 2088
591 2088
592 2088
593 2088
594 2088
595 2088
596 2088
597 2088
598 2088
599 2088
600 2088
601 2088
602 2088
603 2088
604 2088
605 2088
606 2088
607 2088
608 2088
609 2088
610 2088
611 2088
612 2088
613 2088
614 2088
615 2088
616 2088
617 2088
618 2088
619 2088
620 2088
621 2088
622 2088
623 2088
624 2088
625 2088
626 2088
627 2088
628 2088
629 2088
630 2088
631 2088
632 2088
633 2088
634 2088
635 2088
636 2088
637 2088
638 2088
639 2088
640 2088
641 2088
642 2088
643 2088
644 2088
645 2088
646 2088
647 2088
648 2088
649 2088
650 2088
651 2088
652 2088
653 2088
654 2088
655 2088
656 2088
657 2088
658 2088
659 2088
660 2088
661 2088
662 2088
663 2088
664 2088
665 2088
666 2088
667 2088
668 2088
669 2088
670 2088
671 2088
672 2088
673 2088
674 2088
675 2088
676 2088
677 2088
678 2088
679 2088
680 2088
681 2088
682 2088
683 2088
684 2088
685 2088
686 2088
687 2088
688 2088
689 2088
690 2088
691 2088
692 2088
693 2088
694 2088
695 2088
696 2088
697 2088
698 2088
699 2088
700 2088
701 2088
702 2088
703 2088
704 2088
705 2088
706 2088
707 2088
708 2088
709 2088
710 2088
711 2088
712 2088
713 2088
714 2088
715 2088
716 2088
717 2088
718 2088
719 2088
720 2088
721 2088
722 2088
723 2088
724 2088
725 2088
726 2088
727 2088
728 2088
729 2088
730 2088
731 2088
732 2088
733 2088
734 2088
735 2088
736 2088
737 2088
738 2088
739 2088
740 2088
741 2088
742 2088
743 2088
744 2088
745 2088
746 2088
747 2088
748 2088
749 2088
750 2088
751 2088
752 2088
753 2088
754 2088
755 2088
756 2088
757 2088
758 2088
759 2088
760 2088
761 2088
762 2088
763 2088
764 2088
765 2088
766 2088
767 2088
768 2088
769 2088
770 2088
771 2088
772 2088
773 2088
774 2088
775 2088
776 2088
777 2088
778 2088
779 2088
780 2088
781 2088
782 2088
783 2088
784 2088
785 2088
786 2088
787 2088
788 2088
789 2088
790 2088
791 2088
792 2088
793 2088
794 2088
795 2088
796 2088
797 2088
798 2088
799 2088
800 2088
801 2088
802 2088
803 2088
804 2088
805 2088
806 2088
807 2088
808 2088
809 2088
810 2088
811 2088
812 2088
813 2088
814 2088
815 2088
816 2088
817 2088
818 2088
819 2088
820 2088
821 2088
822 2088
823 2088
824 2088
825 2088
826 2088
827 2088
828 2088
829 2088
830 2088
831 2088
832 2088
833 2088
834 2088
835 2088
836 2088
837 2088
838 2088
839 2088
840 2088
841 2088
842 2088
843 2088
844 2088
845 2088
846 2088
847 2088
848 2088
849 2088
850 2088
851 2088
852 2088
853 2088
854 2088
855 2088
856 2088
857 2088
858 2088
859 2088
860 2088
861 2088
862 2088
863 2088
864 2088
865 2088
866 2088
867 2088
868 2088
869 2088
870 2088
871 2088
872 2088
873 2088
874 2088
875 2088
876 2088
877 2088
878 2088
879 2088
880 2088
881 2088
882 2088
883 2088
884 2088
885 2088
886 2088
887 2088
888 2088
889 2088
890 2088
891 2088
892 2088
893 2088
894 2088
895 2088
896 2088
897 2088
898 2088
899 2088
900 2088
901 2088
902 2088
903 2088
904 2088
905 2088
906 2088
907 2088
908 2088
909 2088
910 2088
911 2088
912 2088
913 2088
914 2088
915 2088
916 2088
917 2088
918 2088
919 2088
920 2088
921 2088
922 2088
923 2088
924 2088
925 2088
926 2088
927 2088
928 2088
929 2088
930 2088
931 2088
932 2088
933 2088
934 2088
935 2088
936 2088
937 2088
938 2088
939 2088
940 2088
941 2088
942 2088
943 2088
944 2088
945 2088
946 2088
947 2088
948 2088
949 2088
950 2088
951 2088
952 2088
953 2088
954 2088
955 2088
956 2088
957 2088
958 2088
959 2088
960 2088
961 2088
962 2088
963 2088
964 2088
965 2088
966 2088
967 2088
968 2088
969 2088
970 2088
971 2088
972 2088
973 2088
974 2088
975 2088
976 2088
977 2088
978 2088
979 2088
980 2088
981 2088
982 2088
983 2088
984 2088
985 2088
986 2088
987 2088
988 2088
989 2088
990 2088
991 2088
992 2088
993 2088
994 2088
995 2088
996 2088
997 2088
998 2088
999 2088
1000 2088
1001 2088
1002 2088
1003 2088
1004 2088
1005 2088
1006 2088
1007 2088
1008 2088
1009 2088
1010 2088
1011 2088
1012 2088
1013 2088
1014 2088
1015 2088
1016 2088
1017 2088
1018 2088
1019 2088
1020 2088
1021 2088
1022 2088
1023 2088
1024 2088
1025 2088
1026 2088
1027 2088
1028 2088
1029 2088
1030 2088
1031 2088
1032 2088
1033 2088
1034 2088
1035 2088
1036 2088
1037 2088
1038 2088
1039 2088
1040 2088
1041 2088
1042 2088
1043 2088
1044 2088
1045 2088
1046 2088
1047 2088
1048 2088
1049 2088
1050 2088
1051 2088
1052 2088
1053 2088
1054 2088
1055 2088
1056 2088
1057 2088
1058 2088
1059 2088
1060 2088
1061 2088
1062 2088
1063 2088
1064 2088
1065 2088
1066 2088
1067 2088
1068 2088
1069 2088
1070 2088
1071 2088
1072 2088
1073 2088
1074 2088
1075 2088
1076 2088
1077 2088
1078 2088
1079 2088
1080 2088
1081 2088
1082 2088
1083 2088
1084 2088
1085 2088
1086 2088
1087 2088
1088 2088
1089 2088
1090 2088
1091 2088
1092 2088
1093 2088
1094 2088
1095 2088
1096 2088
1097 2088
1098 2088
1099 2088
1100 2088
1101 2088
1102 2088
1103 2088
1104 2088
1105 2088
1106 2088
1107 2088
1108 2088
1109 2088
1110 2088
1111 2088
1112 2088
1113 2088
1114 2088
1115 2088
1116 2088
1117 2088
1118 2088
1119 2088
1120 2088
1121 2088
1122 2088
1123 2088
1124 2088
1125 2088
1126 2088
1127 2088
1128 2088
1129 2088
1130 2088
1131 2088
1132 2088
1133 2088
1134 2088
1135 2088
1136 2088
1137 2088
1138 2088
1139 2088
1140 2088
1141 2088
1142 2088
1143 2088
1144 2088
1145 2088
1146 2088
1147 2088
1148 2088
1149 2088
1150 2088
1151 2088
1152 2088
1153 2088
1154 2088
1155 2088
1156 2088
1157 2088
1158 2088
1159 2088
1160 2088
1161 2088
1162 2088
1163 2088
1164 2088
1165 2088
1166 2088
1167 2088
1168 2088
1169 2088
1170 2088
1171 2088
1172 2088
1173 2088
1174 2088
1175 2088
1176 2088
1177 2088
1178 2088
1179 2088
1180 2088
1181 2088
1182 2088
1183 2088
1184 2088
1185 2088
1186 2088
1187 2088
1188 2088
1189 2088
1190 2088
1191 2088
1192 2088
1193 2088
1194 2088
1195 2088
1196 2088
1197 2088
1198 2088
1199 2088
1200 2088
1201 2088
1202 2088
1203 2088
1204 2088
1205 2088
1206 2088
1207 2088
1208 2088
1209 2088
1210 2088
1211 2088
1212 2088
1213 2088
1214 2088
1215 2088
1216 2088
1217 2088
1218 2088
1219 2088
1220 2088
1221 2088
1222 2088
1223 2088
1224 2088
1225 2088
1226 2088
1227 2088
1228 2088
1229 2088
1230 2088
1231 2088
1232 2088
1233 2088
1234 2088
1235 2088
1236 2088
1237 2088
1238 2088
1239 2088
1240 2088
1241 2088
1242 2088
1243 2088
1244 2088
1245 2088
1246 2088
1247 2088
1248 2088
1249 2088
1250 2088
1251 2088
1252 2088
1253 2088
1254 2088
1255 2088
1256 2088
1257 2088
1258 2088
1259 2088
1260 2088
1261 2088
1262 2088
1263 2088
1264 2088
1265 2088
1266 2088
1267 2088
1268 2088
1269 2088
1270 2088
1271 2088
1272 2088
1273 2088
1274 2088
1275 2088
1276 2088
1277 2088
1278 2088
1279 2088
1280 2088
1281 2088
1282 2088
1283 2088
1284 2088
1285 2088
1286 2088
1287 2088
1288 2088
1289 2088
1290 2088
1291 2088
1292 2088
1293 2088
1294 2088
1295 2088
1296 2088
1297 2088
1298 2088
1299 2088
1300 2088
1301 2088
1302 2088
1303 2088
1304 2088
1305 2088
1306 2088
1307 2088
1308 2088
1309 2088
1310 2088
1311 2088
1312 2088
1313 2088
1314 2088
1315 2088
1316 2088
1317 2088
1318 2088
1319 2088
1320 2088
1321 2088
1322 2088
1323 2088
1324 2088
1325 2088
1326 2088
1327 2088
1328 2088
1329 2088
1330 2088
1331 2088
1332 2088
1333 2088
1334 2088
1335 2088
1336 2088
1337 2088
1338 2088
1339 2088
1340 2088
1341 2088
1342 2088
1343 2088
1344 2088
1345 2088
1346 2088
1347 2088
1348 2088
1349 2088
1350 2088
1351 2088
1352 2088
1353 2088
1354 2088
1355 2088
1356 2088
1357 2088
1358 2088
1359 2088
1360 2088
1361 2088
1362 2088
1363 2088
1364 2088
1365 2088
1366 2088
1367 2088
1368 2088
1369 2088
1370 2088
1371 2088
1372 2088
1373 2088
1374 2088
1375 2088
1376 2088
1377 2088
1378 2088
1379 2088
1380 2088
1381 2088
1382 2088
1383 2088
1384 2088
1385 2088
1386 2088
1387 2088
1388 2088
1389 2088
1390 2088
1391 2088
1392 2088
1393 2088
1394 2088
1395 2088
1396 2088
1397 2088
1398 2088
1399 2088
1400 2088
1401 2088
1402 2088
1403 2088
1404 2088
1405 2088
1406 2088
1407 2088
1408 2088
1409 2088
1410 2088
1411 2088
1412 2088
1413 2088
1414 2088
1415 2088
1416 2088
1417 2088
1418 2088
1419 2088
1420 2088
1421 2088
1422 2088
1423 2088
1424 2088
1425 2088
1426 2088
1427 2088
1428 2088
1429 2088
1430 2088
1431 2088
1432 2088
1433 2088
1434 2088
1435 2088
1436 2088
1437 2088
1438 2088
1439 2088
1440 2088
1441 2088
1442 2088
1443 2088
1444 2088
1445 2088
1446 2088
1447 2088
1448 2088
1449 2088
1450 2088
1451 2088
1452 2088
1453 2088
1454 2088
1455 2088
1456 2088
1457 2088
1458 2088
1459 2088
1460 2088
1461 2088
1462 2088
1463 2088
1464 2088
1465 2088
1466 2088
1467 2088
1468 2088
1469 2088
1470 2088
1471 2088
1472 2088
1473 2088
1474 2088
1475 2088
1476 2088
1477 2088
1478 2088
1479 2088
1480 2088
1481 2088
1482 2088
1483 2088
1484 2088
1485 2088
1486 2088
1487 2088
1488 2088
1489 2088
1490 2088
1491 2088
1492 2088
1493 2088
1494 2088
1495 2088
1496 2088
1497 2088
1498 2088
1499 2088
1500 2088
1501 2088
1502 2088
1503 2088
1504 2088
1505 2088
1506 2088
1507 2088
1508 2088
1509 2088
1510 2088
1511 2088
1512 2088
1513 2088
1514 2088
1515 2088
1516 2088
1517 2088
1518 2088
1519 2088
1520 2088
1521 2088
1522 2088
1523 2088
1524 2088
1525 2088
1526 2088
1527 2088
1528 2088
1529 2088
1530 2088
1531 2088
1532 2088
1533 2088
1534 2088
1535 2088
1536 2088
1537 2088
1538 2088
1539 2088
1540 2088
1541 2088
1542 2088
1543 2088
1544 2088
1545 2088
1546 2088
1547 2088
1548 2088
1549 2088
1550 2088
1551 2088
1552 2088
1553 2088
1554 2088
1555 2088
1556 2088
1557 2088
1558 2088
1559 2088
1560 2088
1561 2088
1562 2088
1563 2088
1564 2088
1565 2088
1566 2088
1567 2088
1568 2088
1569 2088
1570 2088
1571 2088
1572 2088
1573 2088
1574 2088
1575 2088
1576 2088
1577 2088
1578 2088
1579 2088
1580 2088
1581 2088
1582 2088
1583 2088
1584 2088
1585 2088
1586 2088
1587 2088
1588 2088
1589 2088
1590 2088
1591 2088
1592 2088
1593 2088
1594 2088
1595 2088
1596 2088
1597 2088
1598 2088
1599 2088
1600 2088
1601 2088
1602 2088
1603 2088
1604 2088
1605 2088
1606 2088
1607 2088
1608 2088
1609 2088
1610 2088
1611 2088
1612 2088
1613 2088
1614 2088
1615 2088
1616 2088
1617 2088
1618 2088
1619 2088
1620 2088
1621 2088
1622 2088
1623 2088
1624 2088
1625 2088
1626 2088
1627 2088
1628 2088
1629 2088
1630 2088
1631 2088
1632 2088
1633 2088
1634 2088
1635 2088
1636 2088
1637 2088
1638 2088
1639 2088
1640 2088
1641 2088
1642 2088
1643 2088
1644 2088
1645 2088
1646 2088
1647 2088
1648 2088
1649 2088
1650 2088
1651 2088
1652 2088
1653 2088
1654 2088
1655 2088
1656 2088
1657 2088
1658 2088
1659 2088
1660 2088
1661 2088
1662 2088
1663 2088
1664 2088
1665 2088
1666 2088
1667 2088
1668 2088
1669 2088
1670 2088
1671 2088
1672 2088
1673 2088
1674 2088
1675 2088
1676 2088
1677 2088
1678 2088
1679 2088
1680 2088
1681 2088
1682 2088
1683 2088
1684 2088
1685 2088
1686 2088
1687 2088
1688 2088
1689 2088
1690 2088
1691 2088
1692 2088
1693 2088
1694 2088
1695 2088
1696 2088
1697 2088
1698 2088
1699 2088
1700 2088
1701 2088
1702 2088
1703 2088
1704 2088
1705 2088
1706 2088
1707 2088
1708 2088
1709 2088
1710 2088
1711 2088
1712 2088
1713 2088
1714 2088
1715 2088
1716 2088
1717 2088
1718 2088
1719 2088
1720 2088
1721 2088
1722 2088
1723 2088
1724 2088
1725 2088
1726 2088
1727 2088
1728 2088
1729 2088
1730 2088
1731 2088
1732 2088
1733 2088
1734 2088
1735 2088
1736 2088
1737 2088
1738 2088
1739 2088
1740 2088
1741 2088
1742 2088
1743 2088
1744 2088
1745 2088
1746 2088
1747 2088
1748 2088
1749 2088
1750 2088
1751 2088
1752 2088
1753 2088
1754 2088
1755 2088
1756 2088
1757 2088
1758 2088
1759 2088
1760 2088
1761 2088
1762 2088
1763 2088
1764 2088
1765 2088
1766 2088
1767 2088
1768 2088
1769 2088
1770 2088
1771 2088
1772 2088
1773 2088
1774 2088
1775 2088
1776 2088
1777 2088
1778 2088
1779 2088
1780 2088
1781 2088
1782 2088
1783 2088
1784 2088
1785 2088
1786 2088
1787 2088
1788 2088
1789 2088
1790 2088
1791 2088
1792 2088
1793 2088
1794 2088
1795 2088
1796 2088
1797 2088
1798 2088
1799 2088
1800 2088
1801 2088
1802 2088
1803 2088
1804 2088
1805 2088
1806 2088
1807 2088
1808 2088
1809 2088
1810 2088
1811 2088
1812 2088
1813 2088
1814 2088
1815 2088
1816 2088
1817 2088
1818 2088
1819 2088
1820 2088
1821 2088
1822 2088
1823 2088
1824 2088
1825 2088
1826 2088
1827 2088
1828 2088
1829 2088
1830 2088
1831 2088
1832 2088
1833 2088
1834 2088
1835 2088
1836 2088
1837 2088
1838 2088
1839 2088
1840 2088
1841 2088
1842 2088
1843 2088
1844 2088
1845 2088
1846 2088
1847 2088
1848 2088
1849 2088
1850 2088
1851 2088
1852 2088
1853 2088
1854 2088
1855 2088
1856 2088
1857 2088
1858 2088
1859 2088
1860 2088
1861 2088
1862 2088
1863 2088
1864 2088
1865 2088
1866 2088
1867 2088
1868 2088
1869 2088
1870 2088
1871 2088
1872 2088
1873 2088
1874 2088
1875 2088
1876 2088
1877 2088
1878 2088
1879 2088
1880 2088
1881 2088
1882 2088
1883 2088
1884 2088
1885 2088
1886 2088
1887 2088
1888 2088
1889 2088
1890 2088
1891 2088
1892 2088
1893 2088
1894 2088
1895 2088
1896 2088
1897 2088
1898 2088
1899 2088
1900 2088
1901 2088
1902 2088
1903 2088
1904 2088
1905 2088
1906 2088
1907 2088
1908 2088
1909 2088
1910 2088
1911 2088
1912 2088
1913 2088
1914 2088
1915 2088
1916 2088
1917 2088
1918 2088
1919 2088
1920 2088
1921 2088
1922 2088
1923 2088
1924 2088
1925 2088
1926 2088
1927 2088
1928 2088
1929 2088
1930 2088
1931 2088
1932 2088
1933 2088
1934 2088
1935 2088
1936 2088
1937 2088
1938 2088
1939 2088
1940 2088
1941 2088
1942 2088
1943 2088
1944 2088
1945 2088
1946 2088
1947 2088
1948 2088
1949 2088
1950 2088
1951 2088
1952 2088
1953 2088
1954 2088
1955 2088
1956 2088
1957 2088
1958 2088
1959 2088
1960 2088
1961 2088
1962 2088
1963 2088
1964 2088
1965 2088
1966 2088
1967 2088
1968 2088
1969 2088
1970 2088
1971 2088
1972 2088
1973 2088
1974 2088
1975 2088
1976 2088
1977 2088
1978 2088
1979 2088
1980 2088
1981 2088
1982 2088
1983 2088
1984 2088
1985 2088
1986 2088
1987 2088
1988 2088
1989 2088
1990 2088
1991 2088
1992 2088
1993 2088
1994 2088
1995 2088
1996 2088
1997 2088
1998 2088
1999 2088
2000 2088
2001 2088
2002 2088
2003 2088
2004 2088
2005 2088
2006 2088
2007 2088
2008 2088
2009 2088
2010 2088
2011 2088
2012 2088
2013 2088
2014 2088
2015 2088
2016 2088
2017 2088
2018 2088
2019 2088
2020 2088
2021 2088
2022 2088
2023 2088
2024 2088
2025 2088
2026 2088
2027 2088
2028 2088
2029 2088
2030 2088
2031 2088
2032 2088
2033 2088
2034 2088
2035 2088
2036 2088
2037 2088
2038 2088
2039 2088
2040 2088
2041 2088
2042 2088
2043 2088
2044 2088
2045 2088
2046 2088
2047 2088
2048 2088
2049 2088
2050 2088
2051 2088
2052 2088
2053 2088
2054 2088
2055 2088
2056 2088
2057 2088
2058 2088
2059 2088
2060 2088
2061 2088
2062 2088
2063 2088
2064 2088
2065 2088
2066 2088
2067 2088
2068 2088
2069 2088
2070 2088
2071 2088
2072 2088
2073 2088
2074 2088
2075 2088
2076 2088
2077 2088
2078 2088
2079 2088
2080 2088
2081 2088
2082 2088
2083 2088
2084 2088
2085 2088
2086 2088
2087 2088
2088 2088
2089 2088
2090 2088
2091 2088
2092 2088
2093 2088
2094 2088
2095 2088
2096 2088
2097 2088
2098 2088
2099 2088
2100 2088
2101 2088
2102 2088
2103 2088
2104 2088
2105 2088
2106 2088
2107 2088
2108 2088
2109 2088
2110 2088
2111 2088
2112 2088
2113 2088
2114 2088
2115 2088
2116 2088
2117 2088
2118 2088
2119 2088
2120 2088
2121 2088
2122 2088
2123 2088
2124 2088
2125 2088
2126 2088
2127 2088
2128 2088
2129 2088
2130 2088
2131 2088
2132 2088
2133 2088
2134 2088
2135 2088
2136 2088
2137 2088
2138 2088
2139 2088
2140 2088
2141 2088
2142 2088
2143 2088
2144 2088
2145 2088
2146 2088
2147 2088
2148 2088
2149 2088
2150 2088
2151 2088
2152 2088
2153 2088
2154 2088
2155 2088
2156 2088
2157 2088
2158 2088
2159 2088
2160 2088
2161 2088
2162 2088
2163 2088
2164 2088
2165 2088
2166 2088
2167 2088
2168 2088
2169 2088
2170 2088
2171 2088
2172 2088
2173 2088
2174 2088
2175 2088
2176 2088
2177 2088
2178 2088
2179 2088
2180 2088
2181 2088
2182 2088
2183 2088
2184 2088
2185 2088
2186 2088
2187 2088
2188 2088
2189 2088
2190 2088
2191 2088
2192 2088
2193 2088
2194 2088
2195 2088
2196 2088
2197 2088
2198 2088
2199 2088
2200 2088
2201 2088
2202 2088
2203 2088
2204 2088
2205 2088
2206 2088
2207 2088
2208 2088
2209 2088
2210 2088
2211 2088
2212 2088
2213 2088
2214 2088
2215 2088
2216 2088
2217 2088
2218 2088
2219 2088
2220 2088
2221 2088
2222 2088
2223 2088
2224 2088
2225 2088
2226 2088
2227 2088
2228 2088
2229 2088
2230 2088
2231 2088
2232 2088
2233 2088
2234 2088
2235 2088
2236 2088
2237 2088
2238 2088
2239 2088
2240 2088
2241 2088
2242 2088
2243 2088
2244 2088
2245 2088
2246 2088
2247 2088
2248 2088
2249 2088
2250 2088
2251 2088
2252 2088
2253 2088
2254 2088
2255 2088
2256 2088
2257 2088
2258 2088
2259 2088
2260 2088
2261 2088
2262 2088
2263 2088
2264 2088
2265 2088
2266 2088
2267 2088
2268 2088
2269 2088
2270 2088
2271 2088
2272 2088
2273 2088
2274 2088
2275 2088
2276 2088
2277 2088
2278 2088
2279 2088
2280 2088
2281 2088
2282 2088
2283 2088
2284 2088
2285 2088
2286 2088
2287 2088
2288 2088
2289 2088
2290 2088
2291 2088
2292 2088
2293 2088
2294 2088
2295 2088
2296 2088
2297 2088
2298 2088
2299 2088
2300 2088
2301 2088
2302 2088
2303 2088
2304 2088
2305 2088
2306 2088
2307 2088
2308 2088
2309 2088
2310 2088
2311 2088
2312 2088
2313 2088
2314 2088
2315 2088
2316 2088
2317 2088
2318 2088
2319 2088
2320 2088
2321 2088
2322 2088
2323 2088
2324 2088
2325 2088
2326 2088
2327 2088
2328 2088
2329 2088
2330 2088
2331 2088
2332 2088
2333 2088
2334 2088
2335 2088
2336 2088
2337 2088
2338 2088
2339 2088
2340 2088
2341 2088
2342 2088
2343 2088
2344 2088
2345 2088
2346 2088
2347 2088
2348 2088
2349 2088
2350 2088
2351 2088
2352 2088
2353 2088
2354 2088
2355 2088
2356 2088
2357 2088
2358 2088
2359 2088
2360 2088
2361 2088
2362 2088
2363 2088
2364 2088
2365 2088
2366 2088
2367 2088
2368 2088
2369 2088
2370 2088
2371 2088
2372 2088
2373 2088
2374 2088
2375 2088
2376 2088
2377 2088
2378 2088
2379 2088
2380 2088
2381 2088
2382 2088
2383 2088
2384 2088
2385 2088
2386 2088
2387 2088
2388 2088
2389 2088
2390 2088
2391 2088
2392 2088
2393 2088
2394 2088
2395 2088
2396 2088
2397 2088
2398 2088
2399 2088
2400 2088
2401 2088
2402 2088
2403 2088
2404 2088
2405 2088
2406 2088
2407 2088
2408 2088
2409 2088
2410 2088
2411 2088
2412 2088
2413 2088
2414 2088
2415 2088
2416 2088
2417 2088
2418 2088
2419 2088
2420 2088
2421 2088
2422 2088
2423 2088
2424 2088
2425 2088
2426 2088
2427 2088
2428 2088
2429 2088
2430 2088
2431 2088
2432 2088
2433 2088
2434 2088
2435 2088
2436 2088
2437 2088
2438 2088
2439 2088
2440 2088
2441 2088
2442 2088
2443 2088
2444 2088
2445 2088
2446 2088
2447 2088
2448 2088
2449 2088
2450 2088
2451 2088
2452 2088
2453 2088
2454 2088
2455 2088
2456 2088
2457 2088
2458 2088
2459 2088
2460 2088
2461 2088
2462 2088
2463 2088
2464 2088
2465 2088
2466 2088
2467 2088
2468 2088
2469 2088
2470 2088
2471 2088
2472 2088
2473 2088
2474 2088
2475 2088
2476 2088
2477 2088
2478 2088
2479 2088
2480 2088
2481 2088
2482 2088
2483 2088
2484 2088
2485 2088
2486 2088
2487 2088
2488 2088
2489 2088
2490 2088
2491 2088
2492 2088
2493 2088
2494 2088
2495 2088
2496 2088
2497 2088
2498 2088
2499 2088
2500 2088
2501 2088
2502 2088
2503 2088
2504 2088
2505 2088
2506 2088
2507 2088
2508 2088
2509 2088
2510 2088
2511 2088
2512 2088
2513 2088
2514 2088
2515 2088
2516 2088
2517 2088
2518 2088
2519 2088
2520 2088
2521 2088
2522 2088
2523 2088
2524 2088
2525 2088
2526 2088
2527 2088
2528 2088
2529 2088
2530 2088
2531 2088
2532 2088
2533 2088
2534 2088
2535 2088
2536 2088
2537 2088
2538 2088
2539 2088
2540 2088
2541 2088
2542 2088
2543 2088
2544 2088
2545 2088
2546 2088
2547 2088
2548 2088
2549 2088
2550 2088
2551 2088
2552 2088
2553 2088
2554 2088
2555 2088
2556 2088
2557 2088
2558 2088
2559 2088
2560 2088
2561 2088
2562 2088
2563 2088
2564 2088
2565 2088
2566 2088
2567 2088
2568 2088
2569 2088
2570 2088
2571 2088
2572 2088
2573 2088
2574 2088
2575 2088
2576 2088
2577 2088
2578 2088
2579 2088
2580 2088
2581 2088
2582 2088
2583 2088
2584 2088
2585 2088
2586 2088
2587 2088
2588 2088
2589 2088
2590 2088
2591 2088
2592 2088
2593 2088
2594 2088
2595 2088
2596 2088
2597 2088
2598 2088
2599 2088
2600 2088
2601 2088
2602 2088
2603 2088
2604 2088
2605 2088
2606 2088
2607 2088
2608 2088
2609 2088
2610 2088
2611 2088
2612 2088
2613 2088
2614 2088
2615 2088
2616 2088
2617 2088
2618 2088
2619 2088
2620 2088
2621 2088
2622 2088
2623 2088
2624 2088
2625 2088
2626 2088
2627 2088
2628 2088
2629 2088
2630 2088
2631 2088
2632 2088
2633 2088
2634 2088
2635 2088
2636 2088
2637 2088
2638 2088
2639 2087
2640 2085
2641 2084
2642 2083
2643 2081
2644 2080
2645 2080
2646 2080
2647 2079
2648 2078
2649 2078
2650 2075
2651 2075
2652 2075
2653 2075
2654 2074
2655 2073
2656 2073
2657 2072
2658 2069
2659 2069
2660 2065
2661 2061
2662 2057
2663 2057
2664 2057
2665 2056
2666 2055
2667 2055
2668 2054
2669 2054
2670 2053
2671 2053
2672 2051
2673 2051
2674 2050
2675 2049
2676 2048
2677 2048
2678 2048
2679 2048
2680 2048
2681 2047
2682 2046
2683 2046
2684 2045
2685 2044
2686 2041
2687 2041
2688 2040
2689 2038
2690 2035
2691 2033
2692 2032
2693 2030
2694 2029
2695 2029
2696 2028
2697 2028
2698 2028
2699 2027
2700 2026
2701 2025
2702 2025
2703 2022
2704 2022
2705 2022
2706 2022
2707 2022
2708 2021
2709 2019
2710 2019
2711 2018
2712 2016
2713 2016
2714 2016
2715 2014
2716 2014
2717 2012
2718 2006
2719 2004
2720 2001
2721 1999
2722 1996
2723 1994
2724 1994
2725 1994
2726 1994
2727 1992
2728 1992
2729 1992
2730 1992
2731 1991
2732 1991
2733 1991
2734 1990
2735 1990
2736 1990
2737 1988
2738 1988
2739 1988
2740 1987
2741 1986
2742 1985
2743 1982
2744 1982
2745 1980
2746 1980
2747 1980
2748 1980
2749 1980
2750 1980
2751 1979
2752 1979
2753 1979
2754 1978
2755 1977
2756 1977
2757 1976
2758 1976
2759 1975
2760 1973
2761 1973
2762 1971
2763 1970
2764 1970
2765 1970
2766 1970
2767 1970
2768 1969
2769 1969
2770 1969
2771 1967
2772 1967
2773 1966
2774 1965
2775 1965
2776 1965
2777 1964
2778 1964
2779 1959
2780 1945
2781 1940
2782 1937
2783 1937
2784 1936
2785 1933
2786 1933
2787 1930
2788 1929
2789 1929
2790 1929
2791 1926
2792 1926
2793 1926
2794 1925
2795 1923
2796 1923
2797 1922
2798 1922
2799 1922
2800 1921
2801 1920
2802 1920
2803 1920
2804 1920
2805 1919
2806 1919
2807 1919
2808 1917
2809 1916
2810 1916
2811 1915
2812 1915
2813 1914
2814 1913
2815 1913
2816 1912
2817 1910
2818 1909
2819 1908
2820 1908
2821 1908
2822 1908
2823 1905
2824 1903
2825 1903
2826 1903
2827 1902
2828 1902
2829 1901
2830 1900
2831 1900
2832 1899
2833 1899
2834 1899
2835 1898
2836 1897
2837 1897
2838 1897
2839 1896
2840 1896
2841 1890
2842 1878
2843 1873
2844 1865
2845 1863
2846 1861
2847 1861
2848 1860
2849 1860
2850 1860
2851 1860
2852 1860
2853 1859
2854 1858
2855 1858
2856 1858
2857 1857
2858 1857
2859 1857
2860 1855
2861 1854
2862 1853
2863 1852
2864 1852
2865 1850
2866 1849
2867 1849
2868 1847
2869 1846
2870 1844
2871 1841
2872 1841
2873 1841
2874 1840
2875 1840
2876 1839
2877 1839
2878 1838
2879 1838
2880 1838
2881 1837
2882 1837
2883 1837
2884 1837
2885 1834
2886 1833
2887 1832
2888 1831
2889 1830
2890 1830
2891 1830
2892 1829
2893 1828
2894 1828
2895 1828
2896 1827
2897 1827
2898 1826
2899 1825
2900 1825
2901 1823
2902 1823
2903 1811
2904 1799
2905 1785
2906 1785
2907 1783
2908 1781
2909 1781
2910 1781
2911 1780
2912 1780
2913 1779
2914 1778
2915 1777
2916 1775
2917 1775
2918 1775
2919 1775
2920 1774
2921 1773
2922 1772
2923 1772
2924 1772
2925 1772
2926 1771
2927 1770
2928 1769
2929 1769
2930 1769
2931 1768
2932 1768
2933 1768
2934 1768
2935 1768
2936 1768
2937 1768
2938 1767
2939 1766
2940 1763
2941 1762
2942 1762
2943 1762
2944 1762
2945 1761
2946 1760
2947 1759
2948 1756
2949 1756
2950 1756
2951 1756
2952 1756
2953 1756
2954 1755
2955 1755
2956 1754
2957 1753
2958 1753
2959 1751
2960 1750
2961 1750
2962 1748
2963 1736
2964 1715
2965 1710
2966 1708
2967 1705
2968 1703
2969 1703
2970 1703
2971 1701
2972 1701
2973 1701
2974 1701
2975 1700
2976 1699
2977 1699
2978 1697
2979 1696
2980 1694
2981 1693
2982 1693
2983 1689
2984 1689
2985 1688
2986 1687
2987 1687
2988 1687
2989 1687
2990 1687
2991 1687
2992 1687
2993 1687
2994 1686
2995 1685
2996 1685
2997 1685
2998 1685
2999 1685
3000 1683
3001 1681
3002 1681
3003 1679
3004 1679
3005 1677
3006 1677
3007 1677
3008 1677
3009 1676
3010 1675
3011 1673
3012 1673
3013 1672
3014 1669
3015 1669
3016 1667
3017 1666
3018 1664
3019 1651
3020 1632
3021 1626
3022 1626
3023 1626
3024 1626
3025 1626
3026 1626
3027 1625
3028 1624
3029 1624
3030 1623
3031 1623
3032 1622
3033 1622
3034 1622
3035 1620
3036 1620
3037 1619
3038 1617
3039 1615
3040 1613
3041 1612
3042 1611
3043 1610
3044 1609
3045 1609
3046 1608
3047 1607
3048 1604
3049 1604
3050 1603
3051 1603
3052 1599
3053 1599
3054 1596
3055 1596
3056 1593
3057 1592
3058 1590
3059 1589
3060 1588
3061 1587
3062 1587
3063 1585
3064 1583
3065 1582
3066 1582
3067 1581
3068 1581
3069 1581
3070 1581
3071 1581
3072 1580
3073 1571
3074 1562
3075 1536
3076 1531
3077 1530
3078 1529
3079 1529
3080 1528
3081 1528
3082 1528
3083 1528
3084 1527
3085 1526
3086 1525
3087 1523
3088 1523
3089 1523
3090 1521
3091 1521
3092 1520
3093 1517
3094 1517
3095 1516
3096 1516
3097 1514
3098 1514
3099 1513
3100 1513
3101 1512
3102 1509
3103 1507
3104 1505
3105 1505
3106 1504
3107 1502
3108 1501
3109 1500
3110 1499
3111 1498
3112 1498
3113 1497
3114 1497
3115 1496
3116 1495
3117 1495
3118 1494
3119 1493
3120 1493
3121 1493
3122 1491
3123 1491
3124 1489
3125 1487
3126 1487
3127 1483
3128 1461
3129 1437
3130 1430
3131 1429
3132 1428
3133 1428
3134 1427
3135 1426
3136 1425
3137 1423
3138 1423
3139 1420
3140 1420
3141 1419
3142 1419
3143 1416
3144 1416
3145 1415
3146 1414
3147 1412
3148 1412
3149 1410
3150 1410
3151 1409
3152 1408
3153 1408
3154 1407
3155 1407
3156 1404
3157 1402
3158 1401
3159 1400
3160 1398
3161 1397
3162 1396
3163 1396
3164 1396
3165 1396
3166 1396
3167 1395
3168 1394
3169 1392
3170 1391
3171 1389
3172 1387
3173 1386
3174 1384
3175 1379
3176 1355
3177 1323
3178 1309
3179 1308
3180 1308
3181 1308
3182 1308
3183 1305
3184 1305
3185 1303
3186 1303
3187 1301
3188 1300
3189 1300
3190 1298
3191 1298
3192 1297
3193 1294
3194 1294
3195 1292
3196 1291
3197 1290
3198 1290
3199 1290
3200 1289
3201 1288
3202 1285
3203 1284
3204 1284
3205 1284
3206 1284
3207 1283
3208 1283
3209 1283
3210 1283
3211 1282
3212 1282
3213 1281
3214 1281
3215 1279
3216 1279
3217 1279
3218 1279
3219 1279
3220 1279
3221 1279
3222 1276
3223 1264
3224 1250
3225 1235
3226 1235
3227 1235
3228 1235
3229 1235
3230 1235
3231 1235
3232 1235
3233 1235
3234 1235
3235 1235
3236 1235
3237 1235
3238 1235
3239 1235
3240 1235
3241 1235
3242 1235
3243 1235
3244 1235
3245 1235
3246 1235
3247 1235
3248 1235
3249 1235
3250 1235
3251 1235
3252 1235
3253 1235
3254 1235
3255 1235
3256 1235
3257 1235
3258 1235
3259 1235
3260 1235
3261 1235
3262 1235
3263 1235
3264 1235
3265 1235
3266 1235
3267 1235
3268 1235
3269 1235
3270 1235
3271 1235
3272 1235
3273 1235
3274 1235
3275 1235
3276 1235
3277 1235
3278 1235
3279 1235
3280 1235
3281 1235
3282 1235
3283 1235
3284 1228
3285 1206
3286 1187
3287 1174
3288 1174
3289 1174
3290 1174
3291 1174
3292 1174
3293 1174
3294 1174
3295 1174
3296 1174
3297 1174
3298 1174
3299 1174
3300 1174
3301 1174
3302 1174
3303 1174
3304 1174
3305 1174
3306 1174
3307 1174
3308 1174
3309 1174
3310 1174
3311 1174
3312 1174
3313 1174
3314 1174
3315 1174
3316 1174
3317 1174
3318 1174
3319 1174
3320 1174
3321 1174
3322 1174
3323 1174
3324 1174
3325 1174
3326 1174
3327 1174
3328 1174
3329 1174
3330 1174
3331 1174
3332 1174
3333 1174
3334 1174
3335 1174
3336 1174
3337 1174
3338 1174
3339 1174
3340 1174
3341 1174
3342 1174
3343 1174
3344 1174
3345 1174
3346 1174
3347 1159
3348 1144
3349 1127
3350 1127
3351 1127
3352 1127
3353 1127
3354 1127
3355 1127
3356 1127
3357 1127
3358 1127
3359 1127
3360 1127
3361 1127
3362 1127
3363 1127
3364 1127
3365 1127
3366 1127
3367 1127
3368 1127
3369 1127
3370 1127
3371 1127
3372 1127
3373 1127
3374 1127
3375 1127
3376 1127
3377 1127
3378 1127
3379 1127
3380 1127
3381 1127
3382 1127
3383 1127
3384 1127
3385 1127
3386 1127
3387 1127
3388 1127
3389 1127
3390 1127
3391 1127
3392 1127
3393 1127
3394 1127
3395 1127
3396 1127
3397 1127
3398 1127
3399 1127
3400 1127
3401 1127
3402 1127
3403 1127
3404 1127
3405 1127
3406 1127
3407 1127
3408 1127
3409 1120
3410 1099
3411 1078
3412 1078
3413 1078
3414 1078
3415 1078
3416 1078
3417 1078
3418 1078
3419 1078
3420 1078
3421 1078
3422 1078
3423 1078
3424 1078
3425 1078
3426 1078
3427 1078
3428 1078
3429 1078
3430 1078
3431 1078
3432 1078
3433 1078
3434 1078
3435 1078
3436 1078
3437 1078
3438 1078
3439 1078
3440 1078
3441 1078
3442 1078
3443 1078
3444 1078
3445 1078
3446 1078
3447 1078
3448 1078
3449 1078
3450 1078
3451 1078
3452 1078
3453 1078
3454 1078
3455 1078
3456 1078
3457 1078
3458 1078
3459 1078
3460 1078
3461 1078
3462 1078
3463 1078
3464 1078
3465 1078
3466 1078
3467 1078
3468 1078
3469 1078
3470 1064
3471 1046
3472 1033
3473 1033
3474 1033
3475 1033
3476 1033
3477 1033
3478 1033
3479 1033
3480 1033
3481 1033
3482 1033
3483 1033
3484 1033
3485 1033
3486 1033
3487 1033
3488 1033
3489 1033
3490 1033
3491 1033
3492 1033
3493 1033
3494 1033
3495 1033
3496 1033
3497 1033
3498 1033
3499 1033
3500 1033
3501 1033
3502 1033
3503 1033
3504 1033
3505 1033
3506 1033
3507 1033
3508 1033
3509 1033
3510 1033
3511 1033
3512 1033
3513 1033
3514 1033
3515 1033
3516 1033
3517 1033
3518 1033
3519 1033
3520 1033
3521 1033
3522 1033
3523 1033
3524 1033
3525 1033
3526 1033
3527 1033
3528 1033
3529 1033
3530 1033
3531 1033
3532 1033
3533 1026
3534 1010
3535 978
3536 973
3537 973
3538 973
3539 973
3540 973
3541 973
3542 973
3543 973
3544 973
3545 973
3546 973
3547 973
3548 973
3549 973
3550 973
3551 973
3552 973
3553 973
3554 973
3555 973
3556 973
3557 973
3558 973
3559 973
3560 973
3561 973
3562 973
3563 973
3564 973
3565 973
3566 973
3567 973
3568 973
3569 973
3570 973
3571 973
3572 973
3573 973
3574 973
3575 973
3576 973
3577 973
3578 973
3579 973
3580 973
3581 973
3582 973
3583 973
3584 973
3585 973
3586 973
3587 973
3588 973
3589 973
3590 973
3591 973
3592 973
3593 973
3594 973
3595 973
3596 973
3597 964
3598 947
3599 932
3600 927
3601 927
3602 927
3603 927
3604 927
3605 927
3606 927
3607 927
3608 927
3609 927
3610 927
3611 927
3612 927
3613 927
3614 927
3615 927
3616 927
3617 927
3618 927
3619 927
3620 927
3621 927
3622 927
3623 927
3624 927
3625 927
3626 927
3627 927
3628 927
3629 927
3630 927
3631 927
3632 927
3633 927
3634 927
3635 927
3636 927
3637 927
3638 927
3639 927
3640 927
3641 927
3642 927
3643 927
3644 927
3645 927
3646 927
3647 927
3648 927
3649 927
3650 927
3651 927
3652 927
3653 927
3654 927
3655 927
3656 927
3657 927
3658 927
3659 927
3660 927
3661 927
3662 922
3663 907
3664 889
3665 881
3666 881
3667 881
3668 881
3669 881
3670 881
3671 881
3672 881
3673 881
3674 881
3675 881
3676 881
3677 881
3678 881
3679 881
3680 881
3681 881
3682 881
3683 881
3684 881
3685 881
3686 881
3687 881
3688 881
3689 881
3690 881
3691 881
3692 881
3693 881
3694 881
3695 881
3696 881
3697 881
3698 881
3699 881
3700 881
3701 881
3702 881
3703 881
3704 881
3705 881
3706 881
3707 881
3708 881
3709 881
3710 881
3711 881
3712 881
3713 881
3714 881
3715 881
3716 881
3717 881
3718 881
3719 881
3720 881
3721 881
3722 881
3723 881
3724 881
3725 881
3726 881
3727 881
3728 881
3729 875
3730 860
3731 846
3732 841
3733 841
3734 841
3735 841
3736 841
3737 841
3738 841
3739 841
3740 841
3741 841
3742 841
3743 841
3744 841
3745 841
3746 841
3747 841
3748 841
3749 841
3750 841
3751 841
3752 841
3753 841
3754 841
3755 841
3756 841
3757 841
3758 841
3759 841
3760 841
3761 841
3762 841
3763 841
3764 841
3765 841
3766 841
3767 841
3768 841
3769 841
3770 841
3771 841
3772 841
3773 841
3774 841
3775 841
3776 841
3777 841
3778 841
3779 841
3780 841
3781 841
3782 841
3783 841
3784 841
3785 841
3786 841
3787 841
3788 841
3789 841
3790 841
3791 841
3792 841
3793 841
3794 841
3795 841
3796 841
3797 841
3798 834
3799 816
3800 802
3801 802
3802 802
3803 802
3804 802
3805 802
3806 802
3807 802
3808 802
3809 802
3810 802
3811 802
3812 802
3813 802
3814 802
3815 802
3816 802
3817 802
3818 802
3819 802
3820 802
3821 802
3822 802
3823 802
3824 802
3825 802
3826 802
3827 802
3828 802
3829 802
3830 802
3831 802
3832 802
3833 802
3834 802
3835 802
3836 802
3837 802
3838 802
3839 802
3840 802
3841 802
3842 802
3843 802
3844 802
3845 802
3846 802
3847 802
3848 802
3849 802
3850 802
3851 802
3852 802
3853 802
3854 802
3855 802
3856 802
3857 802
3858 802
3859 802
3860 802
3861 802
3862 802
3863 802
3864 781
3865 764
3866 759
3867 759
3868 759
3869 759
3870 759
3871 759
3872 759
3873 759
3874 759
3875 759
3876 759
3877 759
3878 759
3879 759
3880 759
3881 759
3882 759
3883 759
3884 759
3885 759
3886 759
3887 759
3888 759
3889 759
3890 759
3891 759
3892 759
3893 759
3894 759
3895 759
3896 759
3897 759
3898 759
3899 759
3900 759
3901 759
3902 759
3903 759
3904 759
3905 759
3906 759
3907 759
3908 759
3909 759
3910 759
3911 759
3912 759
3913 759
3914 759
3915 759
3916 759
3917 759
3918 759
3919 759
3920 759
3921 759
3922 759
3923 759
3924 759
3925 759
3926 759
3927 759
3928 759
3929 759
3930 759
3931 755
3932 747
3933 740
3934 730
3935 725
3936 725
3937 725
3938 725
3939 725
3940 725
3941 725
3942 725
3943 725
3944 725
3945 725
3946 725
3947 725
3948 725
3949 725
3950 725
3951 725
3952 725
3953 725
3954 725
3955 725
3956 725
3957 725
3958 725
3959 725
3960 725
3961 725
3962 725
3963 725
3964 725
3965 725
3966 725
3967 725
3968 725
3969 725
3970 725
3971 725
3972 725
3973 725
3974 725
3975 725
3976 725
3977 725
3978 725
3979 725
3980 725
3981 725
3982 725
3983 725
3984 725
3985 725
3986 725
3987 725
3988 725
3989 725
3990 725
3991 725
3992 725
3993 725
3994 725
3995 725
3996 725
3997 725
3998 725
3999 725
4000 725
4001 708
4002 699
4003 690
4004 690
4005 690
4006 690
4007 690
4008 690
4009 690
4010 690
4011 690
4012 690
4013 690
4014 690
4015 690
4016 690
4017 690
4018 690
4019 690
4020 690
4021 690
4022 690
4023 690
4024 690
4025 690
4026 690
4027 690
4028 690
4029 690
4030 690
4031 690
4032 690
4033 690
4034 690
4035 690
4036 690
4037 690
4038 690
4039 690
4040 690
4041 690
4042 690
4043 690
4044 690
4045 690
4046 690
4047 690
4048 690
4049 690
4050 690
4051 690
4052 690
4053 690
4054 690
4055 690
4056 690
4057 690
4058 690
4059 690
4060 690
4061 690
4062 690
4063 690
4064 690
4065 690
4066 690
4067 690
4068 690
4069 683
4070 662
4071 654
4072 651
4073 651
4074 651
4075 651
4076 651
4077 651
4078 651
4079 651
4080 651
4081 651
4082 651
4083 651
4084 651
4085 651
4086 651
4087 651
4088 651
4089 651
4090 651
4091 651
4092 651
4093 651
4094 651
4095 651
4096 651
4097 651
4098 651
4099 651
4100 651
4101 651
4102 651
4103 651
4104 651
4105 651
4106 651
4107 651
4108 651
4109 651
4110 651
4111 651
4112 651
4113 651
4114 651
4115 651
4116 651
4117 651
4118 651
4119 651
4120 651
4121 651
4122 651
4123 651
4124 651
4125 651
4126 651
4127 651
4128 651
4129 651
4130 651
4131 651
4132 651
4133 651
4134 651
4135 651
4136 649
4137 640
4138 631
4139 621
4140 621
4141 621
4142 621
4143 621
4144 621
4145 621
4146 621
4147 621
4148 621
4149 621
4150 621
4151 621
4152 621
4153 621
4154 621
4155 621
4156 621
4157 621
4158 621
4159 621
4160 621
4161 621
4162 621
4163 621
4164 621
4165 621
4166 621
4167 621
4168 621
4169 621
4170 621
4171 621
4172 621
4173 621
4174 621
4175 621
4176 621
4177 621
4178 621
4179 621
4180 621
4181 621
4182 621
4183 621
4184 621
4185 621
4186 621
4187 621
4188 621
4189 621
4190 621
4191 621
4192 621
4193 621
4194 621
4195 621
4196 621
4197 621
4198 621
4199 621
4200 621
4201 621
4202 621
4203 619
4204 609
4205 600
4206 591
4207 591
4208 591
4209 591
4210 591
4211 591
4212 591
4213 591
4214 591
4215 591
4216 591
4217 591
4218 591
4219 591
4220 591
4221 591
4222 591
4223 591
4224 591
4225 591
4226 591
4227 591
4228 591
4229 591
4230 591
4231 591
4232 591
4233 591
4234 591
4235 591
4236 591
4237 591
4238 591
4239 591
4240 591
4241 591
4242 591
4243 591
4244 591
4245 591
4246 591
4247 591
4248 591
4249 591
4250 591
4251 591
4252 591
4253 591
4254 591
4255 591
4256 591
4257 591
4258 591
4259 591
4260 591
4261 591
4262 591
4263 591
4264 591
4265 591
4266 591
4267 591
4268 591
4269 591
4270 591
4271 591
4272 589
4273 579
4274 564
4275 558
4276 558
4277 558
4278 558
4279 558
4280 558
4281 558
4282 558
4283 558
4284 558
4285 558
4286 558
4287 558
4288 558
4289 558
4290 558
4291 558
4292 558
4293 558
4294 558
4295 558
4296 558
4297 558
4298 558
4299 558
4300 558
4301 558
4302 558
4303 558
4304 558
4305 558
4306 558
4307 558
4308 558
4309 558
4310 558
4311 558
4312 558
4313 558
4314 558
4315 558
4316 558
4317 558
4318 558
4319 558
4320 558
4321 558
4322 558
4323 558
4324 558
4325 558
4326 558
4327 558
4328 558
4329 558
4330 558
4331 558
4332 558
4333 558
4334 558
4335 558
4336 558
4337 558
4338 558
4339 556
4340 545
4341 539
4342 530
4343 530
4344 530
4345 530
4346 530
4347 530
4348 530
4349 530
4350 530
4351 530
4352 530
4353 530
4354 530
4355 530
4356 530
4357 530
4358 530
4359 530
4360 530
4361 530
4362 530
4363 530
4364 530
4365 530
4366 530
4367 530
4368 530
4369 530
4370 530
4371 530
4372 530
4373 530
4374 530
4375 530
4376 530
4377 530
4378 530
4379 530
4380 530
4381 530
4382 530
4383 530
4384 530
4385 530
4386 530
4387 530
4388 530
4389 530
4390 530
4391 530
4392 530
4393 530
4394 530
4395 530
4396 530
4397 530
4398 530
4399 530
4400 530
4401 530
4402 530
4403 530
4404 530
4405 530
4406 530
4407 530
4408 530
4409 524
4410 518
4411 513
4412 504
4413 504
4414 504
4415 504
4416 504
4417 504
4418 504
4419 504
4420 504
4421 504
4422 504
4423 504
4424 504
4425 504
4426 504
4427 504
4428 504
4429 504
4430 504
4431 504
4432 504
4433 504
4434 504
4435 504
4436 504
4437 504
4438 504
4439 504
4440 504
4441 504
4442 504
4443 504
4444 504
4445 504
4446 504
4447 504
4448 504
4449 504
4450 504
4451 504
4452 504
4453 504
4454 504
4455 504
4456 504
4457 504
4458 504
4459 504
4460 504
4461 504
4462 504
4463 504
4464 504
4465 504
4466 504
4467 504
4468 504
4469 504
4470 504
4471 504
4472 504
4473 504
4474 504
4475 504
4476 504
4477 498
4478 495
4479 490
4480 489
4481 489
4482 489
4483 489
4484 489
4485 489
4486 489
4487 489
4488 489
4489 489
4490 489
4491 489
4492 489
4493 489
4494 489
4495 489
4496 489
4497 489
4498 489
4499 489
4500 489
4501 489
4502 489
4503 489
4504 489
4505 489
4506 489
4507 489
4508 489
4509 489
4510 489
4511 489
4512 489
4513 489
4514 489
4515 489
4516 489
4517 489
4518 489
4519 489
4520 489
4521 489
4522 489
4523 489
4524 489
4525 489
4526 489
4527 489
4528 489
4529 489
4530 489
4531 489
4532 489
4533 489
4534 489
4535 489
4536 489
4537 489
4538 489
4539 489
4540 489
4541 489
4542 487
4543 484
4544 478
4545 468
4546 468
4547 468
4548 468
4549 468
4550 468
4551 468
4552 468
4553 468
4554 468
4555 468
4556 468
4557 468
4558 468
4559 468
4560 468
4561 468
4562 468
4563 468
4564 468
4565 468
4566 468
4567 468
4568 468
4569 468
4570 468
4571 468
4572 468
4573 468
4574 468
4575 468
4576 468
4577 468
4578 468
4579 468
4580 468
4581 468
4582 468
4583 468
4584 468
4585 468
4586 468
4587 468
4588 468
4589 468
4590 468
4591 468
4592 468
4593 468
4594 468
4595 468
4596 468
4597 468
4598 468
4599 468
4600 468
4601 468
4602 468
4603 468
4604 468
4605 468
4606 468
4607 468
4608 468
4609 465
4610 456
4611 453
4612 450
4613 450
4614 450
4615 450
4616 450
4617 450
4618 450
4619 450
4620 450
4621 450
4622 450
4623 450
4624 450
4625 450
4626 450
4627 450
4628 450
4629 450
4630 450
4631 450
4632 450
4633 450
4634 450
4635 450
4636 450
4637 450
4638 450
4639 450
4640 450
4641 450
4642 450
4643 450
4644 450
4645 450
4646 450
4647 450
4648 450
4649 450
4650 450
4651 450
4652 450
4653 450
4654 450
4655 450
4656 450
4657 450
4658 450
4659 450
4660 450
4661 450
4662 450
4663 450
4664 450
4665 450
4666 450
4667 450
4668 450
4669 450
4670 450
4671 450
4672 450
4673 450
4674 450
4675 450
4676 442
4677 438
4678 431
4679 431
4680 431
4681 431
4682 431
4683 431
4684 431
4685 431
4686 431
4687 431
4688 431
4689 431
4690 431
4691 431
4692 431
4693 431
4694 431
4695 431
4696 431
4697 431
4698 431
4699 431
4700 431
4701 431
4702 431
4703 431
4704 431
4705 431
4706 431
4707 431
4708 431
4709 431
4710 431
4711 431
4712 431
4713 431
4714 431
4715 431
4716 431
4717 431
4718 431
4719 431
4720 431
4721 431
4722 431
4723 431
4724 431
4725 431
4726 431
4727 431
4728 431
4729 431
4730 431
4731 431
4732 431
4733 431
4734 431
4735 431
4736 431
4737 431
4738 431
4739 431
4740 431
4741 431
4742 431
4743 431
4744 431
4745 429
4746 427
4747 424
4748 417
4749 416
4750 416
4751 416
4752 416
4753 416
4754 416
4755 416
4756 416
4757 416
4758 416
4759 416
4760 416
4761 416
4762 416
4763 416
4764 416
4765 416
4766 416
4767 416
4768 416
4769 416
4770 416
4771 416
4772 416
4773 416
4774 416
4775 416
4776 416
4777 416
4778 416
4779 416
4780 416
4781 416
4782 416
4783 416
4784 416
4785 416
4786 416
4787 416
4788 416
4789 416
4790 416
4791 416
4792 416
4793 416
4794 416
4795 416
4796 416
4797 416
4798 416
4799 416
4800 416
4801 416
4802 416
4803 416
4804 416
4805 416
4806 416
4807 416
4808 416
4809 416
4810 416
4811 416
4812 416
4813 416
4814 416
4815 416
4816 413
4817 405
4818 402
4819 396
4820 396
4821 396
4822 396
4823 396
4824 396
4825 396
4826 396
4827 396
4828 396
4829 396
4830 396
4831 396
4832 396
4833 396
4834 396
4835 396
4836 396
4837 396
4838 396
4839 396
4840 396
4841 396
4842 396
4843 396
4844 396
4845 396
4846 396
4847 396
4848 396
4849 396
4850 396
4851 396
4852 396
4853 396
4854 396
4855 396
4856 396
4857 396
4858 396
4859 396
4860 396
4861 396
4862 396
4863 396
4864 396
4865 396
4866 396
4867 396
4868 396
4869 396
4870 396
4871 396
4872 396
4873 396
4874 396
4875 396
4876 396
4877 396
4878 396
4879 396
4880 396
4881 396
4882 396
4883 396
4884 396
4885 396
4886 391
4887 385
4888 383
4889 383
4890 383
4891 383
4892 383
4893 383
4894 383
4895 383
4896 383
4897 383
4898 383
4899 383
4900 383
4901 383
4902 383
4903 383
4904 383
4905 383
4906 383
4907 383
4908 383
4909 383
4910 383
4911 383
4912 383
4913 383
4914 383
4915 383
4916 383
4917 383
4918 383
4919 383
4920 383
4921 383
4922 383
4923 383
4924 383
4925 383
4926 383
4927 383
4928 383
4929 383
4930 383
4931 383
4932 383
4933 383
4934 383
4935 383
4936 383
4937 383
4938 383
4939 383
4940 383
4941 383
4942 383
4943 383
4944 383
4945 383
4946 383
4947 383
4948 383
4949 383
4950 383
4951 383
4952 383
4953 383
4954 383
4955 383
4956 383
4957 383
4958 383
4959 383
4960 379
4961 375
4962 372
4963 372
4964 372
4965 372
4966 372
4967 372
4968 372
4969 372
4970 372
4971 372
4972 372
4973 372
4974 372
4975 372
4976 372
4977 372
4978 372
4979 372
4980 372
4981 372
4982 372
4983 372
4984 372
4985 372
4986 372
4987 372
4988 372
4989 372
4990 372
4991 372
4992 372
4993 372
4994 372
4995 372
4996 372
4997 372
4998 372
4999 372
5000 372
5001 372
5002 372
5003 372
5004 372
5005 372
5006 372
5007 372
5008 372
5009 372
5010 372
5011 372
5012 372
5013 372
5014 372
5015 372
5016 372
5017 372
5018 372
5019 372
5020 372
5021 372
5022 372
5023 372
5024 372
5025 372
5026 372
5027 372
5028 372
5029 372
5030 372
5031 372
5032 372
5033 372
5034 367
5035 365
5036 363
5037 359
5038 359
5039 359
5040 359
5041 359
5042 359
5043 359
5044 359
5045 359
5046 359
5047 359
5048 359
5049 359
5050 359
5051 359
5052 359
5053 359
5054 359
5055 359
5056 359
5057 359
5058 359
5059 359
5060 359
5061 359
5062 359
5063 359
5064 359
5065 359
5066 359
5067 359
5068 359
5069 359
5070 359
5071 359
5072 359
5073 359
5074 359
5075 359
5076 359
5077 359
5078 359
5079 359
5080 359
5081 359
5082 359
5083 359
5084 359
5085 359
5086 359
5087 359
5088 359
5089 359
5090 359
5091 359
5092 359
5093 359
5094 359
5095 359
5096 359
5097 359
5098 359
5099 359
5100 359
5101 359
5102 359
5103 359
5104 359
5105 359
5106 359
5107 359
5108 353
5109 342
5110 339
5111 339
5112 339
5113 339
5114 339
5115 339
5116 339
5117 339
5118 339
5119 339
5120 339
5121 339
5122 339
5123 339
5124 339
5125 339
5126 339
5127 339
5128 339
5129 339
5130 339
5131 339
5132 339
5133 339
5134 339
5135 339
5136 339
5137 339
5138 339
5139 339
5140 339
5141 339
5142 339
5143 339
5144 339
5145 339
5146 339
5147 339
5148 339
5149 339
5150 339
5151 339
5152 339
5153 339
5154 339
5155 339
5156 339
5157 339
5158 339
5159 339
5160 339
5161 339
5162 339
5163 339
5164 339
5165 339
5166 339
5167 339
5168 339
5169 339
5170 339
5171 339
5172 339
5173 339
5174 339
5175 339
5176 339
5177 339
5178 339
5179 339
5180 337
5181 330
5182 330
5183 330
5184 330
5185 330
5186 330
5187 330
5188 330
5189 330
5190 330
5191 330
5192 330
5193 330
5194 330
5195 330
5196 330
5197 330
5198 330
5199 330
5200 330
5201 330
5202 330
5203 330
5204 330
5205 330
5206 330
5207 330
5208 330
5209 330
5210 330
5211 330
5212 330
5213 330
5214 330
5215 330
5216 330
5217 330
5218 330
5219 330
5220 330
5221 330
5222 330
5223 330
5224 330
5225 330
5226 330
5227 330
5228 330
5229 330
5230 330
5231 330
5232 330
5233 330
5234 330
5235 330
5236 330
5237 330
5238 330
5239 330
5240 330
5241 330
5242 330
5243 330
5244 330
5245 330
5246 330
5247 330
5248 323
5249 322
5250 317
5251 316
5252 316
5253 316
5254 316
5255 316
5256 316
5257 316
5258 316
5259 316
5260 316
5261 316
5262 316
5263 316
5264 316
5265 316
5266 316
5267 316
5268 316
5269 316
5270 316
5271 316
5272 316
5273 316
5274 316
5275 316
5276 316
5277 316
5278 316
5279 316
5280 316
5281 316
5282 316
5283 316
5284 316
5285 316
5286 316
5287 316
5288 316
5289 316
5290 316
5291 316
5292 316
5293 316
5294 316
5295 316
5296 316
5297 316
5298 316
5299 316
5300 316
5301 316
5302 316
5303 316
5304 316
5305 316
5306 316
5307 316
5308 316
5309 316
5310 316
5311 316
5312 316
5313 316
5314 316
5315 316
5316 310
5317 306
5318 299
5319 293
5320 293
5321 293
5322 293
5323 293
5324 293
5325 293
5326 293
5327 293
5328 293
5329 293
5330 293
5331 293
5332 293
5333 293
5334 293
5335 293
5336 293
5337 293
5338 293
5339 293
5340 293
5341 293
5342 293
5343 293
5344 293
5345 293
5346 293
5347 293
5348 293
5349 293
5350 293
5351 293
5352 293
5353 293
5354 293
5355 293
5356 293
5357 293
5358 293
5359 293
5360 293
5361 293
5362 293
5363 293
5364 293
5365 293
5366 293
5367 293
5368 293
5369 293
5370 293
5371 293
5372 293
5373 293
5374 293
5375 293
5376 293
5377 293
5378 293
5379 293
5380 293
5381 293
5382 293
5383 293
5384 293
5385 293
5386 289
5387 282
5388 279
5389 277
5390 277
5391 277
5392 277
5393 277
5394 277
5395 277
5396 277
5397 277
5398 277
5399 277
5400 277
5401 277
5402 277
5403 277
5404 277
5405 277
5406 277
5407 277
5408 277
5409 277
5410 277
5411 277
5412 277
5413 277
5414 277
5415 277
5416 277
5417 277
5418 277
5419 277
5420 277
5421 277
5422 277
5423 277
5424 277
5425 277
5426 277
5427 277
5428 277
5429 277
5430 277
5431 277
5432 277
5433 277
5434 277
5435 277
5436 277
5437 277
5438 277
5439 277
5440 277
5441 277
5442 277
5443 277
5444 277
5445 277
5446 277
5447 277
5448 277
5449 277
5450 277
5451 277
5452 277
5453 277
5454 277
5455 273
5456 271
5457 267
5458 266
5459 266
5460 266
5461 266
5462 266
5463 266
5464 266
5465 266
5466 266
5467 266
5468 266
5469 266
5470 266
5471 266
5472 266
5473 266
5474 266
5475 266
5476 266
5477 266
5478 266
5479 266
5480 266
5481 266
5482 266
5483 266
5484 266
5485 266
5486 266
5487 266
5488 266
5489 266
5490 266
5491 266
5492 266
5493 266
5494 266
5495 266
5496 266
5497 266
5498 266
5499 266
5500 266
5501 266
5502 266
5503 266
5504 266
5505 266
5506 266
5507 266
5508 266
5509 266
5510 266
5511 266
5512 266
5513 266
5514 266
5515 266
5516 266
5517 266
5518 266
5519 266
5520 266
5521 266
5522 266
5523 264
5524 262
5525 258
5526 258
5527 257
5528 257
5529 257
5530 257
5531 257
5532 257
5533 257
5534 257
5535 257
5536 257
5537 257
5538 257
5539 257
5540 257
5541 257
5542 257
5543 257
5544 257
5545 257
5546 257
5547 257
5548 257
5549 257
5550 257
5551 257
5552 257
5553 257
5554 257
5555 257
5556 257
5557 257
5558 257
5559 257
5560 257
5561 257
5562 257
5563 257
5564 257
5565 257
5566 257
5567 257
5568 257
5569 257
5570 257
5571 257
5572 257
5573 257
5574 257
5575 257
5576 257
5577 257
5578 257
5579 257
5580 257
5581 257
5582 257
5583 257
5584 257
5585 257
5586 257
5587 257
5588 257
5589 257
5590 257
5591 257
5592 256
5593 250
5594 248
5595 248
5596 248
5597 248
5598 248
5599 248
5600 248
5601 248
5602 248
5603 248
5604 248
5605 248
5606 248
5607 248
5608 248
5609 248
5610 248
5611 248
5612 248
5613 248
5614 248
5615 248
5616 248
5617 248
5618 248
5619 248
5620 248
5621 248
5622 248
5623 248
5624 248
5625 248
5626 248
5627 248
5628 248
5629 248
5630 248
5631 248
5632 248
5633 248
5634 248
5635 248
5636 248
5637 248
5638 248
5639 248
5640 248
5641 248
5642 248
5643 248
5644 248
5645 248
5646 248
5647 248
5648 248
5649 248
5650 248
5651 248
5652 248
5653 248
5654 248
5655 248
5656 248
5657 248
5658 248
5659 245
5660 243
5661 241
5662 236
5663 236
5664 236
5665 236
5666 236
5667 236
5668 236
5669 236
5670 236
5671 236
5672 236
5673 236
5674 236
5675 236
5676 236
5677 236
5678 236
5679 236
5680 236
5681 236
5682 236
5683 236
5684 236
5685 236
5686 236
5687 236
5688 236
5689 236
5690 236
5691 236
5692 236
5693 236
5694 236
5695 236
5696 236
5697 236
5698 236
5699 236
5700 236
5701 236
5702 236
5703 236
5704 236
5705 236
5706 236
5707 236
5708 236
5709 236
5710 236
5711 236
5712 236
5713 236
5714 236
5715 236
5716 236
5717 236
5718 236
5719 236
5720 236
5721 236
5722 236
5723 236
5724 236
5725 236
5726 236
5727 236
5728 236
5729 236
5730 231
5731 229
5732 226
5733 224
5734 224
5735 224
5736 224
5737 224
5738 224
5739 224
5740 224
5741 224
5742 224
5743 224
5744 224
5745 224
5746 224
5747 224
5748 224
5749 224
5750 224
5751 224
5752 224
5753 224
5754 224
5755 224
5756 224
5757 224
5758 224
5759 224
5760 224
5761 224
5762 224
5763 224
5764 224
5765 224
5766 224
5767 224
5768 224
5769 224
5770 224
5771 224
5772 224
5773 224
5774 224
5775 224
5776 224
5777 224
5778 224
5779 224
5780 224
5781 224
5782 224
5783 224
5784 224
5785 224
5786 224
5787 224
5788 224
5789 224
5790 224
5791 224
5792 224
5793 224
5794 224
5795 224
5796 224
5797 219
5798 213
5799 209
5800 206
5801 206
5802 206
5803 206
5804 206
5805 206
5806 206
5807 206
5808 206
5809 206
5810 206
5811 206
5812 206
5813 206
5814 206
5815 206
5816 206
5817 206
5818 206
5819 206
5820 206
5821 206
5822 206
5823 206
5824 206
5825 206
5826 206
5827 206
5828 206
5829 206
5830 206
5831 206
5832 206
5833 206
5834 206
5835 206
5836 206
5837 206
5838 206
5839 206
5840 206
5841 206
5842 206
5843 206
5844 206
5845 206
5846 206
5847 206
5848 206
5849 206
5850 206
5851 206
5852 206
5853 206
5854 206
5855 206
5856 206
5857 206
5858 206
5859 206
5860 206
5861 206
5862 206
5863 206
5864 206
5865 203
5866 202
5867 201
5868 199
5869 199
5870 199
5871 199
5872 199
5873 199
5874 199
5875 199
5876 199
5877 199
5878 199
5879 199
5880 199
5881 199
5882 199
5883 199
5884 199
5885 199
5886 199
5887 199
5888 199
5889 199
5890 199
5891 199
5892 199
5893 199
5894 199
5895 199
5896 199
5897 199
5898 199
5899 199
5900 199
5901 199
5902 199
5903 199
5904 199
5905 199
5906 199
5907 199
5908 199
5909 199
5910 199
5911 199
5912 199
5913 199
5914 199
5915 199
5916 199
5917 199
5918 199
5919 199
5920 199
5921 199
5922 199
5923 199
5924 199
5925 199
5926 199
5927 199
5928 199
5929 199
5930 199
5931 199
5932 199
5933 199
5934 199
5935 199
5936 199
5937 198
5938 198
5939 193
5940 188
5941 188
5942 188
5943 188
5944 188
5945 188
5946 188
5947 188
5948 188
5949 188
5950 188
5951 208
5952 244
5953 243
5954 243
5955 243
5956 255
5957 254
5958 254
5959 289
5960 289
5961 289
5962 289
5963 289
5964 289
5965 308
5966 308
5967 308
5968 308
5969 308
5970 308
5971 312
5972 311
5973 313
5974 312
5975 312
5976 312
5977 355
5978 354
5979 354
5980 354
5981 378
5982 386
5983 419
5984 442
5985 485
5986 502
5987 502
5988 502
5989 506
5990 522
5991 564
5992 588
5993 586
5994 586
5995 586
5996 586
5997 586
5998 586
5999 586
6000 586
6001 586
6002 588
6003 588
6004 612
6005 747
6006 812
6007 872
6008 935
6009 946
6010 946
6011 946
6012 946
6013 946
6014 946
6015 946
6016 1012
6017 1083
6018 1111
6019 1152
6020 1152
6021 1152
6022 1152
6023 1152
6024 1152
6025 1186
6026 1243
6027 1242
6028 1299
6029 1302
6030 1302
6031 1302
6032 1302
6033 1302
6034 1302
6035 1302
6036 1302
6037 1302
6038 1302
6039 1302
6040 1302
6041 1340
6042 1340
6043 1340
6044 1375
6045 1375
6046 1375
6047 1375
6048 1407
6049 1407
6050 1444
6051 1444
6052 1444
6053 1444
6054 1444
6055 1444
6056 1481
6057 1481
6058 1473
6059 1455
6060 1438
6061 1438
6062 1438
6063 1438
6064 1481
6065 1564
6066 1564
6067 1574
6068 1597
6069 1636
6070 1635
6071 1635
6072 1635
6073 1635
6074 1642
6075 1642
6076 1689
6077 2049
6078 2081
6079 2136
6080 2349
6081 2420
6082 2395
6083 2431
6084 2484
6085 2484
6086 2484
6087 2503
6088 2669
6089 2762
6090 2762
6091 2832
6092 2903
6093 2882
6094 2872
6095 2936
6096 3125
6097 3340
6098 3601
6099 3624
6100 3624
6101 3718
6102 3812
6103 3907
6104 3907
6105 4125
6106 4248
6107 4340
6108 4340
6109 4387
6110 4387
6111 4795
6112 4841
6113 4841
6114 5128
6115 5222
6116 5207
6117 5174
6118 5215
6119 5215
6120 5262
6121 5332
6122 5378
6123 5401
6124 5424
6125 5589
6126 5708
6127 5697
6128 5699
6129 5904
6130 6116
6131 6116
6132 6354
6133 6495
6134 6686
6135 6781
6136 6900
6137 6966
6138 6913
6139 6913
6140 6937
6141 7173
6142 7173
6143 7173
6144 7173
6145 7173
6146 7237
6147 7237
6148 7332
6149 7498
6150 7498
6151 7639
6152 7662
6153 7674
6154 7668
6155 7668
6156 7853
6157 7971
6158 8065
6159 8159
6160 8159
6161 8159
6162 8228
6163 8323
6164 8278
6165 8430
6166 8491
6167 8491
6168 8538
6169 8538
6170 8538
6171 8538
6172 8538
6173 8538
6174 8490
6175 8483
6176 8483
6177 8483
6178 8483
6179 8483
6180 8483
6181 8483
6182 8483
6183 8483
6184 8483
6185 8435
6186 8435
6187 8435
6188 8435
6189 8435
6190 8435
6191 8435
6192 8435
6193 8435
6194 8435
6195 8435
6196 8379
6197 8379
6198 8379
6199 8379
6200 8379
6201 8379
6202 8379
6203 8379
6204 8379
6205 8379
6206 8379
6207 8304
6208 8304
6209 8304
6210 8304
6211 8304
6212 8304
6213 8304
6214 8304
6215 8304
6216 8304
6217 8304
6218 8253
6219 8253
6220 8253
6221 8253
6222 8253
6223 8253
6224 8253
6225 8253
6226 8253
6227 8253
6228 8253
6229 8253
6230 8196
6231 8196
6232 8196
6233 8196
6234 8196
6235 8196
6236 8196
6237 8196
6238 8196
6239 8196
6240 8196
6241 8140
6242 8134
6243 8134
6244 8134
6245 8134
6246 8134
6247 8134
6248 8134
6249 8134
6250 8134
6251 8134
6252 8134
6253 8134
6254 8134
6255 8134
6256 8093
6257 8084
6258 8084
6259 8084
6260 8084
6261 8084
6262 8084
6263 8084
6264 8084
6265 8084
6266 8084
6267 8029
6268 8029
6269 8029
6270 8029
6271 8029
6272 8029
6273 8029
6274 8029
6275 8029
6276 8029
6277 8012
6278 7992
6279 7992
6280 7992
6281 7992
6282 7992
6283 7992
6284 7992
6285 7992
6286 7992
6287 7992
6288 7992
6289 7992
6290 7965
6291 7937
6292 7937
6293 7937
6294 7937
6295 7937
6296 7937
6297 7937
6298 7937
6299 7937
6300 7937
6301 7937
6302 7920
6303 7899
6304 7899
6305 7899
6306 7899
6307 7899
6308 7899
6309 7899
6310 7899
6311 7899
6312 7899
6313 7877
6314 7848
6315 7848
6316 7848
6317 7848
6318 7848
6319 7848
6320 7848
6321 7848
6322 7848
6323 7848
6324 7848
6325 7806
6326 7781
6327 7781
6328 7781
6329 7781
6330 7781
6331 7781
6332 7781
6333 7781
6334 7781
6335 7781
6336 7781
6337 7781
6338 7781
6339 7781
6340 7781
6341 7781
6342 7781
6343 7781
6344 7781
6345 7781
6346 7781
6347 7781
6348 7781
6349 7768
6350 7737
6351 7737
6352 7737
6353 7737
6354 7737
6355 7737
6356 7737
6357 7737
6358 7737
6359 7737
6360 7737
6361 7737
6362 7737
6363 7737
6364 7737
6365 7719
6366 7709
6367 7709
6368 7709
6369 7709
6370 7709
6371 7709
6372 7709
6373 7709
6374 7709
6375 7709
6376 7704
6377 7660
6378 7660
6379 7660
6380 7660
6381 7660
6382 7660
6383 7660
6384 7660
6385 7660
6386 7660
6387 7660
6388 7660
6389 7660
6390 7660
6391 7660
6392 7660
6393 7660
6394 7660
6395 7660
6396 7660
6397 7660
6398 7620
6399 7603
6400 7603
6401 7603
6402 7603
6403 7603
6404 7603
6405 7603
6406 7603
6407 7603
6408 7603
6409 7603
6410 7603
6411 7603
6412 7603
6413 7603
6414 7603
6415 7603
6416 7603
6417 7603
6418 7603
6419 7603
6420 7603
6421 7603
6422 7596
6423 7575
6424 7573
6425 7573
6426 7573
6427 7573
6428 7573
6429 7573
6430 7573
6431 7573
6432 7573
6433 7573
6434 7573
6435 7573
6436 7573
6437 7573
6438 7573
6439 7573
6440 7573
6441 7573
6442 7573
6443 7573
6444 7573
6445 7573
6446 7573
6447 7573
6448 7573
6449 7573
6450 7573
6451 7565
6452 7524
6453 7524
6454 7524
6455 7524
6456 7524
6457 7524
6458 7524
6459 7524
6460 7524
6461 7524
6462 7524
6463 7524
6464 7524
6465 7524
6466 7524
6467 7524
6468 7524
6469 7524
6470 7524
6471 7524
6472 7524
6473 7524
6474 7524
6475 7524
6476 7524
6477 7524
6478 7524
6479 7524
6480 7524
6481 7495
6482 7487
6483 7487
6484 7487
6485 7487
6486 7487
6487 7487
6488 7487
6489 7487
6490 7487
6491 7487
6492 7487
6493 7487
6494 7487
6495 7487
6496 7487
6497 7487
6498 7487
6499 7487
6500 7463
6501 7460
6502 7460
6503 7460
6504 7460
6505 7460
6506 7460
6507 7460
6508 7460
6509 7460
6510 7460
6511 7460
6512 7460
6513 7460
6514 7460
6515 7460
6516 7460
6517 7460
6518 7460
6519 7460
6520 7460
6521 7460
6522 7460
6523 7460
6524 7460
6525 7460
6526 7460
6527 7460
6528 7460
6529 7460
6530 7460
6531 7460
6532 7460
6533 7460
6534 7460
6535 7460
6536 7460
6537 7448
6538 7435
6539 7432
6540 7432
6541 7432
6542 7432
6543 7432
6544 7432
6545 7432
6546 7432
6547 7432
6548 7432
6549 7432
6550 7432
6551 7432
6552 7432
6553 7432
6554 7432
6555 7432
6556 7432
6557 7432
6558 7432
6559 7432
6560 7432
6561 7432
6562 7432
6563 7432
6564 7432
6565 7432
6566 7432
6567 7432
6568 7432
6569 7432
6570 7432
6571 7432
6572 7432
6573 7432
6574 7432
6575 7428
6576 7411
6577 7400
6578 7400
6579 7400
6580 7400
6581 7400
6582 7400
6583 7400
6584 7400
6585 7400
6586 7400
6587 7400
6588 7400
6589 7400
6590 7400
6591 7400
6592 7400
6593 7400
6594 7400
6595 7400
6596 7400
6597 7400
6598 7400
6599 7400
6600 7400
6601 7400
6602 7400
6603 7400
6604 7400
6605 7400
6606 7400
6607 7400
6608 7400
6609 7400
6610 7400
6611 7400
6612 7400
6613 7400
6614 7400
6615 7386
6616 7374
6617 7371
6618 7371
6619 7371
6620 7371
6621 7371
6622 7371
6623 7371
6624 7371
6625 7371
6626 7371
6627 7371
6628 7371
6629 7371
6630 7371
6631 7371
6632 7371
6633 7371
6634 7371
6635 7371
6636 7371
6637 7371
6638 7352
6639 7328
6640 7317
6641 7317
6642 7317
6643 7317
6644 7317
6645 7317
6646 7317
6647 7317
6648 7317
6649 7317
6650 7317
6651 7317
6652 7317
6653 7317
6654 7317
6655 7317
6656 7317
6657 7317
6658 7317
6659 7317
6660 7317
6661 7317
6662 7317
6663 7317
6664 7317
6665 7317
6666 7317
6667 7317
6668 7317
6669 7317
6670 7317
6671 7317
6672 7305
6673 7295
6674 7295
6675 7295
6676 7295
6677 7295
6678 7295
6679 7295
6680 7295
6681 7295
6682 7295
6683 7295
6684 7295
6685 7295
6686 7295
6687 7295
6688 7295
6689 7295
6690 7295
6691 7295
6692 7295
6693 7295
6694 7295
6695 7295
6696 7289
6697 7267
6698 7267
6699 7267
6700 7267
6701 7267
6702 7267
6703 7267
6704 7267
6705 7267
6706 7267
6707 7267
6708 7267
6709 7267
6710 7267
6711 7267
6712 7267
6713 7267
6714 7267
6715 7267
6716 7267
6717 7267
6718 7267
6719 7267
6720 7267
6721 7267
6722 7259
6723 7251
6724 7251
6725 7251
6726 7251
6727 7251
6728 7251
6729 7251
6730 7251
6731 7251
6732 7251
6733 7251
6734 7251
6735 7251
6736 7251
6737 7251
6738 7251
6739 7251
6740 7230
6741 7230
6742 7230
6743 7230
6744 7230
6745 7230
6746 7230
6747 7230
6748 7230
6749 7230
6750 7230
6751 7230
6752 7230
6753 7230
6754 7230
6755 7230
6756 7230
6757 7230
6758 7230
6759 7217
6760 7217
6761 7217
6762 7217
6763 7217
6764 7217
6765 7217
6766 7217
6767 7217
6768 7217
6769 7217
6770 7217
6771 7217
6772 7217
6773 7217
6774 7217
6775 7217
6776 7217
6777 7217
6778 7217
6779 7206
6780 7206
6781 7206
6782 7206
6783 7206
6784 7206
6785 7206
6786 7206
6787 7206
6788 7206
6789 7206
6790 7206
6791 7206
6792 7193
6793 7193
6794 7193
6795 7193
6796 7193
6797 7193
6798 7193
6799 7193
6800 7193
6801 7193
6802 7193
6803 7193
6804 7193
6805 7193
6806 7193
6807 7193
6808 7193
6809 7193
6810 7193
6811 7193
6812 7193
6813 7193
6814 7193
6815 7193
6816 7186
6817 7179
6818 7179
6819 7179
6820 7179
6821 7179
6822 7179
6823 7179
6824 7179
6825 7179
6826 7179
6827 7179
6828 7179
6829 7179
6830 7179
6831 7179
6832 7179
6833 7179
6834 7179
6835 7179
6836 7179
6837 7179
6838 7179
6839 7179
6840 7179
6841 7179
6842 7179
6843 7179
6844 7179
6845 7179
6846 7179
6847 7179
6848 7179
6849 7179
6850 7179
6851 7179
6852 7179
6853 7179
6854 7179
6855 7179
6856 7179
6857 7179
6858 7179
6859 7179
6860 7179
6861 7177
6862 7170
6863 7158
6864 7158
6865 7158
6866 7158
6867 7158
6868 7158
6869 7158
6870 7158
6871 7158
6872 7158
6873 7158
6874 7158
6875 7158
6876 7158
6877 7158
6878 7158
6879 7158
6880 7158
6881 7158
6882 7158
6883 7158
6884 7158
6885 7158
6886 7158
6887 7158
6888 7158
6889 7158
6890 7158
6891 7158
6892 7158
6893 7158
6894 7158
6895 7158
6896 7158
6897 7158
6898 7158
6899 7158
6900 7158
6901 7158
6902 7158
6903 7158
6904 7158
6905 7158
6906 7158
6907 7150
6908 7141
6909 7129
6910 7129
6911 7129
6912 7129
6913 7129
6914 7129
6915 7129
6916 7129
6917 7129
6918 7129
6919 7129
6920 7129
6921 7129
6922 7129
6923 7129
6924 7129
6925 7129
6926 7129
6927 7129
6928 7129
6929 7129
6930 7129
6931 7129
6932 7129
6933 7129
6934 7129
6935 7129
6936 7129
6937 7129
6938 7129
6939 7129
6940 7129
6941 7129
6942 7129
6943 7123
6944 7121
6945 7121
6946 7121
6947 7121
6948 7121
6949 7121
6950 7121
6951 7121
6952 7121
6953 7121
6954 7121
6955 7121
6956 7121
6957 7121
6958 7121
6959 7121
6960 7121
6961 7121
6962 7121
6963 7121
6964 7121
6965 7121
6966 7121
6967 7121
6968 7121
6969 7121
6970 7121
6971 7121
6972 7121
6973 7121
6974 7121
6975 7121
6976 7121
6977 7121
6978 7121
6979 7121
6980 7107
6981 7101
6982 7101
6983 7101
6984 7101
6985 7101
6986 7101
6987 7101
6988 7100
6989 7100
6990 7097
6991 7097
6992 7094
6993 7092
6994 7090
6995 7087
6996 7086
6997 7085
6998 7085
6999 7065
7000 7063
7001 7063
7002 7060
7003 7058
7004 7053
7005 7052
7006 7048
7007 7047
7008 7044
7009 7043
7010 7043
7011 7043
7012 7041
7013 7041
7014 7038
7015 7037
7016 7034
7017 7032
7018 7029
7019 7027
7020 7027
7021 7026
7022 7004
7023 7002
7024 6997
7025 6993
7026 6992
7027 6989
7028 6983
7029 6981
7030 6976
7031 6969
7032 6961
7033 6952
7034 6944
7035 6931
7036 6923
7037 6902
7038 6885
7039 6879
7040 6868
7041 6861
7042 6857
7043 6857
7044 6854
7045 6843
7046 6835
7047 6827
7048 6822
7049 6809
7050 6794
7051 6787
7052 6779
7053 6767
7054 6730
7055 6716
7056 6707
7057 6689
7058 6675
7059 6661
7060 6647
7061 6630
7062 6620
7063 6610
7064 6597
7065 6588
7066 6573
7067 6520
7068 6504
7069 6494
7070 6484
7071 6467
7072 6454
7073 6432
7074 6422
7075 6402
7076 6385
7077 6370
7078 6348
7079 6317
7080 6280
7081 6242
7082 6219
7083 6190
7084 6174
7085 6160
7086 6148
7087 6138
7088 6108
7089 6087
7090 6060
7091 6022
7092 5973
7093 5942
7094 5908
7095 5882
7096 5858
7097 5822
7098 5797
7099 5764
7100 5733
7101 5702
7102 5610
7103 5581
7104 5552
7105 5506
7106 5483
7107 5450
7108 5413
7109 5395
7110 5372
7111 5335
7112 5286
7113 5231
7114 5198
7115 5164
7116 5143
7117 5115
7118 5095
7119 5068
7120 5043
7121 5010
7122 4988
7123 4915
7124 4875
7125 4841
7126 4812
7127 4784
7128 4763
7129 4733
7130 4706
7131 4687
7132 4658
7133 4607
7134 4539
7135 4515
7136 4486
7137 4459
7138 4433
7139 4412
7140 4383
7141 4356
7142 4329
7143 4306
7144 4220
7145 4201
7146 4180
7147 4157
7148 4129
7149 4106
7150 4088
7151 4059
7152 4029
7153 4015
7154 3971
7155 3921
7156 3901
7157 3884
7158 3867
7159 3851
7160 3833
7161 3820
7162 3802
7163 3791
7164 3776
7165 3688
7166 3676
7167 3660
7168 3646
7169 3633
7170 3625
7171 3608
7172 3596
7173 3575
7174 3561
7175 3523
7176 3484
7177 3472
7178 3464
7179 3448
7180 3431
7181 3424
7182 3418
7183 3409
7184 3400
7185 3385
7186 3317
7187 3308
7188 3301
7189 3294
7190 3281
7191 3275
7192 3272
7193 3269
7194 3268
7195 3262
7196 3248
7197 3201
7198 3197
7199 3196
7200 3194
7201 3193
7202 3192
7203 3189
7204 3188
7205 3187
7206 3187
7207 3099
7208 3099
7209 3099
7210 3099
7211 3099
7212 3099
7213 3099
7214 3099
7215 3099
7216 3099
7217 3063
7218 3004
7219 3004
7220 3004
7221 3004
7222 3004
7223 3004
7224 3004
7225 3004
7226 3004
7227 3004
7228 2940
7229 2940
7230 2940
7231 2940
7232 2940
7233 2940
7234 2940
7235 2940
7236 2940
7237 2940
7238 2921
7239 2869
7240 2869
7241 2869
7242 2869
7243 2869
7244 2869
7245 2869
7246 2869
7247 2869
7248 2869
7249 2785
7250 2785
7251 2785
7252 2785
7253 2785
7254 2785
7255 2785
7256 2785
7257 2785
7258 2785
7259 2763
7260 2728
7261 2728
7262 2728
7263 2728
7264 2728
7265 2728
7266 2728
7267 2728
7268 2728
7269 2728
7270 2677
7271 2677
7272 2677
7273 2677
7274 2677
7275 2677
7276 2677
7277 2677
7278 2677
7279 2677
7280 2651
7281 2607
7282 2607
7283 2607
7284 2607
7285 2607
7286 2607
7287 2607
7288 2607
7289 2607
7290 2607
7291 2537
7292 2537
7293 2537
7294 2537
7295 2537
7296 2537
7297 2537
7298 2537
7299 2537
7300 2537
7301 2537
7302 2470
7303 2470
7304 2470
7305 2470
7306 2470
7307 2470
7308 2470
7309 2470
7310 2470
7311 2470
7312 2462
7313 2417
7314 2417
7315 2417
7316 2417
7317 2417
7318 2417
7319 2417
7320 2417
7321 2417
7322 2417
7323 2354
7324 2354
7325 2354
7326 2354
7327 2354
7328 2354
7329 2354
7330 2354
7331 2354
7332 2354
7333 2354
7334 2286
7335 2286
7336 2286
7337 2286
7338 2286
7339 2286
7340 2286
7341 2286
7342 2286
7343 2286
7344 2286
7345 2205
7346 2205
7347 2205
7348 2205
7349 2205
7350 2205
7351 2205
7352 2205
7353 2205
7354 2205
7355 2152
7356 2137
7357 2137
7358 2137
7359 2137
7360 2137
7361 2137
7362 2137
7363 2137
7364 2137
7365 2137
7366 2137
7367 2100
7368 2086
7369 2086
7370 2086
7371 2086
7372 2086
7373 2086
7374 2086
7375 2086
7376 2086
7377 2086
7378 2086
7379 2086
7380 2086
7381 2086
7382 2086
7383 2086
7384 2086
7385 2086
7386 2086
7387 2078
7388 2039
7389 2039
7390 2039
7391 2039
7392 2039
7393 2039
7394 2039
7395 2039
7396 2039
7397 2039
7398 2039
7399 2039
7400 2039
7401 2039
7402 2035
7403 2000
7404 1992
7405 1992
7406 1992
7407 1992
7408 1992
7409 1992
7410 1992
7411 1992
7412 1992
7413 1992
7414 1992
7415 1992
7416 1917
7417 1917
7418 1917
7419 1917
7420 1917
7421 1917
7422 1917
7423 1917
7424 1917
7425 1917
7426 1862
7427 1850
7428 1850
7429 1850
7430 1850
7431 1850
7432 1850
7433 1850
7434 1850
7435 1850
7436 1850
7437 1801
7438 1801
7439 1801
7440 1801
7441 1801
7442 1801
7443 1801
7444 1801
7445 1801
7446 1801
7447 1752
7448 1740
7449 1740
7450 1740
7451 1740
7452 1740
7453 1740
7454 1740
7455 1740
7456 1740
7457 1740
7458 1740
7459 1740
7460 1740
7461 1720
7462 1702
7463 1702
7464 1702
7465 1702
7466 1702
7467 1702
7468 1702
7469 1702
7470 1702
7471 1702
7472 1702
7473 1702
7474 1702
7475 1665
7476 1665
7477 1665
7478 1665
7479 1665
7480 1665
7481 1665
7482 1665
7483 1665
7484 1665
7485 1665
7486 1665
7487 1665
7488 1665
7489 1665
7490 1665
7491 1665
7492 1665
7493 1665
7494 1665
7495 1665
7496 1665
7497 1665
7498 1665
7499 1663
7500 1648
7501 1648
7502 1648
7503 1648
7504 1648
7505 1648
7506 1648
7507 1648
7508 1648
7509 1648
7510 1648
7511 1648
7512 1648
7513 1648
7514 1648
7515 1648
7516 1648
7517 1648
7518 1648
7519 1648
7520 1641
7521 1604
7522 1604
7523 1604
7524 1604
7525 1604
7526 1604
7527 1604
7528 1604
7529 1604
7530 1604
7531 1604
7532 1604
7533 1604
7534 1604
7535 1604
7536 1604
7537 1604
7538 1604
7539 1604
7540 1604
7541 1604
7542 1604
7543 1604
7544 1604
7545 1604
7546 1604
7547 1604
7548 1604
7549 1604
7550 1604
7551 1604
7552 1581
7553 1569
7554 1569
7555 1569
7556 1569
7557 1569
7558 1569
7559 1569
7560 1569
7561 1569
7562 1569
7563 1569
7564 1569
7565 1569
7566 1569
7567 1569
7568 1569
7569 1569
7570 1569
7571 1569
7572 1569
7573 1569
7574 1569
7575 1569
7576 1569
7577 1569
7578 1569
7579 1569
7580 1569
7581 1569
7582 1567
7583 1539
7584 1531
7585 1531
7586 1531
7587 1531
7588 1531
7589 1531
7590 1531
7591 1531
7592 1531
7593 1531
7594 1531
7595 1531
7596 1531
7597 1531
7598 1531
7599 1531
7600 1531
7601 1531
7602 1531
7603 1531
7604 1531
7605 1531
7606 1531
7607 1531
7608 1517
7609 1504
7610 1504
7611 1504
7612 1504
7613 1504
7614 1504
7615 1504
7616 1504
7617 1504
7618 1504
7619 1504
7620 1504
7621 1504
7622 1504
7623 1504
7624 1504
7625 1504
7626 1504
7627 1504
7628 1504
7629 1504
7630 1504
7631 1504
7632 1504
7633 1504
7634 1504
7635 1504
7636 1504
7637 1504
7638 1504
7639 1504
7640 1504
7641 1494
7642 1484
7643 1470
7644 1461
7645 1461
7646 1461
7647 1461
7648 1461
7649 1461
7650 1461
7651 1461
7652 1461
7653 1461
7654 1461
7655 1461
7656 1461
7657 1461
7658 1461
7659 1461
7660 1461
7661 1461
7662 1461
7663 1461
7664 1461
7665 1461
7666 1461
7667 1461
7668 1461
7669 1461
7670 1461
7671 1461
7672 1444
7673 1402
7674 1402
7675 1402
7676 1402
7677 1402
7678 1402
7679 1402
7680 1402
7681 1402
7682 1402
7683 1402
7684 1402
7685 1402
7686 1402
7687 1402
7688 1402
7689 1402
7690 1402
7691 1402
7692 1402
7693 1402
7694 1402
7695 1402
7696 1402
7697 1402
7698 1402
7699 1402
7700 1402
7701 1402
7702 1402
7703 1402
7704 1402
7705 1393
7706 1377
7707 1363
7708 1357
7709 1357
7710 1357
7711 1357
7712 1357
7713 1357
7714 1357
7715 1357
7716 1357
7717 1357
7718 1357
7719 1357
7720 1357
7721 1357
7722 1357
7723 1357
7724 1357
7725 1357
7726 1357
7727 1357
7728 1357
7729 1357
7730 1357
7731 1357
7732 1357
7733 1357
7734 1357
7735 1357
7736 1357
7737 1357
7738 1357
7739 1357
7740 1357
7741 1357
7742 1357
7743 1357
7744 1357
7745 1357
7746 1357
7747 1357
7748 1357
7749 1357
7750 1357
7751 1357
7752 1357
7753 1348
7754 1331
7755 1317
7756 1317
7757 1317
7758 1317
7759 1317
7760 1317
7761 1317
7762 1317
7763 1317
7764 1317
7765 1317
7766 1317
7767 1317
7768 1317
7769 1317
7770 1317
7771 1317
7772 1317
7773 1317
7774 1317
7775 1317
7776 1317
7777 1317
7778 1317
7779 1317
7780 1317
7781 1317
7782 1317
7783 1317
7784 1317
7785 1317
7786 1317
7787 1317
7788 1317
7789 1317
7790 1317
7791 1317
7792 1317
7793 1317
7794 1317
7795 1317
7796 1317
7797 1317
7798 1317
7799 1317
7800 1317
7801 1311
7802 1302
7803 1295
7804 1295
7805 1295
7806 1295
7807 1295
7808 1295
7809 1295
7810 1295
7811 1295
7812 1295
7813 1295
7814 1295
7815 1295
7816 1337
7817 1336
7818 1336
7819 1336
7820 1336
7821 1337
7822 1337
7823 1337
7824 1337
7825 1350
7826 1350
7827 1350
7828 1350
7829 1350
7830 1350
7831 1350
7832 1350
7833 1350
7834 1350
7835 1350
7836 1350
7837 1350
7838 1350
7839 1350
7840 1350
7841 1350
7842 1350
7843 1340
7844 1331
7845 1328
7846 1328
7847 1328
7848 1340
7849 1340
7850 1340
7851 1383
7852 1383
7853 1383
7854 1401
7855 1401
7856 1401
7857 1419
7858 1419
7859 1419
7860 1419
7861 1419
7862 1447
7863 1481
7864 1491
7865 1492
7866 1492
7867 1492
7868 1527
7869 1527
7870 1571
7871 1584
7872 1602
7873 1651
7874 1667
7875 1684
7876 1686
7877 1716
7878 1716
7879 1729
7880 1772
7881 1776
7882 1796
7883 1833
7884 1839
7885 1840
7886 1857
7887 1857
7888 1879
7889 1948
7890 1964
7891 2007
7892 1991
7893 2028
7894 2293
7895 2366
7896 2624
7897 2872
7898 3314
7899 3531
7900 3617
7901 4097
7902 4300
7903 4343
7904 4380
7905 4428
7906 4887
7907 5031
7908 5249
7909 5280
7910 5438
7911 5589
7912 5640
7913 5940
7914 6033
7915 6212
7916 6569
7917 6729
7918 7255
7919 7592
7920 8067
7921 8358
7922 8518
7923 8759
7924 9190
7925 9429
7926 9457
7927 10434
7928 10906
7929 11957
7930 12335
7931 12857
7932 13474
7933 13919
7934 14459
7935 14748
7936 15090
7937 15635
7938 16321
7939 17201
7940 17914
7941 19019
7942 20301
7943 20844
7944 21480
7945 21764
7946 22446
7947 22825
7948 24158
7949 24971
7950 25421
7951 26060
7952 26798
7953 26890
7954 27636
7955 28419
7956 29296
7957 29655
7958 30188
7959 30473
7960 31143
7961 32700
7962 33410
7963 33933
7964 34479
7965 34815
7966 35030
7967 35215
7968 35701
7969 36723
7970 36941
7971 37271
7972 37626
7973 38505
7974 39335
7975 40055
7976 40858
7977 41004
7978 41624
7979 42911
7980 43240
7981 43871
7982 44318
7983 44532
7984 45109
7985 46046
7986 47196
7987 47784
7988 48465
7989 48796
7990 49012
7991 49390
7992 49507
7993 49987
7994 50800
7995 51686
7996 51954
7997 51954
7998 52041
7999 52403
8000 53051
8001 53357
8002 53831
8003 54160
8004 54461
8005 54552
8006 54623
8007 54646
8008 54818
8009 54923
8010 54973
8011 55208
8012 55373
8013 55779
8014 55973
8015 56066
8016 56160
8017 56258
8018 56330
8019 56259
8020 56259
8021 56286
8022 56285
8023 56361
8024 56379
8025 56402
8026 56492
