1 10
2 1584
3 1584
4 1584
5 1584
6 1584
7 1584
8 1584
9 1584
10 1584
11 1584
12 1584
13 1584
14 1584
15 1584
16 1584
17 1584
18 1584
19 1584
20 1584
21 1584
22 1584
23 1584
24 1584
25 1584
26 1584
27 1584
28 1584
29 1584
30 1584
31 1584
32 1584
33 1584
34 1584
35 1584
36 1584
37 1584
38 1584
39 1584
40 1584
41 1584
42 1584
43 1584
44 1584
45 1584
46 1584
47 1584
48 1584
49 1584
50 1584
51 1584
52 1584
53 1584
54 1584
55 1584
56 1584
57 1584
58 1584
59 1584
60 1584
61 1584
62 1584
63 1584
64 1584
65 1584
66 1584
67 1584
68 1584
69 1584
70 1584
71 1584
72 1584
73 1584
74 1584
75 1584
76 1584
77 1584
78 1584
79 1584
80 1584
81 1584
82 1584
83 1584
84 1584
85 1584
86 1584
87 1584
88 1584
89 1584
90 1584
91 1584
92 1584
93 1584
94 1584
95 1584
96 1584
97 1584
98 1584
99 1584
100 1584
101 1584
102 1584
103 1584
104 1584
105 1584
106 1584
107 1584
108 1584
109 1584
110 1584
111 1584
112 1584
113 1584
114 1584
115 1584
116 1584
117 1584
118 1584
119 1584
120 1584
121 1584
122 1584
123 1584
124 1584
125 1584
126 1584
127 1584
128 1584
129 1584
130 1584
131 1584
132 1584
133 1584
134 1584
135 1584
136 1584
137 1584
138 1584
139 1584
140 1584
141 1584
142 1584
143 1584
144 1584
145 1584
146 1584
147 1584
148 1584
149 1584
150 1584
151 1584
152 1584
153 1584
154 1584
155 1584
156 1584
157 1584
158 1584
159 1584
160 1584
161 1584
162 1584
163 1584
164 1584
165 1584
166 1584
167 1584
168 1584
169 1584
170 1584
171 1584
172 1584
173 1584
174 1584
175 1584
176 1584
177 1584
178 1584
179 1584
180 1584
181 1584
182 1584
183 1584
184 1584
185 1584
186 1584
187 1584
188 1584
189 1584
190 1584
191 1584
192 1584
193 1584
194 1584
195 1584
196 1584
197 1584
198 1584
199 1584
200 1584
201 1584
202 1584
203 1584
204 1584
205 1584
206 1584
207 1584
208 1584
209 1584
210 1584
211 1584
212 1584
213 1584
214 1584
215 1584
216 1584
217 1584
218 1584
219 1584
220 1584
221 1584
222 1584
223 1584
224 1584
225 1584
226 1584
227 1584
228 1584
229 1584
230 1584
231 1584
232 1584
233 1584
234 1584
235 1584
236 1584
237 1584
238 1584
239 1584
240 1584
241 1584
242 1584
243 1584
244 1584
245 1584
246 1584
247 1584
248 1584
249 1584
250 1584
251 1584
252 1584
253 1584
254 1584
255 1584
256 1584
257 1584
258 1584
259 1584
260 1584
261 1584
262 1584
263 1584
264 1584
265 1584
266 1584
267 1584
268 1584
269 1584
270 1584
271 1584
272 1584
273 1584
274 1584
275 1584
276 1584
277 1584
278 1584
279 1584
280 1584
281 1584
282 1584
283 1584
284 1584
285 1584
286 1584
287 1584
288 1584
289 1584
290 1584
291 1584
292 1584
293 1584
294 1584
295 1584
296 1584
297 1584
298 1584
299 1584
300 1584
301 1584
302 1584
303 1584
304 1584
305 1584
306 1584
307 1584
308 1584
309 1584
310 1584
311 1584
312 1584
313 1584
314 1584
315 1584
316 1584
317 1584
318 1584
319 1584
320 1584
321 1584
322 1584
323 1584
324 1584
325 1584
326 1584
327 1584
328 1584
329 1584
330 1584
331 1584
332 1584
333 1584
334 1584
335 1584
336 1584
337 1584
338 1584
339 1584
340 1584
341 1584
342 1584
343 1584
344 1584
345 1584
346 1584
347 1584
348 1584
349 1584
350 1584
351 1584
352 1584
353 1584
354 1584
355 1584
356 1584
357 1584
358 1584
359 1584
360 1584
361 1584
362 1584
363 1584
364 1584
365 1584
366 1584
367 1584
368 1584
369 1584
370 1584
371 1584
372 1584
373 1584
374 1584
375 1584
376 1584
377 1584
378 1584
379 1584
380 1584
381 1584
382 1584
383 1584
384 1584
385 1584
386 1584
387 1584
388 1584
389 1584
390 1584
391 1584
392 1584
393 1584
394 1584
395 1584
396 1584
397 1584
398 1584
399 1584
400 1584
401 1584
402 1584
403 1584
404 1584
405 1584
406 1584
407 1584
408 1584
409 1584
410 1584
411 1584
412 1584
413 1584
414 1584
415 1584
416 1584
417 1584
418 1584
419 1584
420 1584
421 1584
422 1584
423 1584
424 1584
425 1584
426 1584
427 1584
428 1584
429 1584
430 1584
431 1584
432 1584
433 1584
434 1584
435 1584
436 1584
437 1584
438 1584
439 1584
440 1584
441 1584
442 1584
443 1584
444 1584
445 1584
446 1584
447 1584
448 1584
449 1584
450 1584
451 1584
452 1584
453 1584
454 1584
455 1584
456 1584
457 1584
458 1584
459 1584
460 1584
461 1584
462 1584
463 1584
464 1584
465 1584
466 1584
467 1584
468 1584
469 1584
470 1584
471 1584
472 1584
473 1584
474 1584
475 1584
476 1584
477 1584
478 1584
479 1584
480 1584
481 1584
482 1584
483 1584
484 1584
485 1584
486 1584
487 1584
488 1584
489 1584
490 1584
491 1584
492 1584
493 1584
494 1584
495 1584
496 1584
497 1584
498 1584
499 1584
500 1584
501 1584
502 1584
503 1584
504 1584
505 1584
506 1584
507 1584
508 1584
509 1584
510 1584
511 1584
512 1584
513 1584
514 1584
515 1584
516 1584
517 1584
518 1584
519 1584
520 1584
521 1584
522 1584
523 1584
524 1584
525 1584
526 1584
527 1584
528 1584
529 1584
530 1584
531 1584
532 1584
533 1584
534 1584
535 1584
536 1584
537 1584
538 1584
539 1584
540 1584
541 1584
542 1584
543 1584
544 1584
545 1584
546 1584
547 1584
548 1584
549 1584
550 1584
551 1584
552 1584
553 1584
554 1584
555 1584
556 1584
557 1584
558 1584
559 1584
560 1584
561 1584
562 1584
563 1584
564 1584
565 1584
566 1584
567 1584
568 1584
569 1584
570 1584
571 1584
572 1584
573 1584
574 1584
575 1584
576 1584
577 1584
578 1584
579 1584
580 1584
581 1584
582 1584
583 1584
584 1584
585 1584
586 1584
587 1584
588 1584
589 1584
590 1584
591 1584
592 1584
593 1584
594 1584
595 1584
596 1584
597 1584
598 1584
599 1584
600 1584
601 1584
602 1584
603 1584
604 1584
605 1584
606 1584
607 1584
608 1584
609 1584
610 1584
611 1584
612 1584
613 1584
614 1584
615 1584
616 1584
617 1584
618 1584
619 1584
620 1584
621 1584
622 1584
623 1584
624 1584
625 1584
626 1584
627 1584
628 1584
629 1584
630 1584
631 1584
632 1584
633 1584
634 1584
635 1584
636 1584
637 1584
638 1584
639 1584
640 1584
641 1584
642 1584
643 1584
644 1584
645 1584
646 1584
647 1584
648 1584
649 1584
650 1584
651 1584
652 1584
653 1584
654 1584
655 1584
656 1584
657 1584
658 1584
659 1584
660 1584
661 1584
662 1584
663 1584
664 1584
665 1584
666 1584
667 1584
668 1584
669 1584
670 1584
671 1584
672 1584
673 1584
674 1584
675 1584
676 1584
677 1584
678 1584
679 1584
680 1584
681 1584
682 1584
683 1584
684 1584
685 1584
686 1584
687 1584
688 1584
689 1584
690 1584
691 1584
692 1584
693 1584
694 1584
695 1584
696 1584
697 1584
698 1584
699 1584
700 1584
701 1584
702 1584
703 1584
704 1584
705 1584
706 1584
707 1584
708 1584
709 1584
710 1584
711 1584
712 1584
713 1584
714 1584
715 1584
716 1584
717 1584
718 1584
719 1584
720 1584
721 1584
722 1584
723 1584
724 1584
725 1584
726 1584
727 1584
728 1584
729 1584
730 1584
731 1584
732 1584
733 1584
734 1584
735 1584
736 1584
737 1584
738 1584
739 1584
740 1584
741 1584
742 1584
743 1584
744 1584
745 1584
746 1584
747 1584
748 1584
749 1584
750 1584
751 1584
752 1584
753 1584
754 1584
755 1584
756 1584
757 1584
758 1584
759 1584
760 1584
761 1584
762 1584
763 1584
764 1584
765 1584
766 1584
767 1584
768 1584
769 1584
770 1584
771 1584
772 1584
773 1584
774 1584
775 1584
776 1584
777 1584
778 1584
779 1584
780 1584
781 1584
782 1584
783 1584
784 1584
785 1584
786 1584
787 1584
788 1584
789 1584
790 1584
791 1584
792 1584
793 1584
794 1584
795 1584
796 1584
797 1584
798 1584
799 1584
800 1584
801 1584
802 1584
803 1584
804 1584
805 1584
806 1584
807 1584
808 1584
809 1584
810 1584
811 1584
812 1584
813 1584
814 1584
815 1584
816 1584
817 1584
818 1584
819 1584
820 1584
821 1584
822 1584
823 1584
824 1584
825 1584
826 1584
827 1584
828 1584
829 1584
830 1584
831 1584
832 1584
833 1584
834 1584
835 1584
836 1584
837 1584
838 1584
839 1584
840 1584
841 1584
842 1584
843 1584
844 1584
845 1584
846 1584
847 1584
848 1584
849 1584
850 1584
851 1584
852 1584
853 1584
854 1584
855 1584
856 1584
857 1584
858 1584
859 1584
860 1584
861 1584
862 1584
863 1584
864 1584
865 1584
866 1584
867 1584
868 1584
869 1584
870 1584
871 1584
872 1584
873 1584
874 1584
875 1584
876 1584
877 1584
878 1584
879 1584
880 1584
881 1584
882 1584
883 1584
884 1584
885 1584
886 1584
887 1584
888 1584
889 1584
890 1584
891 1584
892 1584
893 1584
894 1584
895 1584
896 1584
897 1584
898 1584
899 1584
900 1584
901 1584
902 1584
903 1584
904 1584
905 1584
906 1584
907 1584
908 1584
909 1584
910 1584
911 1584
912 1584
913 1584
914 1584
915 1584
916 1584
917 1584
918 1584
919 1584
920 1584
921 1584
922 1584
923 1584
924 1584
925 1584
926 1584
927 1584
928 1584
929 1584
930 1584
931 1584
932 1584
933 1584
934 1584
935 1584
936 1584
937 1584
938 1584
939 1584
940 1584
941 1584
942 1584
943 1584
944 1584
945 1584
946 1584
947 1584
948 1584
949 1584
950 1584
951 1584
952 1584
953 1584
954 1584
955 1584
956 1584
957 1584
958 1584
959 1584
960 1584
961 1584
962 1584
963 1584
964 1584
965 1584
966 1584
967 1584
968 1584
969 1584
970 1584
971 1584
972 1584
973 1584
974 1584
975 1584
976 1584
977 1584
978 1584
979 1584
980 1584
981 1584
982 1584
983 1584
984 1584
985 1584
986 1584
987 1584
988 1584
989 1584
990 1584
991 1584
992 1584
993 1584
994 1584
995 1584
996 1584
997 1584
998 1584
999 1584
1000 1584
1001 1584
1002 1584
1003 1584
1004 1584
1005 1584
1006 1584
1007 1584
1008 1584
1009 1584
1010 1584
1011 1584
1012 1584
1013 1584
1014 1584
1015 1584
1016 1584
1017 1584
1018 1584
1019 1584
1020 1584
1021 1584
1022 1584
1023 1584
1024 1584
1025 1584
1026 1584
1027 1584
1028 1584
1029 1584
1030 1584
1031 1584
1032 1584
1033 1584
1034 1584
1035 1584
1036 1584
1037 1584
1038 1584
1039 1584
1040 1584
1041 1584
1042 1584
1043 1584
1044 1584
1045 1584
1046 1584
1047 1584
1048 1584
1049 1584
1050 1584
1051 1584
1052 1584
1053 1584
1054 1584
1055 1584
1056 1584
1057 1584
1058 1584
1059 1584
1060 1584
1061 1584
1062 1584
1063 1584
1064 1584
1065 1584
1066 1584
1067 1584
1068 1584
1069 1584
1070 1584
1071 1584
1072 1584
1073 1584
1074 1584
1075 1584
1076 1584
1077 1584
1078 1584
1079 1584
1080 1584
1081 1584
1082 1584
1083 1584
1084 1584
1085 1584
1086 1584
1087 1584
1088 1584
1089 1584
1090 1584
1091 1584
1092 1584
1093 1584
1094 1584
1095 1584
1096 1584
1097 1584
1098 1584
1099 1584
1100 1584
1101 1584
1102 1584
1103 1584
1104 1584
1105 1584
1106 1584
1107 1584
1108 1584
1109 1584
1110 1584
1111 1584
1112 1584
1113 1584
1114 1584
1115 1584
1116 1584
1117 1584
1118 1584
1119 1584
1120 1584
1121 1584
1122 1584
1123 1584
1124 1584
1125 1584
1126 1584
1127 1584
1128 1584
1129 1584
1130 1584
1131 1584
1132 1584
1133 1584
1134 1584
1135 1584
1136 1584
1137 1584
1138 1584
1139 1584
1140 1584
1141 1584
1142 1584
1143 1584
1144 1584
1145 1584
1146 1584
1147 1584
1148 1584
1149 1584
1150 1584
1151 1584
1152 1584
1153 1584
1154 1584
1155 1584
1156 1584
1157 1584
1158 1584
1159 1584
1160 1584
1161 1584
1162 1584
1163 1584
1164 1584
1165 1584
1166 1584
1167 1584
1168 1584
1169 1584
1170 1584
1171 1584
1172 1584
1173 1584
1174 1584
1175 1584
1176 1584
1177 1584
1178 1584
1179 1584
1180 1584
1181 1584
1182 1584
1183 1584
1184 1584
1185 1584
1186 1584
1187 1584
1188 1584
1189 1584
1190 1584
1191 1584
1192 1584
1193 1584
1194 1584
1195 1584
1196 1584
1197 1584
1198 1584
1199 1584
1200 1584
1201 1584
1202 1584
1203 1584
1204 1584
1205 1584
1206 1584
1207 1584
1208 1584
1209 1584
1210 1584
1211 1584
1212 1584
1213 1584
1214 1584
1215 1584
1216 1584
1217 1584
1218 1584
1219 1584
1220 1584
1221 1584
1222 1584
1223 1584
1224 1584
1225 1584
1226 1584
1227 1584
1228 1584
1229 1584
1230 1584
1231 1584
1232 1584
1233 1584
1234 1584
1235 1584
1236 1584
1237 1584
1238 1584
1239 1584
1240 1584
1241 1584
1242 1584
1243 1584
1244 1584
1245 1584
1246 1584
1247 1584
1248 1584
1249 1584
1250 1584
1251 1584
1252 1584
1253 1584
1254 1584
1255 1584
1256 1584
1257 1584
1258 1584
1259 1584
1260 1584
1261 1584
1262 1584
1263 1584
1264 1584
1265 1584
1266 1584
1267 1584
1268 1584
1269 1584
1270 1584
1271 1584
1272 1584
1273 1584
1274 1584
1275 1584
1276 1584
1277 1584
1278 1584
1279 1584
1280 1584
1281 1584
1282 1584
1283 1584
1284 1584
1285 1584
1286 1584
1287 1584
1288 1584
1289 1584
1290 1584
1291 1584
1292 1584
1293 1584
1294 1584
1295 1584
1296 1584
1297 1584
1298 1584
1299 1584
1300 1584
1301 1584
1302 1584
1303 1584
1304 1584
1305 1584
1306 1584
1307 1584
1308 1584
1309 1584
1310 1584
1311 1584
1312 1584
1313 1584
1314 1584
1315 1584
1316 1584
1317 1584
1318 1584
1319 1584
1320 1584
1321 1584
1322 1584
1323 1584
1324 1584
1325 1584
1326 1584
1327 1584
1328 1584
1329 1584
1330 1584
1331 1584
1332 1584
1333 1584
1334 1584
1335 1584
1336 1584
1337 1584
1338 1584
1339 1584
1340 1584
1341 1584
1342 1584
1343 1584
1344 1584
1345 1584
1346 1584
1347 1584
1348 1584
1349 1584
1350 1584
1351 1584
1352 1584
1353 1584
1354 1584
1355 1584
1356 1584
1357 1584
1358 1584
1359 1584
1360 1584
1361 1584
1362 1584
1363 1584
1364 1584
1365 1584
1366 1584
1367 1584
1368 1584
1369 1584
1370 1584
1371 1584
1372 1584
1373 1584
1374 1584
1375 1584
1376 1584
1377 1584
1378 1584
1379 1584
1380 1584
1381 1584
1382 1584
1383 1584
1384 1584
1385 1584
1386 1584
1387 1584
1388 1584
1389 1584
1390 1584
1391 1584
1392 1584
1393 1584
1394 1584
1395 1584
1396 1584
1397 1584
1398 1584
1399 1584
1400 1584
1401 1584
1402 1584
1403 1584
1404 1584
1405 1584
1406 1584
1407 1584
1408 1584
1409 1584
1410 1584
1411 1584
1412 1584
1413 1584
1414 1584
1415 1584
1416 1584
1417 1584
1418 1584
1419 1584
1420 1584
1421 1584
1422 1584
1423 1584
1424 1584
1425 1584
1426 1584
1427 1584
1428 1584
1429 1584
1430 1584
1431 1584
1432 1584
1433 1584
1434 1584
1435 1584
1436 1584
1437 1584
1438 1584
1439 1584
1440 1584
1441 1584
1442 1584
1443 1584
1444 1584
1445 1584
1446 1584
1447 1584
1448 1584
1449 1584
1450 1584
1451 1584
1452 1584
1453 1584
1454 1584
1455 1584
1456 1584
1457 1584
1458 1584
1459 1584
1460 1584
1461 1584
1462 1584
1463 1584
1464 1584
1465 1584
1466 1584
1467 1584
1468 1584
1469 1584
1470 1584
1471 1584
1472 1584
1473 1584
1474 1584
1475 1584
1476 1584
1477 1584
1478 1584
1479 1584
1480 1584
1481 1584
1482 1584
1483 1584
1484 1584
1485 1584
1486 1584
1487 1584
1488 1584
1489 1584
1490 1584
1491 1584
1492 1584
1493 1584
1494 1584
1495 1584
1496 1584
1497 1584
1498 1584
1499 1584
1500 1584
1501 1584
1502 1584
1503 1584
1504 1584
1505 1584
1506 1584
1507 1584
1508 1584
1509 1584
1510 1584
1511 1584
1512 1584
1513 1584
1514 1584
1515 1584
1516 1584
1517 1584
1518 1584
1519 1584
1520 1584
1521 1584
1522 1584
1523 1584
1524 1584
1525 1584
1526 1584
1527 1584
1528 1584
1529 1584
1530 1584
1531 1584
1532 1584
1533 1584
1534 1584
1535 1584
1536 1584
1537 1584
1538 1584
1539 1584
1540 1584
1541 1584
1542 1584
1543 1584
1544 1584
1545 1584
1546 1584
1547 1584
1548 1584
1549 1584
1550 1584
1551 1584
1552 1584
1553 1584
1554 1584
1555 1584
1556 1584
1557 1584
1558 1584
1559 1584
1560 1584
1561 1584
1562 1584
1563 1584
1564 1584
1565 1584
1566 1584
1567 1584
1568 1584
1569 1584
1570 1584
1571 1584
1572 1584
1573 1584
1574 1584
1575 1584
1576 1584
1577 1584
1578 1584
1579 1584
1580 1584
1581 1584
1582 1584
1583 1584
1584 1584
1585 1584
1586 1584
1587 1584
1588 1584
1589 1584
1590 1584
1591 1584
1592 1584
1593 1584
1594 1584
1595 1584
1596 1584
1597 1584
1598 1584
1599 1584
1600 1584
1601 1584
1602 1584
1603 1584
1604 1584
1605 1584
1606 1584
1607 1584
1608 1584
1609 1584
1610 1584
1611 1584
1612 1584
1613 1584
1614 1584
1615 1584
1616 1584
1617 1584
1618 1584
1619 1584
1620 1584
1621 1584
1622 1584
1623 1584
1624 1584
1625 1584
1626 1584
1627 1584
1628 1584
1629 1584
1630 1584
1631 1584
1632 1584
1633 1584
1634 1584
1635 1584
1636 1584
1637 1584
1638 1584
1639 1584
1640 1584
1641 1584
1642 1584
1643 1584
1644 1584
1645 1584
1646 1584
1647 1584
1648 1584
1649 1584
1650 1584
1651 1584
1652 1584
1653 1584
1654 1584
1655 1584
1656 1584
1657 1584
1658 1584
1659 1584
1660 1584
1661 1584
1662 1584
1663 1584
1664 1584
1665 1584
1666 1584
1667 1584
1668 1584
1669 1584
1670 1584
1671 1584
1672 1584
1673 1584
1674 1584
1675 1584
1676 1584
1677 1584
1678 1584
1679 1584
1680 1584
1681 1584
1682 1584
1683 1584
1684 1584
1685 1584
1686 1584
1687 1584
1688 1584
1689 1584
1690 1584
1691 1584
1692 1584
1693 1584
1694 1584
1695 1584
1696 1584
1697 1584
1698 1584
1699 1584
1700 1584
1701 1584
1702 1584
1703 1584
1704 1584
1705 1584
1706 1584
1707 1584
1708 1584
1709 1584
1710 1584
1711 1584
1712 1584
1713 1584
1714 1584
1715 1584
1716 1584
1717 1584
1718 1584
1719 1584
1720 1584
1721 1584
1722 1584
1723 1584
1724 1584
1725 1584
1726 1584
1727 1584
1728 1584
1729 1584
1730 1584
1731 1584
1732 1584
1733 1584
1734 1584
1735 1584
1736 1584
1737 1584
1738 1584
1739 1584
1740 1584
1741 1584
1742 1584
1743 1584
1744 1584
1745 1584
1746 1584
1747 1584
1748 1584
1749 1584
1750 1584
1751 1584
1752 1584
1753 1584
1754 1584
1755 1584
1756 1584
1757 1584
1758 1584
1759 1584
1760 1584
1761 1584
1762 1584
1763 1584
1764 1584
1765 1584
1766 1584
1767 1584
1768 1584
1769 1584
1770 1584
1771 1584
1772 1584
1773 1584
1774 1584
1775 1584
1776 1584
1777 1584
1778 1584
1779 1584
1780 1584
1781 1584
1782 1584
1783 1584
1784 1584
1785 1584
1786 1584
1787 1584
1788 1584
1789 1584
1790 1584
1791 1584
1792 1584
1793 1584
1794 1584
1795 1584
1796 1584
1797 1584
1798 1584
1799 1584
1800 1584
1801 1584
1802 1584
1803 1584
1804 1584
1805 1584
1806 1584
1807 1584
1808 1584
1809 1584
1810 1584
1811 1584
1812 1584
1813 1584
1814 1584
1815 1584
1816 1584
1817 1584
1818 1584
1819 1584
1820 1584
1821 1584
1822 1584
1823 1584
1824 1584
1825 1584
1826 1584
1827 1584
1828 1584
1829 1584
1830 1584
1831 1584
1832 1584
1833 1584
1834 1584
1835 1584
1836 1584
1837 1584
1838 1584
1839 1584
1840 1584
1841 1584
1842 1584
1843 1584
1844 1584
1845 1584
1846 1584
1847 1584
1848 1584
1849 1584
1850 1584
1851 1584
1852 1584
1853 1584
1854 1584
1855 1584
1856 1584
1857 1584
1858 1584
1859 1584
1860 1584
1861 1584
1862 1584
1863 1584
1864 1584
1865 1584
1866 1584
1867 1584
1868 1584
1869 1584
1870 1584
1871 1584
1872 1584
1873 1584
1874 1584
1875 1584
1876 1584
1877 1584
1878 1584
1879 1584
1880 1584
1881 1584
1882 1584
1883 1584
1884 1584
1885 1584
1886 1584
1887 1584
1888 1584
1889 1584
1890 1584
1891 1584
1892 1584
1893 1584
1894 1584
1895 1584
1896 1584
1897 1584
1898 1584
1899 1584
1900 1584
1901 1584
1902 1584
1903 1584
1904 1584
1905 1584
1906 1584
1907 1584
1908 1584
1909 1584
1910 1584
1911 1584
1912 1584
1913 1584
1914 1584
1915 1584
1916 1584
1917 1584
1918 1584
1919 1584
1920 1584
1921 1584
1922 1584
1923 1584
1924 1584
1925 1584
1926 1584
1927 1584
1928 1584
1929 1584
1930 1584
1931 1584
1932 1584
1933 1584
1934 1584
1935 1584
1936 1584
1937 1584
1938 1584
1939 1584
1940 1584
1941 1584
1942 1584
1943 1584
1944 1584
1945 1584
1946 1584
1947 1584
1948 1584
1949 1584
1950 1584
1951 1584
1952 1584
1953 1584
1954 1584
1955 1584
1956 1584
1957 1584
1958 1584
1959 1584
1960 1584
1961 1584
1962 1584
1963 1584
1964 1584
1965 1584
1966 1584
1967 1584
1968 1584
1969 1584
1970 1584
1971 1584
1972 1584
1973 1584
1974 1584
1975 1584
1976 1584
1977 1584
1978 1584
1979 1584
1980 1584
1981 1584
1982 1584
1983 1584
1984 1584
1985 1584
1986 1584
1987 1584
1988 1584
1989 1584
1990 1584
1991 1584
1992 1584
1993 1584
1994 1584
1995 1584
1996 1584
1997 1584
1998 1584
1999 1584
2000 1584
2001 1584
2002 1584
2003 1584
2004 1584
2005 1584
2006 1584
2007 1584
2008 1584
2009 1584
2010 1584
2011 1584
2012 1584
2013 1584
2014 1584
2015 1584
2016 1584
2017 1584
2018 1584
2019 1584
2020 1584
2021 1584
2022 1584
2023 1584
2024 1584
2025 1584
2026 1584
2027 1584
2028 1584
2029 1584
2030 1584
2031 1584
2032 1584
2033 1584
2034 1584
2035 1584
2036 1584
2037 1584
2038 1584
2039 1584
2040 1584
2041 1584
2042 1584
2043 1584
2044 1584
2045 1584
2046 1584
2047 1584
2048 1584
2049 1584
2050 1584
2051 1584
2052 1584
2053 1584
2054 1584
2055 1584
2056 1584
2057 1584
2058 1584
2059 1584
2060 1584
2061 1584
2062 1584
2063 1584
2064 1584
2065 1584
2066 1584
2067 1584
2068 1584
2069 1584
2070 1584
2071 1584
2072 1584
2073 1584
2074 1584
2075 1584
2076 1584
2077 1584
2078 1584
2079 1584
2080 1584
2081 1584
2082 1584
2083 1584
2084 1584
2085 1584
2086 1584
2087 1584
2088 1584
2089 1584
2090 1584
2091 1584
2092 1584
2093 1584
2094 1584
2095 1584
2096 1584
2097 1584
2098 1584
2099 1584
2100 1584
2101 1584
2102 1584
2103 1584
2104 1584
2105 1584
2106 1584
2107 1584
2108 1584
2109 1584
2110 1584
2111 1584
2112 1584
2113 1584
2114 1584
2115 1584
2116 1584
2117 1584
2118 1584
2119 1584
2120 1584
2121 1584
2122 1584
2123 1584
2124 1584
2125 1584
2126 1584
2127 1584
2128 1584
2129 1584
2130 1584
2131 1584
2132 1584
2133 1584
2134 1584
2135 1584
2136 1584
2137 1584
2138 1584
2139 1584
2140 1584
2141 1584
2142 1584
2143 1584
2144 1584
2145 1584
2146 1584
2147 1584
2148 1584
2149 1584
2150 1584
2151 1584
2152 1584
2153 1584
2154 1584
2155 1584
2156 1584
2157 1584
2158 1584
2159 1584
2160 1584
2161 1584
2162 1584
2163 1584
2164 1584
2165 1584
2166 1584
2167 1584
2168 1584
2169 1584
2170 1584
2171 1584
2172 1584
2173 1584
2174 1584
2175 1584
2176 1584
2177 1584
2178 1584
2179 1584
2180 1584
2181 1584
2182 1584
2183 1584
2184 1584
2185 1584
2186 1584
2187 1584
2188 1584
2189 1584
2190 1584
2191 1584
2192 1584
2193 1584
2194 1584
2195 1584
2196 1584
2197 1584
2198 1584
2199 1584
2200 1584
2201 1584
2202 1584
2203 1584
2204 1584
2205 1584
2206 1584
2207 1584
2208 1584
2209 1584
2210 1584
2211 1584
2212 1584
2213 1584
2214 1584
2215 1584
2216 1584
2217 1584
2218 1584
2219 1584
2220 1584
2221 1584
2222 1584
2223 1584
2224 1584
2225 1584
2226 1584
2227 1584
2228 1584
2229 1584
2230 1584
2231 1584
2232 1584
2233 1584
2234 1584
2235 1584
2236 1584
2237 1584
2238 1584
2239 1584
2240 1584
2241 1584
2242 1584
2243 1584
2244 1584
2245 1584
2246 1584
2247 1584
2248 1584
2249 1584
2250 1584
2251 1584
2252 1584
2253 1584
2254 1584
2255 1584
2256 1584
2257 1584
2258 1584
2259 1584
2260 1584
2261 1584
2262 1584
2263 1584
2264 1584
2265 1584
2266 1584
2267 1584
2268 1584
2269 1584
2270 1584
2271 1584
2272 1584
2273 1584
2274 1584
2275 1584
2276 1584
2277 1584
2278 1584
2279 1584
2280 1584
2281 1584
2282 1584
2283 1584
2284 1584
2285 1584
2286 1584
2287 1584
2288 1584
2289 1584
2290 1584
2291 1584
2292 1584
2293 1584
2294 1584
2295 1584
2296 1584
2297 1584
2298 1584
2299 1584
2300 1584
2301 1584
2302 1584
2303 1584
2304 1584
2305 1584
2306 1584
2307 1584
2308 1584
2309 1584
2310 1584
2311 1584
2312 1584
2313 1584
2314 1584
2315 1584
2316 1584
2317 1584
2318 1584
2319 1584
2320 1584
2321 1584
2322 1584
2323 1584
2324 1584
2325 1584
2326 1584
2327 1584
2328 1584
2329 1584
2330 1584
2331 1584
2332 1584
2333 1584
2334 1584
2335 1584
2336 1584
2337 1584
2338 1584
2339 1584
2340 1584
2341 1584
2342 1584
2343 1584
2344 1584
2345 1584
2346 1584
2347 1584
2348 1584
2349 1584
2350 1584
2351 1584
2352 1584
2353 1584
2354 1584
2355 1584
2356 1584
2357 1584
2358 1584
2359 1584
2360 1584
2361 1584
2362 1584
2363 1584
2364 1584
2365 1584
2366 1584
2367 1584
2368 1584
2369 1584
2370 1584
2371 1584
2372 1584
2373 1584
2374 1584
2375 1584
2376 1584
2377 1584
2378 1584
2379 1584
2380 1584
2381 1584
2382 1584
2383 1584
2384 1584
2385 1584
2386 1584
2387 1584
2388 1584
2389 1584
2390 1584
2391 1584
2392 1584
2393 1584
2394 1584
2395 1584
2396 1584
2397 1584
2398 1584
2399 1584
2400 1584
2401 1584
2402 1584
2403 1584
2404 1584
2405 1584
2406 1584
2407 1584
2408 1584
2409 1584
2410 1584
2411 1584
2412 1584
2413 1584
2414 1584
2415 1584
2416 1584
2417 1584
2418 1584
2419 1584
2420 1584
2421 1584
2422 1584
2423 1584
2424 1584
2425 1584
2426 1584
2427 1584
2428 1584
2429 1584
2430 1584
2431 1584
2432 1584
2433 1584
2434 1584
2435 1584
2436 1584
2437 1584
2438 1584
2439 1584
2440 1584
2441 1584
2442 1584
2443 1584
2444 1584
2445 1584
2446 1584
2447 1584
2448 1584
2449 1584
2450 1584
2451 1584
2452 1584
2453 1584
2454 1584
2455 1584
2456 1584
2457 1584
2458 1584
2459 1584
2460 1584
2461 1584
2462 1584
2463 1584
2464 1584
2465 1584
2466 1584
2467 1584
2468 1584
2469 1584
2470 1584
2471 1584
2472 1584
2473 1584
2474 1584
2475 1584
2476 1584
2477 1584
2478 1584
2479 1584
2480 1584
2481 1584
2482 1584
2483 1584
2484 1584
2485 1584
2486 1584
2487 1584
2488 1584
2489 1584
2490 1584
2491 1584
2492 1584
2493 1584
2494 1584
2495 1584
2496 1584
2497 1584
2498 1584
2499 1584
2500 1584
2501 1584
2502 1584
2503 1584
2504 1584
2505 1584
2506 1584
2507 1584
2508 1584
2509 1584
2510 1584
2511 1584
2512 1584
2513 1584
2514 1584
2515 1584
2516 1584
2517 1584
2518 1584
2519 1584
2520 1584
2521 1584
2522 1584
2523 1584
2524 1584
2525 1584
2526 1584
2527 1584
2528 1584
2529 1584
2530 1584
2531 1584
2532 1584
2533 1584
2534 1584
2535 1584
2536 1584
2537 1584
2538 1584
2539 1584
2540 1584
2541 1584
2542 1584
2543 1584
2544 1584
2545 1584
2546 1584
2547 1584
2548 1584
2549 1584
2550 1584
2551 1584
2552 1584
2553 1584
2554 1584
2555 1584
2556 1584
2557 1584
2558 1584
2559 1584
2560 1584
2561 1584
2562 1584
2563 1584
2564 1584
2565 1584
2566 1584
2567 1584
2568 1584
2569 1584
2570 1584
2571 1584
2572 1584
2573 1584
2574 1584
2575 1584
2576 1584
2577 1584
2578 1584
2579 1584
2580 1584
2581 1584
2582 1584
2583 1584
2584 1584
2585 1584
2586 1584
2587 1584
2588 1584
2589 1584
2590 1584
2591 1584
2592 1584
2593 1584
2594 1584
2595 1584
2596 1584
2597 1584
2598 1584
2599 1584
2600 1584
2601 1584
2602 1584
2603 1584
2604 1584
2605 1584
2606 1584
2607 1584
2608 1584
2609 1584
2610 1584
2611 1584
2612 1584
2613 1584
2614 1584
2615 1584
2616 1584
2617 1584
2618 1584
2619 1584
2620 1584
2621 1584
2622 1584
2623 1584
2624 1584
2625 1584
2626 1584
2627 1584
2628 1584
2629 1584
2630 1584
2631 1584
2632 1584
2633 1584
2634 1584
2635 1584
2636 1584
2637 1584
2638 1584
2639 1584
2640 1584
2641 1584
2642 1584
2643 1584
2644 1584
2645 1584
2646 1584
2647 1584
2648 1584
2649 1584
2650 1584
2651 1584
2652 1584
2653 1584
2654 1584
2655 1584
2656 1584
2657 1584
2658 1584
2659 1584
2660 1584
2661 1584
2662 1584
2663 1584
2664 1584
2665 1584
2666 1584
2667 1584
2668 1584
2669 1584
2670 1584
2671 1584
2672 1584
2673 1584
2674 1584
2675 1584
2676 1584
2677 1584
2678 1584
2679 1584
2680 1584
2681 1584
2682 1584
2683 1584
2684 1584
2685 1584
2686 1584
2687 1584
2688 1584
2689 1584
2690 1584
2691 1584
2692 1584
2693 1584
2694 1584
2695 1584
2696 1584
2697 1584
2698 1584
2699 1584
2700 1584
2701 1584
2702 1584
2703 1584
2704 1584
2705 1584
2706 1584
2707 1584
2708 1584
2709 1584
2710 1584
2711 1584
2712 1584
2713 1584
2714 1584
2715 1584
2716 1584
2717 1584
2718 1584
2719 1584
2720 1584
2721 1584
2722 1584
2723 1584
2724 1584
2725 1584
2726 1584
2727 1584
2728 1584
2729 1584
2730 1584
2731 1584
2732 1584
2733 1584
2734 1584
2735 1584
2736 1584
2737 1584
2738 1584
2739 1584
2740 1584
2741 1584
2742 1584
2743 1584
2744 1584
2745 1584
2746 1584
2747 1584
2748 1584
2749 1584
2750 1584
2751 1584
2752 1584
2753 1584
2754 1584
2755 1584
2756 1584
2757 1584
2758 1584
2759 1584
2760 1584
2761 1584
2762 1584
2763 1584
2764 1584
2765 1584
2766 1584
2767 1584
2768 1584
2769 1584
2770 1584
2771 1584
2772 1584
2773 1584
2774 1584
2775 1584
2776 1584
2777 1584
2778 1584
2779 1584
2780 1584
2781 1584
2782 1584
2783 1584
2784 1584
2785 1584
2786 1584
2787 1584
2788 1584
2789 1584
2790 1584
2791 1584
2792 1584
2793 1584
2794 1584
2795 1584
2796 1584
2797 1584
2798 1584
2799 1584
2800 1584
2801 1584
2802 1584
2803 1584
2804 1584
2805 1584
2806 1584
2807 1584
2808 1584
2809 1584
2810 1584
2811 1584
2812 1584
2813 1584
2814 1584
2815 1584
2816 1584
2817 1584
2818 1584
2819 1584
2820 1584
2821 1584
2822 1584
2823 1584
2824 1584
2825 1584
2826 1584
2827 1584
2828 1584
2829 1584
2830 1584
2831 1584
2832 1584
2833 1584
2834 1584
2835 1584
2836 1584
2837 1584
2838 1584
2839 1584
2840 1584
2841 1584
2842 1584
2843 1584
2844 1584
2845 1584
2846 1584
2847 1584
2848 1584
2849 1584
2850 1584
2851 1584
2852 1584
2853 1584
2854 1584
2855 1584
2856 1584
2857 1584
2858 1584
2859 1584
2860 1584
2861 1584
2862 1584
2863 1584
2864 1584
2865 1584
2866 1584
2867 1584
2868 1584
2869 1584
2870 1584
2871 1584
2872 1584
2873 1584
2874 1584
2875 1584
2876 1584
2877 1584
2878 1584
2879 1584
2880 1584
2881 1584
2882 1584
2883 1584
2884 1584
2885 1584
2886 1583
2887 1581
2888 1581
2889 1580
2890 1579
2891 1579
2892 1578
2893 1578
2894 1578
2895 1578
2896 1576
2897 1576
2898 1576
2899 1574
2900 1574
2901 1573
2902 1573
2903 1573
2904 1573
2905 1572
2906 1570
2907 1570
2908 1570
2909 1567
2910 1566
2911 1566
2912 1566
2913 1566
2914 1565
2915 1564
2916 1564
2917 1564
2918 1564
2919 1564
2920 1564
2921 1563
2922 1563
2923 1562
2924 1562
2925 1561
2926 1561
2927 1561
2928 1561
2929 1561
2930 1561
2931 1561
2932 1561
2933 1561
2934 1561
2935 1561
2936 1560
2937 1560
2938 1558
2939 1558
2940 1556
2941 1556
2942 1556
2943 1554
2944 1554
2945 1553
2946 1553
2947 1553
2948 1553
2949 1552
2950 1552
2951 1552
2952 1552
2953 1551
2954 1551
2955 1551
2956 1551
2957 1549
2958 1549
2959 1549
2960 1549
2961 1549
2962 1549
2963 1548
2964 1548
2965 1548
2966 1548
2967 1548
2968 1548
2969 1548
2970 1548
2971 1547
2972 1547
2973 1546
2974 1543
2975 1541
2976 1537
2977 1537
2978 1537
2979 1536
2980 1533
2981 1533
2982 1532
2983 1532
2984 1532
2985 1531
2986 1531
2987 1531
2988 1531
2989 1531
2990 1531
2991 1531
2992 1531
2993 1531
2994 1531
2995 1530
2996 1529
2997 1529
2998 1529
2999 1529
3000 1528
3001 1527
3002 1527
3003 1526
3004 1526
3005 1526
3006 1526
3007 1526
3008 1525
3009 1525
3010 1524
3011 1523
3012 1522
3013 1522
3014 1522
3015 1521
3016 1519
3017 1519
3018 1518
3019 1517
3020 1517
3021 1517
3022 1517
3023 1517
3024 1517
3025 1516
3026 1515
3027 1515
3028 1515
3029 1515
3030 1515
3031 1515
3032 1515
3033 1514
3034 1514
3035 1513
3036 1512
3037 1512
3038 1504
3039 1498
3040 1494
3041 1491
3042 1490
3043 1489
3044 1489
3045 1489
3046 1489
3047 1486
3048 1486
3049 1485
3050 1485
3051 1485
3052 1483
3053 1482
3054 1482
3055 1482
3056 1482
3057 1482
3058 1482
3059 1482
3060 1482
3061 1482
3062 1481
3063 1481
3064 1481
3065 1480
3066 1480
3067 1480
3068 1480
3069 1479
3070 1479
3071 1479
3072 1478
3073 1478
3074 1478
3075 1478
3076 1477
3077 1477
3078 1476
3079 1476
3080 1476
3081 1475
3082 1475
3083 1475
3084 1475
3085 1475
3086 1475
3087 1475
3088 1475
3089 1474
3090 1473
3091 1473
3092 1473
3093 1473
3094 1472
3095 1472
3096 1471
3097 1470
3098 1470
3099 1467
3100 1467
3101 1466
3102 1461
3103 1454
3104 1442
3105 1442
3106 1442
3107 1442
3108 1440
3109 1440
3110 1438
3111 1437
3112 1437
3113 1435
3114 1435
3115 1435
3116 1435
3117 1435
3118 1435
3119 1435
3120 1435
3121 1435
3122 1434
3123 1434
3124 1433
3125 1432
3126 1432
3127 1432
3128 1432
3129 1432
3130 1432
3131 1432
3132 1430
3133 1429
3134 1429
3135 1429
3136 1429
3137 1429
3138 1428
3139 1428
3140 1428
3141 1428
3142 1428
3143 1428
3144 1428
3145 1428
3146 1428
3147 1428
3148 1426
3149 1425
3150 1424
3151 1424
3152 1424
3153 1424
3154 1424
3155 1424
3156 1424
3157 1424
3158 1423
3159 1423
3160 1422
3161 1422
3162 1422
3163 1420
3164 1413
3165 1406
3166 1403
3167 1403
3168 1403
3169 1403
3170 1402
3171 1402
3172 1402
3173 1401
3174 1401
3175 1400
3176 1400
3177 1400
3178 1400
3179 1397
3180 1395
3181 1395
3182 1393
3183 1392
3184 1391
3185 1391
3186 1389
3187 1389
3188 1387
3189 1387
3190 1387
3191 1387
3192 1387
3193 1386
3194 1385
3195 1385
3196 1384
3197 1382
3198 1381
3199 1380
3200 1379
3201 1379
3202 1378
3203 1378
3204 1378
3205 1378
3206 1378
3207 1378
3208 1377
3209 1377
3210 1376
3211 1376
3212 1376
3213 1376
3214 1376
3215 1376
3216 1376
3217 1376
3218 1375
3219 1375
3220 1374
3221 1370
3222 1359
3223 1346
3224 1343
3225 1342
3226 1342
3227 1342
3228 1342
3229 1342
3230 1341
3231 1341
3232 1340
3233 1339
3234 1339
3235 1339
3236 1338
3237 1338
3238 1335
3239 1335
3240 1335
3241 1335
3242 1335
3243 1335
3244 1335
3245 1335
3246 1334
3247 1334
3248 1334
3249 1332
3250 1332
3251 1331
3252 1331
3253 1330
3254 1329
3255 1328
3256 1328
3257 1328
3258 1328
3259 1328
3260 1326
3261 1326
3262 1326
3263 1326
3264 1326
3265 1325
3266 1325
3267 1324
3268 1323
3269 1322
3270 1322
3271 1322
3272 1321
3273 1321
3274 1320
3275 1320
3276 1320
3277 1320
3278 1320
3279 1314
3280 1305
3281 1287
3282 1278
3283 1278
3284 1278
3285 1278
3286 1278
3287 1277
3288 1276
3289 1275
3290 1274
3291 1274
3292 1274
3293 1274
3294 1273
3295 1273
3296 1273
3297 1273
3298 1273
3299 1273
3300 1272
3301 1271
3302 1271
3303 1271
3304 1271
3305 1270
3306 1269
3307 1266
3308 1266
3309 1266
3310 1264
3311 1263
3312 1263
3313 1263
3314 1263
3315 1263
3316 1263
3317 1260
3318 1260
3319 1259
3320 1259
3321 1259
3322 1259
3323 1259
3324 1259
3325 1257
3326 1254
3327 1251
3328 1249
3329 1249
3330 1247
3331 1247
3332 1246
3333 1245
3334 1245
3335 1234
3336 1216
3337 1194
3338 1194
3339 1191
3340 1190
3341 1190
3342 1190
3343 1190
3344 1189
3345 1189
3346 1189
3347 1189
3348 1188
3349 1188
3350 1187
3351 1187
3352 1186
3353 1186
3354 1185
3355 1185
3356 1185
3357 1185
3358 1184
3359 1184
3360 1184
3361 1184
3362 1184
3363 1184
3364 1183
3365 1183
3366 1182
3367 1181
3368 1181
3369 1180
3370 1180
3371 1180
3372 1180
3373 1180
3374 1179
3375 1179
3376 1177
3377 1177
3378 1176
3379 1176
3380 1176
3381 1176
3382 1176
3383 1176
3384 1176
3385 1175
3386 1175
3387 1175
3388 1175
3389 1175
3390 1175
3391 1175
3392 1175
3393 1175
3394 1175
3395 1175
3396 1175
3397 1166
3398 1154
3399 1147
3400 1135
3401 1135
3402 1135
3403 1134
3404 1133
3405 1133
3406 1133
3407 1133
3408 1133
3409 1133
3410 1132
3411 1132
3412 1130
3413 1129
3414 1128
3415 1128
3416 1128
3417 1128
3418 1127
3419 1127
3420 1127
3421 1126
3422 1126
3423 1126
3424 1126
3425 1126
3426 1126
3427 1126
3428 1125
3429 1125
3430 1125
3431 1123
3432 1123
3433 1123
3434 1123
3435 1123
3436 1122
3437 1122
3438 1122
3439 1122
3440 1121
3441 1121
3442 1121
3443 1121
3444 1121
3445 1121
3446 1121
3447 1120
3448 1120
3449 1120
3450 1120
3451 1120
3452 1119
3453 1119
3454 1119
3455 1118
3456 1118
3457 1118
3458 1118
3459 1116
3460 1116
3461 1093
3462 1081
3463 1065
3464 1064
3465 1064
3466 1064
3467 1064
3468 1064
3469 1063
3470 1063
3471 1062
3472 1061
3473 1061
3474 1060
3475 1060
3476 1058
3477 1055
3478 1054
3479 1053
3480 1053
3481 1053
3482 1052
3483 1052
3484 1051
3485 1050
3486 1050
3487 1049
3488 1049
3489 1048
3490 1048
3491 1048
3492 1048
3493 1047
3494 1047
3495 1047
3496 1047
3497 1047
3498 1047
3499 1047
3500 1046
3501 1045
3502 1044
3503 1044
3504 1044
3505 1044
3506 1044
3507 1044
3508 1044
3509 1044
3510 1044
3511 1044
3512 1044
3513 1044
3514 1044
3515 1044
3516 1044
3517 1044
3518 1035
3519 1030
3520 1012
3521 1005
3522 1005
3523 1005
3524 1005
3525 1005
3526 1005
3527 1005
3528 1005
3529 1005
3530 1005
3531 1005
3532 1005
3533 1005
3534 1005
3535 1005
3536 1005
3537 1005
3538 1005
3539 1005
3540 1005
3541 1005
3542 1005
3543 1005
3544 1005
3545 1005
3546 1005
3547 1005
3548 1005
3549 1005
3550 1005
3551 1005
3552 1005
3553 1005
3554 1005
3555 1005
3556 1005
3557 1005
3558 1005
3559 1005
3560 1005
3561 1005
3562 1005
3563 1005
3564 1005
3565 1005
3566 1005
3567 1005
3568 1005
3569 1005
3570 1005
3571 1005
3572 1005
3573 1005
3574 1005
3575 1005
3576 1005
3577 1005
3578 1005
3579 1005
3580 1005
3581 1005
3582 1005
3583 1005
3584 1005
3585 991
3586 969
3587 958
3588 956
3589 956
3590 956
3591 956
3592 956
3593 956
3594 956
3595 956
3596 956
3597 956
3598 956
3599 956
3600 956
3601 956
3602 956
3603 956
3604 956
3605 956
3606 956
3607 956
3608 956
3609 956
3610 956
3611 956
3612 956
3613 956
3614 956
3615 956
3616 956
3617 956
3618 956
3619 956
3620 956
3621 956
3622 956
3623 956
3624 956
3625 956
3626 956
3627 956
3628 956
3629 956
3630 956
3631 956
3632 956
3633 956
3634 956
3635 956
3636 956
3637 956
3638 956
3639 956
3640 956
3641 956
3642 956
3643 956
3644 956
3645 956
3646 956
3647 956
3648 956
3649 956
3650 956
3651 956
3652 956
3653 956
3654 947
3655 936
3656 934
3657 934
3658 934
3659 934
3660 934
3661 934
3662 934
3663 934
3664 934
3665 934
3666 934
3667 934
3668 934
3669 934
3670 934
3671 934
3672 934
3673 934
3674 934
3675 934
3676 934
3677 934
3678 934
3679 934
3680 934
3681 934
3682 934
3683 934
3684 934
3685 934
3686 934
3687 934
3688 934
3689 934
3690 934
3691 934
3692 934
3693 934
3694 934
3695 934
3696 934
3697 934
3698 934
3699 934
3700 934
3701 934
3702 934
3703 934
3704 934
3705 934
3706 934
3707 934
3708 934
3709 934
3710 934
3711 934
3712 934
3713 934
3714 934
3715 934
3716 934
3717 932
3718 909
3719 902
3720 899
3721 899
3722 899
3723 899
3724 899
3725 899
3726 899
3727 899
3728 899
3729 899
3730 899
3731 899
3732 899
3733 899
3734 899
3735 899
3736 899
3737 899
3738 899
3739 899
3740 899
3741 899
3742 899
3743 899
3744 899
3745 899
3746 899
3747 899
3748 899
3749 899
3750 899
3751 899
3752 899
3753 899
3754 899
3755 899
3756 899
3757 899
3758 899
3759 899
3760 899
3761 899
3762 899
3763 899
3764 899
3765 899
3766 899
3767 899
3768 899
3769 899
3770 899
3771 899
3772 899
3773 899
3774 899
3775 899
3776 899
3777 899
3778 899
3779 899
3780 899
3781 892
3782 879
3783 869
3784 865
3785 865
3786 865
3787 865
3788 865
3789 865
3790 865
3791 865
3792 865
3793 865
3794 865
3795 865
3796 865
3797 865
3798 865
3799 865
3800 865
3801 865
3802 865
3803 865
3804 865
3805 865
3806 865
3807 865
3808 865
3809 865
3810 865
3811 865
3812 865
3813 865
3814 865
3815 865
3816 865
3817 865
3818 865
3819 865
3820 865
3821 865
3822 865
3823 865
3824 865
3825 865
3826 865
3827 865
3828 865
3829 865
3830 865
3831 865
3832 865
3833 865
3834 865
3835 865
3836 865
3837 865
3838 865
3839 865
3840 865
3841 865
3842 865
3843 865
3844 865
3845 865
3846 865
3847 865
3848 865
3849 856
3850 848
3851 835
3852 831
3853 831
3854 831
3855 831
3856 831
3857 831
3858 831
3859 831
3860 831
3861 831
3862 831
3863 831
3864 831
3865 831
3866 831
3867 831
3868 831
3869 831
3870 831
3871 831
3872 831
3873 831
3874 831
3875 831
3876 831
3877 831
3878 831
3879 831
3880 831
3881 831
3882 831
3883 831
3884 831
3885 831
3886 831
3887 831
3888 831
3889 831
3890 831
3891 831
3892 831
3893 831
3894 831
3895 831
3896 831
3897 831
3898 831
3899 831
3900 831
3901 831
3902 831
3903 831
3904 831
3905 831
3906 831
3907 831
3908 831
3909 831
3910 831
3911 831
3912 831
3913 831
3914 831
3915 831
3916 831
3917 831
3918 831
3919 831
3920 829
3921 822
3922 807
3923 792
3924 792
3925 792
3926 792
3927 792
3928 792
3929 792
3930 792
3931 792
3932 792
3933 792
3934 792
3935 792
3936 792
3937 792
3938 792
3939 792
3940 792
3941 792
3942 792
3943 792
3944 792
3945 792
3946 792
3947 792
3948 792
3949 792
3950 792
3951 792
3952 792
3953 792
3954 792
3955 792
3956 792
3957 792
3958 792
3959 792
3960 792
3961 792
3962 792
3963 792
3964 792
3965 792
3966 792
3967 792
3968 792
3969 792
3970 792
3971 792
3972 792
3973 792
3974 792
3975 792
3976 792
3977 792
3978 792
3979 792
3980 792
3981 792
3982 792
3983 792
3984 792
3985 792
3986 792
3987 792
3988 792
3989 792
3990 792
3991 784
3992 781
3993 773
3994 773
3995 773
3996 773
3997 773
3998 773
3999 773
4000 773
4001 773
4002 773
4003 773
4004 773
4005 773
4006 773
4007 773
4008 773
4009 773
4010 773
4011 773
4012 773
4013 773
4014 773
4015 773
4016 773
4017 773
4018 773
4019 773
4020 773
4021 773
4022 773
4023 773
4024 773
4025 773
4026 773
4027 773
4028 773
4029 773
4030 773
4031 773
4032 773
4033 773
4034 773
4035 773
4036 773
4037 773
4038 773
4039 773
4040 773
4041 773
4042 773
4043 773
4044 773
4045 773
4046 773
4047 773
4048 773
4049 773
4050 773
4051 773
4052 773
4053 773
4054 773
4055 773
4056 773
4057 773
4058 773
4059 773
4060 761
4061 748
4062 741
4063 741
4064 741
4065 741
4066 741
4067 741
4068 741
4069 741
4070 741
4071 741
4072 741
4073 741
4074 741
4075 741
4076 741
4077 741
4078 741
4079 741
4080 741
4081 741
4082 741
4083 741
4084 741
4085 741
4086 741
4087 741
4088 741
4089 741
4090 741
4091 741
4092 741
4093 741
4094 741
4095 741
4096 741
4097 741
4098 741
4099 741
4100 741
4101 741
4102 741
4103 741
4104 741
4105 741
4106 741
4107 741
4108 741
4109 741
4110 741
4111 741
4112 741
4113 741
4114 741
4115 741
4116 741
4117 741
4118 741
4119 741
4120 741
4121 741
4122 741
4123 741
4124 741
4125 741
4126 741
4127 741
4128 741
4129 737
4130 728
4131 718
4132 711
4133 711
4134 711
4135 711
4136 711
4137 711
4138 711
4139 711
4140 711
4141 711
4142 711
4143 711
4144 711
4145 711
4146 711
4147 711
4148 711
4149 711
4150 711
4151 711
4152 711
4153 711
4154 711
4155 711
4156 711
4157 711
4158 711
4159 711
4160 711
4161 711
4162 711
4163 711
4164 711
4165 711
4166 711
4167 711
4168 711
4169 711
4170 711
4171 711
4172 711
4173 711
4174 711
4175 711
4176 711
4177 711
4178 711
4179 711
4180 711
4181 711
4182 711
4183 711
4184 711
4185 711
4186 711
4187 711
4188 711
4189 711
4190 711
4191 711
4192 711
4193 711
4194 711
4195 711
4196 711
4197 704
4198 690
4199 676
4200 676
4201 676
4202 676
4203 676
4204 676
4205 676
4206 676
4207 676
4208 676
4209 676
4210 676
4211 676
4212 676
4213 676
4214 676
4215 676
4216 676
4217 676
4218 676
4219 676
4220 676
4221 676
4222 676
4223 676
4224 676
4225 676
4226 676
4227 676
4228 676
4229 676
4230 676
4231 676
4232 676
4233 676
4234 676
4235 676
4236 676
4237 676
4238 676
4239 676
4240 676
4241 676
4242 676
4243 676
4244 676
4245 676
4246 676
4247 676
4248 676
4249 676
4250 676
4251 676
4252 676
4253 676
4254 676
4255 676
4256 676
4257 676
4258 676
4259 676
4260 676
4261 676
4262 676
4263 676
4264 676
4265 676
4266 665
4267 661
4268 650
4269 646
4270 646
4271 646
4272 646
4273 646
4274 646
4275 646
4276 646
4277 646
4278 646
4279 646
4280 646
4281 646
4282 646
4283 646
4284 646
4285 646
4286 646
4287 646
4288 646
4289 646
4290 646
4291 646
4292 646
4293 646
4294 646
4295 646
4296 646
4297 646
4298 646
4299 646
4300 646
4301 646
4302 646
4303 646
4304 646
4305 646
4306 646
4307 646
4308 646
4309 646
4310 646
4311 646
4312 646
4313 646
4314 646
4315 646
4316 646
4317 646
4318 646
4319 646
4320 646
4321 646
4322 646
4323 646
4324 646
4325 646
4326 646
4327 646
4328 646
4329 646
4330 646
4331 646
4332 646
4333 646
4334 646
4335 642
4336 635
4337 623
4338 616
4339 612
4340 612
4341 612
4342 612
4343 612
4344 612
4345 612
4346 612
4347 612
4348 612
4349 612
4350 612
4351 612
4352 612
4353 612
4354 612
4355 612
4356 612
4357 612
4358 612
4359 612
4360 612
4361 612
4362 612
4363 612
4364 612
4365 612
4366 612
4367 612
4368 612
4369 612
4370 612
4371 612
4372 612
4373 612
4374 612
4375 612
4376 612
4377 612
4378 612
4379 612
4380 612
4381 612
4382 612
4383 612
4384 612
4385 612
4386 612
4387 612
4388 612
4389 612
4390 612
4391 612
4392 612
4393 612
4394 612
4395 612
4396 612
4397 612
4398 612
4399 612
4400 612
4401 612
4402 612
4403 612
4404 612
4405 612
4406 604
4407 594
4408 591
4409 591
4410 591
4411 591
4412 591
4413 591
4414 591
4415 591
4416 591
4417 591
4418 591
4419 591
4420 591
4421 591
4422 591
4423 591
4424 591
4425 591
4426 591
4427 591
4428 591
4429 591
4430 591
4431 591
4432 591
4433 591
4434 591
4435 591
4436 591
4437 591
4438 591
4439 591
4440 591
4441 591
4442 591
4443 591
4444 591
4445 591
4446 591
4447 591
4448 591
4449 591
4450 591
4451 591
4452 591
4453 591
4454 591
4455 591
4456 591
4457 591
4458 591
4459 591
4460 591
4461 591
4462 591
4463 591
4464 591
4465 591
4466 591
4467 591
4468 591
4469 591
4470 591
4471 591
4472 591
4473 591
4474 583
4475 581
4476 574
4477 564
4478 561
4479 561
4480 561
4481 561
4482 561
4483 561
4484 561
4485 561
4486 561
4487 561
4488 561
4489 561
4490 561
4491 561
4492 561
4493 561
4494 561
4495 561
4496 561
4497 561
4498 561
4499 561
4500 561
4501 561
4502 561
4503 561
4504 561
4505 561
4506 561
4507 561
4508 561
4509 561
4510 561
4511 561
4512 561
4513 561
4514 561
4515 561
4516 561
4517 561
4518 561
4519 561
4520 561
4521 561
4522 561
4523 561
4524 561
4525 561
4526 561
4527 561
4528 561
4529 561
4530 561
4531 561
4532 561
4533 561
4534 561
4535 561
4536 561
4537 561
4538 561
4539 561
4540 561
4541 561
4542 561
4543 561
4544 558
4545 546
4546 540
4547 539
4548 539
4549 539
4550 539
4551 539
4552 539
4553 539
4554 539
4555 539
4556 539
4557 539
4558 539
4559 539
4560 539
4561 539
4562 539
4563 539
4564 539
4565 539
4566 539
4567 539
4568 539
4569 539
4570 539
4571 539
4572 539
4573 539
4574 539
4575 539
4576 539
4577 539
4578 539
4579 539
4580 539
4581 539
4582 539
4583 539
4584 539
4585 539
4586 539
4587 539
4588 539
4589 539
4590 539
4591 539
4592 539
4593 539
4594 539
4595 539
4596 539
4597 539
4598 539
4599 539
4600 539
4601 539
4602 539
4603 539
4604 539
4605 539
4606 539
4607 539
4608 539
4609 539
4610 539
4611 539
4612 536
4613 531
4614 525
4615 517
4616 517
4617 517
4618 517
4619 517
4620 517
4621 517
4622 517
4623 517
4624 517
4625 517
4626 517
4627 517
4628 517
4629 517
4630 517
4631 517
4632 517
4633 517
4634 517
4635 517
4636 517
4637 517
4638 517
4639 517
4640 517
4641 517
4642 517
4643 517
4644 517
4645 517
4646 517
4647 517
4648 517
4649 517
4650 517
4651 517
4652 517
4653 517
4654 517
4655 517
4656 517
4657 517
4658 517
4659 517
4660 517
4661 517
4662 517
4663 517
4664 517
4665 517
4666 517
4667 517
4668 517
4669 517
4670 517
4671 517
4672 517
4673 517
4674 517
4675 517
4676 517
4677 517
4678 517
4679 517
4680 517
4681 517
4682 517
4683 517
4684 514
4685 510
4686 505
4687 500
4688 500
4689 500
4690 500
4691 500
4692 500
4693 500
4694 500
4695 500
4696 500
4697 500
4698 500
4699 500
4700 500
4701 500
4702 500
4703 500
4704 500
4705 500
4706 500
4707 500
4708 500
4709 500
4710 500
4711 500
4712 500
4713 500
4714 500
4715 500
4716 500
4717 500
4718 500
4719 500
4720 500
4721 500
4722 500
4723 500
4724 500
4725 500
4726 500
4727 500
4728 500
4729 500
4730 500
4731 500
4732 500
4733 500
4734 500
4735 500
4736 500
4737 500
4738 500
4739 500
4740 500
4741 500
4742 500
4743 500
4744 500
4745 500
4746 500
4747 500
4748 500
4749 500
4750 500
4751 499
4752 493
4753 488
4754 486
4755 486
4756 486
4757 486
4758 486
4759 486
4760 486
4761 486
4762 486
4763 486
4764 486
4765 486
4766 486
4767 486
4768 486
4769 486
4770 486
4771 486
4772 486
4773 486
4774 486
4775 486
4776 486
4777 486
4778 486
4779 486
4780 486
4781 486
4782 486
4783 486
4784 486
4785 486
4786 486
4787 486
4788 486
4789 486
4790 486
4791 486
4792 486
4793 486
4794 486
4795 486
4796 486
4797 486
4798 486
4799 486
4800 486
4801 486
4802 486
4803 486
4804 486
4805 486
4806 486
4807 486
4808 486
4809 486
4810 486
4811 486
4812 486
4813 486
4814 486
4815 486
4816 486
4817 486
4818 486
4819 483
4820 483
4821 478
4822 471
4823 470
4824 470
4825 470
4826 470
4827 470
4828 470
4829 470
4830 470
4831 470
4832 470
4833 470
4834 470
4835 470
4836 470
4837 470
4838 470
4839 470
4840 470
4841 470
4842 470
4843 470
4844 470
4845 470
4846 470
4847 470
4848 470
4849 470
4850 470
4851 470
4852 470
4853 470
4854 470
4855 470
4856 470
4857 470
4858 470
4859 470
4860 470
4861 470
4862 470
4863 470
4864 470
4865 470
4866 470
4867 470
4868 470
4869 470
4870 470
4871 470
4872 470
4873 470
4874 470
4875 470
4876 470
4877 470
4878 470
4879 470
4880 470
4881 470
4882 470
4883 470
4884 470
4885 470
4886 470
4887 470
4888 470
4889 470
4890 470
4891 467
4892 461
4893 452
4894 452
4895 452
4896 452
4897 452
4898 452
4899 452
4900 452
4901 452
4902 452
4903 452
4904 452
4905 452
4906 452
4907 452
4908 452
4909 452
4910 452
4911 452
4912 452
4913 452
4914 452
4915 452
4916 452
4917 452
4918 452
4919 452
4920 452
4921 452
4922 452
4923 452
4924 452
4925 452
4926 452
4927 452
4928 452
4929 452
4930 452
4931 452
4932 452
4933 452
4934 452
4935 452
4936 452
4937 452
4938 452
4939 452
4940 452
4941 452
4942 452
4943 452
4944 452
4945 452
4946 452
4947 452
4948 452
4949 452
4950 452
4951 452
4952 452
4953 452
4954 452
4955 452
4956 452
4957 452
4958 452
4959 452
4960 452
4961 452
4962 448
4963 437
4964 432
4965 432
4966 432
4967 432
4968 432
4969 432
4970 432
4971 432
4972 432
4973 432
4974 432
4975 432
4976 432
4977 432
4978 432
4979 432
4980 432
4981 432
4982 432
4983 432
4984 432
4985 432
4986 432
4987 432
4988 432
4989 432
4990 432
4991 432
4992 432
4993 432
4994 432
4995 432
4996 432
4997 432
4998 432
4999 432
5000 432
5001 432
5002 432
5003 432
5004 432
5005 432
5006 432
5007 432
5008 432
5009 432
5010 432
5011 432
5012 432
5013 432
5014 432
5015 432
5016 432
5017 432
5018 432
5019 432
5020 432
5021 432
5022 432
5023 432
5024 432
5025 432
5026 432
5027 432
5028 432
5029 432
5030 432
5031 432
5032 429
5033 424
5034 419
5035 416
5036 416
5037 416
5038 416
5039 416
5040 416
5041 416
5042 416
5043 416
5044 416
5045 416
5046 416
5047 416
5048 416
5049 416
5050 416
5051 416
5052 416
5053 416
5054 416
5055 416
5056 416
5057 416
5058 416
5059 416
5060 416
5061 416
5062 416
5063 416
5064 416
5065 416
5066 416
5067 416
5068 416
5069 416
5070 416
5071 416
5072 416
5073 416
5074 416
5075 416
5076 416
5077 416
5078 416
5079 416
5080 416
5081 416
5082 416
5083 416
5084 416
5085 416
5086 416
5087 416
5088 416
5089 416
5090 416
5091 416
5092 416
5093 416
5094 416
5095 416
5096 416
5097 416
5098 416
5099 416
5100 416
5101 416
5102 416
5103 416
5104 407
5105 402
5106 398
5107 398
5108 398
5109 398
5110 398
5111 398
5112 398
5113 398
5114 398
5115 398
5116 398
5117 398
5118 398
5119 398
5120 398
5121 398
5122 398
5123 398
5124 398
5125 398
5126 398
5127 398
5128 398
5129 398
5130 398
5131 398
5132 398
5133 398
5134 398
5135 398
5136 398
5137 398
5138 398
5139 398
5140 398
5141 398
5142 398
5143 398
5144 398
5145 398
5146 398
5147 398
5148 398
5149 398
5150 398
5151 398
5152 398
5153 398
5154 398
5155 398
5156 398
5157 398
5158 398
5159 398
5160 398
5161 398
5162 398
5163 398
5164 398
5165 398
5166 398
5167 398
5168 398
5169 398
5170 398
5171 398
5172 398
5173 398
5174 398
5175 398
5176 398
5177 396
5178 392
5179 385
5180 382
5181 382
5182 382
5183 382
5184 382
5185 382
5186 382
5187 382
5188 382
5189 382
5190 382
5191 382
5192 382
5193 382
5194 382
5195 382
5196 382
5197 382
5198 382
5199 382
5200 382
5201 382
5202 382
5203 382
5204 382
5205 382
5206 382
5207 382
5208 382
5209 382
5210 382
5211 382
5212 382
5213 382
5214 382
5215 382
5216 382
5217 382
5218 382
5219 382
5220 382
5221 382
5222 382
5223 382
5224 382
5225 382
5226 382
5227 382
5228 382
5229 382
5230 382
5231 382
5232 382
5233 382
5234 382
5235 382
5236 382
5237 382
5238 382
5239 382
5240 382
5241 382
5242 382
5243 382
5244 382
5245 382
5246 382
5247 382
5248 377
5249 374
5250 368
5251 368
5252 368
5253 368
5254 368
5255 368
5256 368
5257 368
5258 368
5259 368
5260 368
5261 368
5262 368
5263 368
5264 368
5265 368
5266 368
5267 368
5268 368
5269 368
5270 368
5271 368
5272 368
5273 368
5274 368
5275 368
5276 368
5277 368
5278 368
5279 368
5280 368
5281 368
5282 368
5283 368
5284 368
5285 368
5286 368
5287 368
5288 368
5289 368
5290 368
5291 368
5292 368
5293 368
5294 368
5295 368
5296 368
5297 368
5298 368
5299 368
5300 368
5301 368
5302 368
5303 368
5304 368
5305 368
5306 368
5307 368
5308 368
5309 368
5310 368
5311 368
5312 368
5313 368
5314 368
5315 368
5316 368
5317 368
5318 368
5319 361
5320 356
5321 353
5322 350
5323 350
5324 350
5325 350
5326 350
5327 350
5328 350
5329 350
5330 350
5331 350
5332 350
5333 350
5334 350
5335 350
5336 350
5337 350
5338 350
5339 350
5340 350
5341 350
5342 350
5343 350
5344 350
5345 350
5346 350
5347 350
5348 350
5349 350
5350 350
5351 350
5352 350
5353 350
5354 350
5355 350
5356 350
5357 350
5358 350
5359 350
5360 350
5361 350
5362 350
5363 350
5364 350
5365 350
5366 350
5367 350
5368 350
5369 350
5370 350
5371 350
5372 350
5373 350
5374 350
5375 350
5376 350
5377 350
5378 350
5379 350
5380 350
5381 350
5382 350
5383 350
5384 350
5385 350
5386 350
5387 350
5388 350
5389 348
5390 348
5391 346
5392 343
5393 343
5394 343
5395 343
5396 343
5397 343
5398 343
5399 343
5400 343
5401 343
5402 343
5403 343
5404 343
5405 343
5406 343
5407 343
5408 343
5409 343
5410 343
5411 343
5412 343
5413 343
5414 343
5415 343
5416 343
5417 343
5418 343
5419 343
5420 343
5421 343
5422 343
5423 343
5424 343
5425 343
5426 343
5427 343
5428 343
5429 343
5430 343
5431 343
5432 343
5433 343
5434 343
5435 343
5436 343
5437 343
5438 343
5439 343
5440 343
5441 343
5442 343
5443 343
5444 343
5445 343
5446 343
5447 343
5448 343
5449 343
5450 343
5451 343
5452 343
5453 343
5454 343
5455 343
5456 343
5457 343
5458 343
5459 342
5460 340
5461 338
5462 336
5463 335
5464 335
5465 335
5466 335
5467 335
5468 335
5469 335
5470 335
5471 335
5472 335
5473 335
5474 335
5475 335
5476 335
5477 335
5478 335
5479 335
5480 335
5481 335
5482 335
5483 335
5484 335
5485 335
5486 335
5487 335
5488 335
5489 335
5490 335
5491 335
5492 335
5493 335
5494 335
5495 335
5496 335
5497 335
5498 335
5499 335
5500 335
5501 335
5502 335
5503 335
5504 335
5505 335
5506 335
5507 335
5508 335
5509 335
5510 335
5511 335
5512 335
5513 335
5514 335
5515 335
5516 335
5517 335
5518 335
5519 335
5520 335
5521 335
5522 335
5523 335
5524 335
5525 335
5526 335
5527 335
5528 335
5529 335
5530 335
5531 335
5532 335
5533 332
5534 330
5535 327
5536 322
5537 322
5538 322
5539 322
5540 322
5541 322
5542 322
5543 322
5544 322
5545 322
5546 322
5547 322
5548 322
5549 322
5550 322
5551 322
5552 322
5553 322
5554 322
5555 322
5556 322
5557 322
5558 322
5559 322
5560 322
5561 322
5562 322
5563 322
5564 322
5565 322
5566 322
5567 322
5568 322
5569 322
5570 322
5571 322
5572 322
5573 322
5574 322
5575 322
5576 322
5577 322
5578 322
5579 322
5580 322
5581 322
5582 322
5583 322
5584 322
5585 322
5586 322
5587 322
5588 322
5589 322
5590 322
5591 322
5592 322
5593 322
5594 322
5595 322
5596 322
5597 322
5598 322
5599 322
5600 322
5601 322
5602 322
5603 322
5604 322
5605 322
5606 322
5607 312
5608 308
5609 307
5610 305
5611 305
5612 305
5613 305
5614 305
5615 305
5616 305
5617 305
5618 305
5619 305
5620 305
5621 305
5622 305
5623 305
5624 305
5625 305
5626 305
5627 305
5628 305
5629 305
5630 305
5631 305
5632 305
5633 305
5634 305
5635 305
5636 305
5637 305
5638 305
5639 305
5640 305
5641 305
5642 305
5643 305
5644 305
5645 305
5646 305
5647 305
5648 305
5649 305
5650 305
5651 305
5652 305
5653 305
5654 305
5655 305
5656 305
5657 305
5658 305
5659 305
5660 305
5661 305
5662 305
5663 305
5664 305
5665 305
5666 305
5667 305
5668 305
5669 305
5670 305
5671 305
5672 305
5673 305
5674 305
5675 305
5676 305
5677 305
5678 305
5679 304
5680 299
5681 288
5682 287
5683 287
5684 287
5685 287
5686 287
5687 287
5688 287
5689 287
5690 287
5691 287
5692 287
5693 287
5694 287
5695 287
5696 287
5697 287
5698 287
5699 287
5700 287
5701 287
5702 287
5703 287
5704 287
5705 287
5706 287
5707 287
5708 287
5709 287
5710 287
5711 287
5712 287
5713 287
5714 287
5715 287
5716 287
5717 287
5718 287
5719 287
5720 287
5721 287
5722 287
5723 287
5724 287
5725 287
5726 287
5727 287
5728 287
5729 287
5730 287
5731 287
5732 287
5733 287
5734 287
5735 287
5736 287
5737 287
5738 287
5739 287
5740 287
5741 287
5742 287
5743 287
5744 287
5745 287
5746 287
5747 287
5748 287
5749 287
5750 287
5751 287
5752 287
5753 287
5754 284
5755 279
5756 273
5757 266
5758 266
5759 266
5760 266
5761 266
5762 266
5763 266
5764 266
5765 266
5766 266
5767 266
5768 266
5769 266
5770 266
5771 266
5772 266
5773 266
5774 266
5775 266
5776 266
5777 266
5778 266
5779 266
5780 266
5781 266
5782 266
5783 266
5784 266
5785 266
5786 266
5787 266
5788 266
5789 266
5790 266
5791 266
5792 266
5793 266
5794 266
5795 266
5796 266
5797 266
5798 266
5799 266
5800 266
5801 266
5802 266
5803 266
5804 266
5805 266
5806 266
5807 266
5808 266
5809 266
5810 266
5811 266
5812 266
5813 266
5814 266
5815 266
5816 266
5817 266
5818 266
5819 266
5820 266
5821 266
5822 266
5823 266
5824 266
5825 266
5826 266
5827 264
5828 261
5829 260
5830 260
5831 260
5832 260
5833 260
5834 260
5835 260
5836 260
5837 260
5838 260
5839 260
5840 260
5841 260
5842 260
5843 260
5844 260
5845 260
5846 260
5847 260
5848 260
5849 260
5850 260
5851 260
5852 260
5853 260
5854 260
5855 260
5856 260
5857 260
5858 260
5859 260
5860 260
5861 260
5862 260
5863 260
5864 260
5865 260
5866 260
5867 260
5868 260
5869 260
5870 260
5871 260
5872 260
5873 260
5874 260
5875 260
5876 260
5877 260
5878 260
5879 260
5880 260
5881 260
5882 260
5883 260
5884 260
5885 260
5886 260
5887 260
5888 260
5889 260
5890 260
5891 260
5892 260
5893 260
5894 260
5895 260
5896 260
5897 260
5898 260
5899 259
5900 256
5901 255
5902 253
5903 253
5904 253
5905 253
5906 253
5907 253
5908 253
5909 253
5910 253
5911 253
5912 253
5913 253
5914 253
5915 253
5916 253
5917 253
5918 253
5919 253
5920 253
5921 253
5922 253
5923 253
5924 253
5925 253
5926 253
5927 253
5928 253
5929 253
5930 253
5931 253
5932 253
5933 253
5934 253
5935 253
5936 253
5937 253
5938 253
5939 253
5940 253
5941 253
5942 253
5943 253
5944 253
5945 253
5946 253
5947 253
5948 253
5949 253
5950 253
5951 253
5952 253
5953 253
5954 253
5955 253
5956 253
5957 253
5958 253
5959 253
5960 253
5961 253
5962 253
5963 253
5964 253
5965 253
5966 253
5967 253
5968 253
5969 253
5970 253
5971 253
5972 253
5973 251
5974 248
5975 247
5976 246
5977 246
5978 246
5979 246
5980 246
5981 246
5982 246
5983 246
5984 246
5985 246
5986 246
5987 246
5988 246
5989 246
5990 246
5991 246
5992 246
5993 246
5994 246
5995 246
5996 246
5997 246
5998 246
5999 246
6000 246
6001 246
6002 246
6003 246
6004 246
6005 246
6006 246
6007 246
6008 246
6009 246
6010 246
6011 246
6012 246
6013 246
6014 246
6015 246
6016 246
6017 246
6018 246
6019 246
6020 246
6021 246
6022 246
6023 246
6024 246
6025 246
6026 246
6027 246
6028 246
6029 246
6030 246
6031 246
6032 246
6033 246
6034 246
6035 246
6036 246
6037 246
6038 246
6039 246
6040 246
6041 246
6042 246
6043 246
6044 246
6045 244
6046 244
6047 237
6048 236
6049 236
6050 236
6051 236
6052 236
6053 236
6054 236
6055 236
6056 236
6057 236
6058 236
6059 236
6060 236
6061 236
6062 236
6063 236
6064 236
6065 236
6066 236
6067 236
6068 236
6069 236
6070 236
6071 236
6072 236
6073 236
6074 236
6075 236
6076 236
6077 236
6078 236
6079 236
6080 236
6081 236
6082 236
6083 236
6084 236
6085 236
6086 236
6087 236
6088 236
6089 236
6090 236
6091 236
6092 236
6093 236
6094 236
6095 236
6096 236
6097 236
6098 236
6099 236
6100 236
6101 236
6102 236
6103 236
6104 236
6105 236
6106 236
6107 236
6108 236
6109 236
6110 236
6111 236
6112 236
6113 236
6114 236
6115 236
6116 236
6117 236
6118 235
6119 235
6120 234
6121 234
6122 234
6123 234
6124 234
6125 234
6126 234
6127 234
6128 234
6129 234
6130 234
6131 234
6132 234
6133 234
6134 234
6135 234
6136 234
6137 234
6138 234
6139 234
6140 234
6141 234
6142 234
6143 234
6144 234
6145 234
6146 234
6147 234
6148 234
6149 234
6150 234
6151 234
6152 234
6153 234
6154 234
6155 234
6156 234
6157 234
6158 234
6159 234
6160 234
6161 234
6162 234
6163 234
6164 234
6165 234
6166 234
6167 234
6168 234
6169 234
6170 234
6171 234
6172 234
6173 234
6174 234
6175 234
6176 234
6177 234
6178 234
6179 234
6180 234
6181 234
6182 234
6183 234
6184 234
6185 234
6186 234
6187 234
6188 234
6189 230
6190 224
6191 224
6192 224
6193 224
6194 224
6195 224
6196 224
6197 224
6198 224
6199 224
6200 224
6201 224
6202 224
6203 224
6204 224
6205 224
6206 224
6207 224
6208 224
6209 224
6210 224
6211 224
6212 224
6213 224
6214 224
6215 224
6216 224
6217 224
6218 224
6219 224
6220 224
6221 224
6222 224
6223 224
6224 224
6225 224
6226 224
6227 224
6228 224
6229 224
6230 224
6231 224
6232 224
6233 224
6234 224
6235 224
6236 224
6237 224
6238 224
6239 224
6240 224
6241 224
6242 224
6243 224
6244 224
6245 224
6246 224
6247 224
6248 224
6249 224
6250 224
6251 224
6252 224
6253 224
6254 224
6255 224
6256 224
6257 224
6258 224
6259 224
6260 224
6261 223
6262 221
6263 217
6264 215
6265 215
6266 215
6267 215
6268 215
6269 215
6270 215
6271 215
6272 215
6273 215
6274 215
6275 215
6276 215
6277 215
6278 215
6279 215
6280 215
6281 215
6282 215
6283 215
6284 215
6285 215
6286 215
6287 215
6288 215
6289 215
6290 215
6291 215
6292 215
6293 215
6294 215
6295 215
6296 215
6297 215
6298 215
6299 215
6300 215
6301 215
6302 215
6303 215
6304 215
6305 215
6306 215
6307 215
6308 215
6309 215
6310 215
6311 215
6312 215
6313 215
6314 215
6315 215
6316 215
6317 215
6318 215
6319 215
6320 215
6321 215
6322 215
6323 215
6324 215
6325 215
6326 215
6327 215
6328 215
6329 215
6330 215
6331 215
6332 215
6333 215
6334 215
6335 213
6336 211
6337 210
6338 209
6339 209
6340 209
6341 209
6342 209
6343 209
6344 209
6345 209
6346 209
6347 209
6348 209
6349 209
6350 209
6351 209
6352 209
6353 209
6354 228
6355 233
6356 279
6357 293
6358 293
6359 293
6360 293
6361 338
6362 361
6363 368
6364 370
6365 405
6366 437
6367 480
6368 479
6369 479
6370 479
6371 479
6372 503
6373 538
6374 538
6375 538
6376 538
6377 568
6378 568
6379 568
6380 568
6381 572
6382 582
6383 593
6384 595
6385 610
6386 631
6387 650
6388 650
6389 650
6390 650
6391 650
6392 663
6393 695
6394 712
6395 736
6396 735
6397 769
6398 803
6399 827
6400 877
6401 877
6402 874
6403 864
6404 883
6405 930
6406 930
6407 930
6408 1002
6409 1145
6410 1247
6411 1261
6412 1269
6413 1281
6414 1294
6415 1297
6416 1319
6417 1331
6418 1341
6419 1341
6420 1341
6421 1341
6422 1342
6423 1342
6424 1361
6425 1392
6426 1406
6427 1413
6428 1412
6429 1412
6430 1479
6431 1641
6432 1688
6433 1735
6434 1758
6435 1758
6436 1900
6437 1917
6438 1909
6439 1909
6440 1939
6441 2032
6442 2127
6443 2175
6444 2198
6445 2245
6446 2340
6447 2459
6448 2482
6449 2625
6450 2793
6451 2886
6452 3028
6453 3146
6454 3432
6455 3789
6456 4051
6457 4074
6458 4091
6459 4146
6460 4286
6461 4523
6462 4810
6463 5141
6464 5141
6465 5188
6466 5234
6467 5234
6468 5234
6469 5401
6470 5401
6471 5507
6472 5522
6473 5840
6474 5840
6475 5840
6476 5960
6477 5959
6478 5959
6479 5959
6480 5959
6481 6006
6482 6053
6483 6334
6484 6808
6485 6764
6486 6764
6487 6764
6488 6764
6489 6833
6490 6833
6491 6926
6492 7068
6493 7187
6494 7258
6495 7258
6496 7352
6497 7541
6498 7524
6499 7760
6500 7978
6501 8240
6502 8240
6503 8406
6504 8548
6505 9024
6506 9024
6507 9331
6508 9473
6509 9543
6510 9602
6511 9602
6512 9768
6513 9839
6514 9958
6515 9981
6516 9981
6517 10220
6518 10220
6519 10315
6520 10316
6521 10685
6522 10755
6523 10994
6524 11112
6525 11182
6526 11255
6527 11683
6528 11802
6529 11802
6530 11802
6531 11831
6532 11837
6533 11881
6534 11881
6535 12099
6536 12170
6537 12335
6538 12335
6539 12478
6540 12478
6541 12501
6542 12958
6543 13302
6544 13302
6545 13492
6546 13492
6547 13492
6548 13492
6549 13492
6550 13492
6551 13492
6552 13472
6553 13454
6554 13454
6555 13454
6556 13454
6557 13454
6558 13454
6559 13454
6560 13454
6561 13454
6562 13454
6563 13412
6564 13402
6565 13402
6566 13402
6567 13402
6568 13402
6569 13402
6570 13402
6571 13402
6572 13402
6573 13402
6574 13377
6575 13343
6576 13343
6577 13343
6578 13343
6579 13343
6580 13343
6581 13343
6582 13343
6583 13343
6584 13343
6585 13294
6586 13294
6587 13294
6588 13294
6589 13294
6590 13294
6591 13294
6592 13294
6593 13294
6594 13294
6595 13294
6596 13255
6597 13255
6598 13255
6599 13255
6600 13255
6601 13255
6602 13255
6603 13255
6604 13255
6605 13255
6606 13255
6607 13255
6608 13255
6609 13251
6610 13223
6611 13223
6612 13223
6613 13223
6614 13223
6615 13223
6616 13223
6617 13223
6618 13223
6619 13223
6620 13223
6621 13223
6622 13223
6623 13223
6624 13170
6625 13170
6626 13170
6627 13170
6628 13170
6629 13170
6630 13170
6631 13170
6632 13170
6633 13170
6634 13170
6635 13165
6636 13147
6637 13147
6638 13147
6639 13147
6640 13147
6641 13147
6642 13147
6643 13147
6644 13147
6645 13147
6646 13147
6647 13147
6648 13116
6649 13116
6650 13116
6651 13116
6652 13116
6653 13116
6654 13116
6655 13116
6656 13116
6657 13116
6658 13116
6659 13116
6660 13116
6661 13116
6662 13116
6663 13116
6664 13116
6665 13116
6666 13098
6667 13083
6668 13083
6669 13083
6670 13083
6671 13083
6672 13083
6673 13083
6674 13083
6675 13083
6676 13083
6677 13083
6678 13034
6679 13034
6680 13034
6681 13034
6682 13034
6683 13034
6684 13034
6685 13034
6686 13034
6687 13034
6688 13034
6689 13026
6690 13001
6691 13001
6692 13001
6693 13001
6694 13001
6695 13001
6696 13001
6697 13001
6698 13001
6699 13001
6700 13001
6701 13001
6702 13001
6703 13001
6704 13001
6705 13001
6706 12983
6707 12973
6708 12973
6709 12973
6710 12973
6711 12973
6712 12973
6713 12973
6714 12973
6715 12973
6716 12973
6717 12973
6718 12973
6719 12973
6720 12973
6721 12973
6722 12945
6723 12945
6724 12945
6725 12945
6726 12945
6727 12945
6728 12945
6729 12945
6730 12945
6731 12945
6732 12945
6733 12945
6734 12945
6735 12945
6736 12945
6737 12945
6738 12926
6739 12914
6740 12914
6741 12914
6742 12914
6743 12914
6744 12914
6745 12914
6746 12914
6747 12914
6748 12914
6749 12914
6750 12887
6751 12881
6752 12881
6753 12881
6754 12881
6755 12881
6756 12881
6757 12881
6758 12881
6759 12881
6760 12881
6761 12881
6762 12881
6763 12881
6764 12881
6765 12881
6766 12857
6767 12842
6768 12842
6769 12842
6770 12842
6771 12842
6772 12842
6773 12842
6774 12842
6775 12842
6776 12842
6777 12842
6778 12842
6779 12842
6780 12842
6781 12835
6782 12821
6783 12821
6784 12821
6785 12821
6786 12821
6787 12821
6788 12821
6789 12821
6790 12821
6791 12821
6792 12821
6793 12821
6794 12821
6795 12821
6796 12821
6797 12821
6798 12821
6799 12821
6800 12821
6801 12817
6802 12808
6803 12805
6804 12805
6805 12805
6806 12805
6807 12805
6808 12805
6809 12805
6810 12805
6811 12805
6812 12805
6813 12805
6814 12805
6815 12805
6816 12805
6817 12805
6818 12805
6819 12805
6820 12801
6821 12782
6822 12782
6823 12782
6824 12782
6825 12782
6826 12782
6827 12782
6828 12782
6829 12782
6830 12782
6831 12782
6832 12782
6833 12782
6834 12782
6835 12782
6836 12761
6837 12759
6838 12759
6839 12759
6840 12759
6841 12759
6842 12759
6843 12759
6844 12759
6845 12759
6846 12759
6847 12759
6848 12759
6849 12759
6850 12759
6851 12759
6852 12759
6853 12744
6854 12738
6855 12738
6856 12738
6857 12738
6858 12738
6859 12738
6860 12738
6861 12738
6862 12738
6863 12738
6864 12738
6865 12738
6866 12738
6867 12738
6868 12738
6869 12738
6870 12738
6871 12738
6872 12738
6873 12738
6874 12738
6875 12738
6876 12738
6877 12738
6878 12736
6879 12726
6880 12723
6881 12723
6882 12723
6883 12723
6884 12723
6885 12723
6886 12723
6887 12723
6888 12723
6889 12723
6890 12723
6891 12723
6892 12723
6893 12723
6894 12723
6895 12723
6896 12723
6897 12704
6898 12696
6899 12696
6900 12696
6901 12696
6902 12696
6903 12696
6904 12696
6905 12696
6906 12696
6907 12696
6908 12696
6909 12696
6910 12696
6911 12696
6912 12696
6913 12694
6914 12671
6915 12671
6916 12671
6917 12671
6918 12671
6919 12671
6920 12671
6921 12671
6922 12671
6923 12671
6924 12671
6925 12671
6926 12671
6927 12671
6928 12671
6929 12671
6930 12671
6931 12671
6932 12671
6933 12671
6934 12671
6935 12664
6936 12651
6937 12651
6938 12651
6939 12651
6940 12651
6941 12651
6942 12651
6943 12651
6944 12651
6945 12651
6946 12651
6947 12651
6948 12651
6949 12651
6950 12651
6951 12651
6952 12651
6953 12651
6954 12651
6955 12631
6956 12624
6957 12624
6958 12624
6959 12624
6960 12624
6961 12624
6962 12624
6963 12624
6964 12624
6965 12624
6966 12624
6967 12624
6968 12624
6969 12624
6970 12624
6971 12624
6972 12624
6973 12624
6974 12621
6975 12596
6976 12596
6977 12596
6978 12596
6979 12596
6980 12596
6981 12596
6982 12596
6983 12596
6984 12596
6985 12596
6986 12596
6987 12596
6988 12596
6989 12596
6990 12596
6991 12596
6992 12593
6993 12570
6994 12567
6995 12567
6996 12567
6997 12567
6998 12567
6999 12567
7000 12567
7001 12567
7002 12567
7003 12567
7004 12567
7005 12567
7006 12567
7007 12567
7008 12567
7009 12567
7010 12567
7011 12567
7012 12567
7013 12567
7014 12567
7015 12567
7016 12561
7017 12558
7018 12558
7019 12558
7020 12558
7021 12558
7022 12558
7023 12558
7024 12558
7025 12558
7026 12558
7027 12558
7028 12558
7029 12558
7030 12558
7031 12558
7032 12558
7033 12558
7034 12558
7035 12558
7036 12558
7037 12544
7038 12538
7039 12538
7040 12538
7041 12538
7042 12538
7043 12538
7044 12538
7045 12538
7046 12538
7047 12538
7048 12538
7049 12538
7050 12538
7051 12538
7052 12538
7053 12538
7054 12538
7055 12538
7056 12530
7057 12504
7058 12504
7059 12504
7060 12504
7061 12504
7062 12504
7063 12504
7064 12504
7065 12504
7066 12504
7067 12504
7068 12504
7069 12504
7070 12504
7071 12504
7072 12504
7073 12504
7074 12504
7075 12504
7076 12504
7077 12504
7078 12504
7079 12486
7080 12477
7081 12477
7082 12477
7083 12477
7084 12477
7085 12477
7086 12477
7087 12477
7088 12477
7089 12477
7090 12477
7091 12477
7092 12477
7093 12477
7094 12477
7095 12477
7096 12474
7097 12453
7098 12453
7099 12453
7100 12453
7101 12453
7102 12453
7103 12453
7104 12453
7105 12453
7106 12453
7107 12453
7108 12453
7109 12453
7110 12453
7111 12453
7112 12453
7113 12450
7114 12449
7115 12449
7116 12449
7117 12449
7118 12449
7119 12449
7120 12449
7121 12449
7122 12449
7123 12449
7124 12449
7125 12449
7126 12449
7127 12449
7128 12449
7129 12449
7130 12449
7131 12449
7132 12449
7133 12442
7134 12442
7135 12442
7136 12442
7137 12442
7138 12442
7139 12442
7140 12442
7141 12442
7142 12442
7143 12442
7144 12442
7145 12442
7146 12442
7147 12442
7148 12442
7149 12442
7150 12442
7151 12442
7152 12442
7153 12442
7154 12442
7155 12442
7156 12442
7157 12428
7158 12428
7159 12428
7160 12428
7161 12428
7162 12428
7163 12427
7164 12427
7165 12427
7166 12425
7167 12425
7168 12425
7169 12418
7170 12399
7171 12364
7172 12357
7173 12353
7174 12350
7175 12344
7176 12335
7177 12326
7178 12317
7179 12307
7180 12302
7181 12294
7182 12287
7183 12273
7184 12244
7185 12221
7186 12202
7187 12192
7188 12178
7189 12164
7190 12150
7191 12134
7192 12123
7193 12113
7194 12098
7195 12082
7196 12063
7197 12018
7198 12000
7199 11982
7200 11970
7201 11950
7202 11941
7203 11926
7204 11906
7205 11886
7206 11855
7207 11826
7208 11803
7209 11766
7210 11746
7211 11734
7212 11721
7213 11713
7214 11693
7215 11676
7216 11655
7217 11625
7218 11592
7219 11573
7220 11545
7221 11504
7222 11463
7223 11437
7224 11409
7225 11377
7226 11354
7227 11320
7228 11284
7229 11247
7230 11214
7231 11177
7232 11130
7233 11097
7234 11065
7235 11027
7236 10982
7237 10943
7238 10918
7239 10883
7240 10846
7241 10792
7242 10730
7243 10645
7244 10600
7245 10564
7246 10513
7247 10460
7248 10411
7249 10368
7250 10320
7251 10268
7252 10223
7253 10144
7254 10099
7255 10049
7256 9990
7257 9940
7258 9897
7259 9838
7260 9778
7261 9730
7262 9674
7263 9594
7264 9511
7265 9457
7266 9420
7267 9367
7268 9326
7269 9273
7270 9205
7271 9154
7272 9092
7273 9036
7274 8909
7275 8868
7276 8822
7277 8780
7278 8731
7279 8686
7280 8641
7281 8588
7282 8536
7283 8479
7284 8394
7285 8287
7286 8235
7287 8195
7288 8152
7289 8113
7290 8067
7291 8025
7292 7984
7293 7936
7294 7893
7295 7773
7296 7742
7297 7699
7298 7671
7299 7636
7300 7596
7301 7554
7302 7522
7303 7485
7304 7456
7305 7379
7306 7277
7307 7238
7308 7211
7309 7174
7310 7148
7311 7110
7312 7079
7313 7037
7314 7017
7315 6980
7316 6853
7317 6824
7318 6803
7319 6772
7320 6740
7321 6707
7322 6673
7323 6641
7324 6608
7325 6576
7326 6514
7327 6411
7328 6387
7329 6351
7330 6328
7331 6298
7332 6277
7333 6255
7334 6222
7335 6204
7336 6188
7337 6041
7338 6018
7339 6003
7340 5981
7341 5970
7342 5950
7343 5926
7344 5909
7345 5898
7346 5887
7347 5833
7348 5755
7349 5741
7350 5730
7351 5715
7352 5704
7353 5687
7354 5680
7355 5672
7356 5667
7357 5659
7358 5551
7359 5544
7360 5541
7361 5535
7362 5528
7363 5520
7364 5513
7365 5508
7366 5497
7367 5495
7368 5453
7369 5397
7370 5397
7371 5397
7372 5397
7373 5397
7374 5397
7375 5397
7376 5397
7377 5397
7378 5397
7379 5293
7380 5293
7381 5293
7382 5293
7383 5293
7384 5293
7385 5293
7386 5293
7387 5293
7388 5293
7389 5263
7390 5206
7391 5206
7392 5206
7393 5206
7394 5206
7395 5206
7396 5206
7397 5206
7398 5206
7399 5206
7400 5144
7401 5144
7402 5144
7403 5144
7404 5144
7405 5144
7406 5144
7407 5144
7408 5144
7409 5144
7410 5124
7411 5072
7412 5072
7413 5072
7414 5072
7415 5072
7416 5072
7417 5072
7418 5072
7419 5072
7420 5072
7421 4996
7422 4996
7423 4996
7424 4996
7425 4996
7426 4996
7427 4996
7428 4996
7429 4996
7430 4996
7431 4962
7432 4893
7433 4893
7434 4893
7435 4893
7436 4893
7437 4893
7438 4893
7439 4893
7440 4893
7441 4893
7442 4789
7443 4789
7444 4789
7445 4789
7446 4789
7447 4789
7448 4789
7449 4789
7450 4789
7451 4789
7452 4746
7453 4679
7454 4679
7455 4679
7456 4679
7457 4679
7458 4679
7459 4679
7460 4679
7461 4679
7462 4679
7463 4593
7464 4593
7465 4593
7466 4593
7467 4593
7468 4593
7469 4593
7470 4593
7471 4593
7472 4593
7473 4566
7474 4512
7475 4512
7476 4512
7477 4512
7478 4512
7479 4512
7480 4512
7481 4512
7482 4512
7483 4512
7484 4411
7485 4411
7486 4411
7487 4411
7488 4411
7489 4411
7490 4411
7491 4411
7492 4411
7493 4411
7494 4378
7495 4327
7496 4327
7497 4327
7498 4327
7499 4327
7500 4327
7501 4327
7502 4327
7503 4326
7504 4326
