1 10
2 2497
3 2520
4 2520
5 2520
6 2520
7 2520
8 2520
9 2520
10 2520
11 2520
12 2520
13 2520
14 2520
15 2520
16 2520
17 2520
18 2520
19 2520
20 2520
21 2520
22 2520
23 2520
24 2520
25 2520
26 2520
27 2520
28 2520
29 2520
30 2520
31 2520
32 2520
33 2520
34 2520
35 2520
36 2520
37 2520
38 2520
39 2520
40 2520
41 2520
42 2520
43 2520
44 2520
45 2520
46 2520
47 2520
48 2520
49 2520
50 2520
51 2520
52 2520
53 2520
54 2520
55 2520
56 2520
57 2520
58 2520
59 2520
60 2520
61 2520
62 2520
63 2520
64 2520
65 2520
66 2520
67 2520
68 2520
69 2520
70 2520
71 2520
72 2520
73 2520
74 2520
75 2520
76 2520
77 2520
78 2520
79 2520
80 2520
81 2520
82 2520
83 2520
84 2520
85 2520
86 2520
87 2520
88 2520
89 2520
90 2520
91 2520
92 2520
93 2520
94 2520
95 2520
96 2520
97 2520
98 2520
99 2520
100 2520
101 2520
102 2520
103 2520
104 2520
105 2520
106 2520
107 2520
108 2520
109 2520
110 2520
111 2520
112 2520
113 2520
114 2520
115 2520
116 2520
117 2520
118 2520
119 2520
120 2520
121 2520
122 2520
123 2520
124 2520
125 2520
126 2520
127 2520
128 2520
129 2520
130 2520
131 2520
132 2520
133 2520
134 2520
135 2520
136 2520
137 2520
138 2520
139 2520
140 2520
141 2520
142 2520
143 2520
144 2520
145 2520
146 2520
147 2520
148 2520
149 2520
150 2520
151 2520
152 2520
153 2520
154 2520
155 2520
156 2520
157 2520
158 2520
159 2520
160 2520
161 2520
162 2520
163 2520
164 2520
165 2520
166 2520
167 2520
168 2520
169 2520
170 2520
171 2520
172 2520
173 2520
174 2520
175 2520
176 2520
177 2520
178 2520
179 2520
180 2520
181 2520
182 2520
183 2520
184 2520
185 2520
186 2520
187 2520
188 2520
189 2520
190 2520
191 2520
192 2520
193 2520
194 2520
195 2520
196 2520
197 2520
198 2520
199 2520
200 2520
201 2520
202 2520
203 2520
204 2520
205 2520
206 2520
207 2520
208 2520
209 2520
210 2520
211 2520
212 2520
213 2520
214 2520
215 2520
216 2520
217 2520
218 2520
219 2520
220 2520
221 2520
222 2520
223 2520
224 2520
225 2520
226 2520
227 2520
228 2520
229 2520
230 2520
231 2520
232 2520
233 2520
234 2520
235 2520
236 2520
237 2520
238 2520
239 2520
240 2520
241 2520
242 2520
243 2520
244 2520
245 2520
246 2520
247 2520
248 2520
249 2520
250 2520
251 2520
252 2520
253 2520
254 2520
255 2520
256 2520
257 2520
258 2520
259 2520
260 2520
261 2520
262 2520
263 2520
264 2520
265 2520
266 2520
267 2520
268 2520
269 2520
270 2520
271 2520
272 2520
273 2520
274 2520
275 2520
276 2520
277 2520
278 2520
279 2520
280 2520
281 2520
282 2520
283 2520
284 2520
285 2520
286 2520
287 2520
288 2520
289 2520
290 2520
291 2520
292 2520
293 2520
294 2520
295 2520
296 2520
297 2520
298 2520
299 2520
300 2520
301 2520
302 2520
303 2520
304 2520
305 2520
306 2520
307 2520
308 2520
309 2520
310 2520
311 2520
312 2520
313 2520
314 2520
315 2520
316 2520
317 2520
318 2520
319 2520
320 2520
321 2520
322 2520
323 2520
324 2520
325 2520
326 2520
327 2520
328 2520
329 2520
330 2520
331 2520
332 2520
333 2520
334 2520
335 2520
336 2520
337 2520
338 2520
339 2520
340 2520
341 2520
342 2520
343 2520
344 2520
345 2520
346 2520
347 2520
348 2520
349 2520
350 2520
351 2520
352 2520
353 2520
354 2520
355 2520
356 2520
357 2520
358 2520
359 2520
360 2520
361 2520
362 2520
363 2520
364 2520
365 2520
366 2520
367 2520
368 2520
369 2520
370 2520
371 2520
372 2520
373 2520
374 2520
375 2520
376 2520
377 2520
378 2520
379 2520
380 2520
381 2520
382 2520
383 2520
384 2520
385 2520
386 2520
387 2520
388 2520
389 2520
390 2520
391 2520
392 2520
393 2520
394 2520
395 2520
396 2520
397 2520
398 2520
399 2520
400 2520
401 2520
402 2520
403 2520
404 2520
405 2520
406 2520
407 2520
408 2520
409 2520
410 2520
411 2520
412 2520
413 2520
414 2520
415 2520
416 2520
417 2520
418 2520
419 2520
420 2520
421 2520
422 2520
423 2520
424 2520
425 2520
426 2520
427 2520
428 2520
429 2520
430 2520
431 2520
432 2520
433 2520
434 2520
435 2520
436 2520
437 2520
438 2520
439 2520
440 2520
441 2520
442 2520
443 2520
444 2520
445 2520
446 2520
447 2520
448 2520
449 2520
450 2520
451 2520
452 2520
453 2520
454 2520
455 2520
456 2520
457 2520
458 2520
459 2520
460 2520
461 2520
462 2520
463 2520
464 2520
465 2520
466 2520
467 2520
468 2520
469 2520
470 2520
471 2520
472 2520
473 2520
474 2520
475 2520
476 2520
477 2520
478 2520
479 2520
480 2520
481 2520
482 2520
483 2520
484 2520
485 2520
486 2520
487 2520
488 2520
489 2520
490 2520
491 2520
492 2520
493 2520
494 2520
495 2520
496 2520
497 2520
498 2520
499 2520
500 2520
501 2520
502 2520
503 2520
504 2520
505 2520
506 2520
507 2520
508 2520
509 2520
510 2520
511 2520
512 2520
513 2520
514 2520
515 2520
516 2520
517 2520
518 2520
519 2520
520 2520
521 2520
522 2520
523 2520
524 2520
525 2520
526 2520
527 2520
528 2520
529 2520
530 2520
531 2520
532 2520
533 2520
534 2520
535 2520
536 2520
537 2520
538 2520
539 2520
540 2520
541 2520
542 2520
543 2520
544 2520
545 2520
546 2520
547 2520
548 2520
549 2520
550 2520
551 2520
552 2520
553 2520
554 2520
555 2520
556 2520
557 2520
558 2520
559 2520
560 2520
561 2520
562 2520
563 2520
564 2520
565 2520
566 2520
567 2520
568 2520
569 2520
570 2520
571 2520
572 2520
573 2520
574 2520
575 2520
576 2520
577 2520
578 2520
579 2520
580 2520
581 2520
582 2520
583 2520
584 2520
585 2520
586 2520
587 2520
588 2520
589 2520
590 2520
591 2520
592 2520
593 2520
594 2520
595 2520
596 2520
597 2520
598 2520
599 2520
600 2520
601 2520
602 2520
603 2520
604 2520
605 2520
606 2520
607 2520
608 2520
609 2520
610 2520
611 2520
612 2520
613 2520
614 2520
615 2520
616 2520
617 2520
618 2520
619 2520
620 2520
621 2520
622 2520
623 2520
624 2520
625 2520
626 2520
627 2520
628 2520
629 2520
630 2520
631 2520
632 2520
633 2520
634 2520
635 2520
636 2520
637 2520
638 2520
639 2520
640 2520
641 2520
642 2520
643 2520
644 2520
645 2520
646 2520
647 2520
648 2520
649 2520
650 2520
651 2520
652 2520
653 2520
654 2520
655 2520
656 2520
657 2520
658 2520
659 2520
660 2520
661 2520
662 2520
663 2520
664 2520
665 2520
666 2520
667 2520
668 2520
669 2520
670 2520
671 2520
672 2520
673 2520
674 2520
675 2520
676 2520
677 2520
678 2520
679 2520
680 2520
681 2520
682 2520
683 2520
684 2520
685 2520
686 2520
687 2520
688 2520
689 2520
690 2520
691 2520
692 2520
693 2520
694 2520
695 2520
696 2520
697 2520
698 2520
699 2520
700 2520
701 2520
702 2520
703 2520
704 2520
705 2520
706 2520
707 2520
708 2520
709 2520
710 2520
711 2520
712 2520
713 2520
714 2520
715 2520
716 2520
717 2520
718 2520
719 2520
720 2520
721 2520
722 2520
723 2520
724 2520
725 2520
726 2520
727 2520
728 2520
729 2520
730 2520
731 2520
732 2520
733 2520
734 2520
735 2520
736 2520
737 2520
738 2520
739 2520
740 2520
741 2520
742 2520
743 2520
744 2520
745 2520
746 2520
747 2520
748 2520
749 2520
750 2520
751 2520
752 2520
753 2520
754 2520
755 2520
756 2520
757 2520
758 2520
759 2520
760 2520
761 2520
762 2520
763 2520
764 2520
765 2520
766 2520
767 2520
768 2520
769 2520
770 2520
771 2520
772 2520
773 2520
774 2520
775 2520
776 2520
777 2520
778 2520
779 2520
780 2520
781 2520
782 2520
783 2520
784 2520
785 2520
786 2520
787 2520
788 2520
789 2520
790 2520
791 2520
792 2520
793 2520
794 2520
795 2520
796 2520
797 2520
798 2520
799 2520
800 2520
801 2520
802 2520
803 2520
804 2520
805 2520
806 2520
807 2520
808 2520
809 2520
810 2520
811 2520
812 2520
813 2520
814 2520
815 2520
816 2520
817 2520
818 2520
819 2520
820 2520
821 2520
822 2520
823 2520
824 2520
825 2520
826 2520
827 2520
828 2520
829 2520
830 2520
831 2520
832 2520
833 2520
834 2520
835 2520
836 2520
837 2520
838 2520
839 2520
840 2520
841 2520
842 2520
843 2520
844 2520
845 2520
846 2520
847 2520
848 2520
849 2520
850 2520
851 2520
852 2520
853 2520
854 2520
855 2520
856 2520
857 2520
858 2520
859 2520
860 2520
861 2520
862 2520
863 2520
864 2520
865 2520
866 2520
867 2520
868 2520
869 2520
870 2520
871 2520
872 2520
873 2520
874 2520
875 2520
876 2520
877 2520
878 2520
879 2520
880 2520
881 2520
882 2520
883 2520
884 2520
885 2520
886 2520
887 2520
888 2520
889 2520
890 2520
891 2520
892 2520
893 2520
894 2520
895 2520
896 2520
897 2520
898 2520
899 2520
900 2520
901 2520
902 2520
903 2520
904 2520
905 2520
906 2520
907 2520
908 2520
909 2520
910 2520
911 2520
912 2520
913 2520
914 2520
915 2520
916 2520
917 2520
918 2520
919 2520
920 2520
921 2520
922 2520
923 2520
924 2520
925 2520
926 2520
927 2520
928 2520
929 2520
930 2520
931 2520
932 2520
933 2520
934 2520
935 2520
936 2520
937 2520
938 2520
939 2520
940 2520
941 2520
942 2520
943 2520
944 2520
945 2520
946 2520
947 2520
948 2520
949 2520
950 2520
951 2520
952 2520
953 2520
954 2520
955 2520
956 2520
957 2520
958 2520
959 2520
960 2520
961 2520
962 2520
963 2520
964 2520
965 2520
966 2520
967 2520
968 2520
969 2520
970 2520
971 2520
972 2520
973 2520
974 2520
975 2520
976 2520
977 2520
978 2520
979 2520
980 2520
981 2520
982 2520
983 2520
984 2520
985 2520
986 2520
987 2520
988 2520
989 2520
990 2520
991 2520
992 2520
993 2520
994 2520
995 2520
996 2520
997 2520
998 2520
999 2520
1000 2520
1001 2520
1002 2520
1003 2520
1004 2520
1005 2520
1006 2520
1007 2520
1008 2520
1009 2520
1010 2520
1011 2520
1012 2520
1013 2520
1014 2520
1015 2520
1016 2520
1017 2520
1018 2520
1019 2520
1020 2520
1021 2520
1022 2520
1023 2520
1024 2520
1025 2520
1026 2520
1027 2520
1028 2520
1029 2520
1030 2520
1031 2520
1032 2520
1033 2520
1034 2520
1035 2520
1036 2520
1037 2520
1038 2520
1039 2520
1040 2520
1041 2520
1042 2520
1043 2520
1044 2520
1045 2520
1046 2520
1047 2520
1048 2520
1049 2520
1050 2520
1051 2520
1052 2520
1053 2520
1054 2520
1055 2520
1056 2520
1057 2520
1058 2520
1059 2520
1060 2520
1061 2520
1062 2520
1063 2520
1064 2520
1065 2520
1066 2520
1067 2520
1068 2520
1069 2520
1070 2520
1071 2520
1072 2520
1073 2520
1074 2520
1075 2520
1076 2520
1077 2520
1078 2520
1079 2520
1080 2520
1081 2520
1082 2520
1083 2520
1084 2520
1085 2520
1086 2520
1087 2520
1088 2520
1089 2520
1090 2520
1091 2520
1092 2520
1093 2520
1094 2520
1095 2520
1096 2520
1097 2520
1098 2520
1099 2520
1100 2520
1101 2520
1102 2520
1103 2520
1104 2520
1105 2520
1106 2520
1107 2520
1108 2520
1109 2520
1110 2520
1111 2520
1112 2520
1113 2520
1114 2520
1115 2520
1116 2520
1117 2520
1118 2520
1119 2520
1120 2520
1121 2520
1122 2520
1123 2520
1124 2520
1125 2520
1126 2520
1127 2520
1128 2520
1129 2520
1130 2520
1131 2520
1132 2520
1133 2520
1134 2520
1135 2520
1136 2520
1137 2520
1138 2520
1139 2520
1140 2520
1141 2520
1142 2520
1143 2520
1144 2520
1145 2520
1146 2520
1147 2520
1148 2520
1149 2520
1150 2520
1151 2520
1152 2520
1153 2520
1154 2520
1155 2520
1156 2520
1157 2520
1158 2520
1159 2520
1160 2520
1161 2520
1162 2520
1163 2520
1164 2520
1165 2520
1166 2520
1167 2520
1168 2520
1169 2520
1170 2520
1171 2520
1172 2520
1173 2520
1174 2520
1175 2520
1176 2520
1177 2520
1178 2520
1179 2520
1180 2520
1181 2520
1182 2520
1183 2520
1184 2520
1185 2520
1186 2520
1187 2520
1188 2520
1189 2520
1190 2520
1191 2520
1192 2520
1193 2520
1194 2520
1195 2520
1196 2520
1197 2520
1198 2520
1199 2520
1200 2520
1201 2520
1202 2520
1203 2520
1204 2520
1205 2520
1206 2520
1207 2520
1208 2520
1209 2520
1210 2520
1211 2520
1212 2520
1213 2520
1214 2520
1215 2520
1216 2520
1217 2520
1218 2520
1219 2520
1220 2520
1221 2520
1222 2520
1223 2520
1224 2520
1225 2520
1226 2520
1227 2520
1228 2520
1229 2520
1230 2520
1231 2520
1232 2520
1233 2520
1234 2520
1235 2520
1236 2520
1237 2520
1238 2520
1239 2520
1240 2520
1241 2520
1242 2520
1243 2520
1244 2520
1245 2520
1246 2520
1247 2520
1248 2520
1249 2520
1250 2520
1251 2520
1252 2520
1253 2520
1254 2520
1255 2520
1256 2520
1257 2520
1258 2520
1259 2520
1260 2520
1261 2520
1262 2520
1263 2520
1264 2520
1265 2520
1266 2520
1267 2520
1268 2520
1269 2520
1270 2520
1271 2520
1272 2520
1273 2520
1274 2520
1275 2520
1276 2520
1277 2520
1278 2520
1279 2520
1280 2520
1281 2520
1282 2520
1283 2520
1284 2520
1285 2520
1286 2520
1287 2520
1288 2520
1289 2520
1290 2520
1291 2520
1292 2520
1293 2520
1294 2520
1295 2520
1296 2520
1297 2520
1298 2520
1299 2520
1300 2520
1301 2520
1302 2520
1303 2520
1304 2520
1305 2520
1306 2520
1307 2520
1308 2520
1309 2520
1310 2520
1311 2520
1312 2520
1313 2520
1314 2520
1315 2520
1316 2520
1317 2520
1318 2520
1319 2520
1320 2520
1321 2520
1322 2520
1323 2520
1324 2520
1325 2520
1326 2520
1327 2520
1328 2520
1329 2520
1330 2520
1331 2520
1332 2520
1333 2520
1334 2520
1335 2520
1336 2520
1337 2520
1338 2520
1339 2520
1340 2520
1341 2520
1342 2520
1343 2520
1344 2520
1345 2520
1346 2520
1347 2520
1348 2520
1349 2520
1350 2520
1351 2520
1352 2520
1353 2520
1354 2520
1355 2520
1356 2520
1357 2520
1358 2520
1359 2520
1360 2520
1361 2520
1362 2520
1363 2520
1364 2520
1365 2520
1366 2520
1367 2520
1368 2520
1369 2520
1370 2520
1371 2520
1372 2520
1373 2520
1374 2520
1375 2520
1376 2520
1377 2520
1378 2520
1379 2520
1380 2520
1381 2520
1382 2520
1383 2520
1384 2520
1385 2520
1386 2520
1387 2520
1388 2520
1389 2520
1390 2520
1391 2520
1392 2520
1393 2520
1394 2520
1395 2520
1396 2520
1397 2520
1398 2520
1399 2520
1400 2520
1401 2520
1402 2520
1403 2520
1404 2520
1405 2520
1406 2520
1407 2520
1408 2520
1409 2520
1410 2520
1411 2520
1412 2520
1413 2520
1414 2520
1415 2520
1416 2520
1417 2520
1418 2520
1419 2520
1420 2520
1421 2520
1422 2520
1423 2520
1424 2520
1425 2520
1426 2520
1427 2520
1428 2520
1429 2520
1430 2520
1431 2520
1432 2520
1433 2520
1434 2520
1435 2520
1436 2520
1437 2520
1438 2520
1439 2520
1440 2520
1441 2520
1442 2520
1443 2520
1444 2520
1445 2520
1446 2520
1447 2520
1448 2520
1449 2520
1450 2520
1451 2520
1452 2520
1453 2520
1454 2520
1455 2520
1456 2520
1457 2520
1458 2520
1459 2520
1460 2520
1461 2520
1462 2520
1463 2520
1464 2520
1465 2520
1466 2520
1467 2520
1468 2520
1469 2520
1470 2520
1471 2520
1472 2520
1473 2520
1474 2520
1475 2520
1476 2520
1477 2520
1478 2520
1479 2520
1480 2520
1481 2520
1482 2520
1483 2520
1484 2520
1485 2520
1486 2520
1487 2520
1488 2520
1489 2520
1490 2520
1491 2520
1492 2520
1493 2520
1494 2520
1495 2520
1496 2520
1497 2520
1498 2520
1499 2520
1500 2520
1501 2520
1502 2520
1503 2520
1504 2520
1505 2520
1506 2520
1507 2520
1508 2520
1509 2520
1510 2520
1511 2520
1512 2520
1513 2520
1514 2520
1515 2520
1516 2520
1517 2520
1518 2520
1519 2520
1520 2520
1521 2520
1522 2520
1523 2520
1524 2520
1525 2520
1526 2520
1527 2520
1528 2520
1529 2520
1530 2520
1531 2520
1532 2520
1533 2520
1534 2520
1535 2520
1536 2520
1537 2520
1538 2520
1539 2520
1540 2520
1541 2520
1542 2520
1543 2520
1544 2520
1545 2520
1546 2520
1547 2520
1548 2520
1549 2520
1550 2520
1551 2520
1552 2520
1553 2520
1554 2520
1555 2520
1556 2520
1557 2520
1558 2520
1559 2520
1560 2520
1561 2520
1562 2520
1563 2520
1564 2520
1565 2520
1566 2520
1567 2520
1568 2520
1569 2520
1570 2520
1571 2520
1572 2520
1573 2520
1574 2520
1575 2520
1576 2520
1577 2520
1578 2520
1579 2520
1580 2520
1581 2520
1582 2520
1583 2520
1584 2520
1585 2520
1586 2520
1587 2520
1588 2520
1589 2520
1590 2520
1591 2520
1592 2520
1593 2520
1594 2520
1595 2520
1596 2520
1597 2520
1598 2520
1599 2520
1600 2520
1601 2520
1602 2520
1603 2520
1604 2520
1605 2520
1606 2520
1607 2520
1608 2520
1609 2520
1610 2520
1611 2520
1612 2520
1613 2520
1614 2520
1615 2520
1616 2520
1617 2520
1618 2520
1619 2520
1620 2520
1621 2520
1622 2520
1623 2520
1624 2520
1625 2520
1626 2520
1627 2520
1628 2520
1629 2520
1630 2520
1631 2520
1632 2520
1633 2520
1634 2520
1635 2520
1636 2520
1637 2520
1638 2520
1639 2520
1640 2520
1641 2520
1642 2520
1643 2520
1644 2520
1645 2520
1646 2520
1647 2520
1648 2520
1649 2520
1650 2520
1651 2520
1652 2520
1653 2520
1654 2520
1655 2520
1656 2520
1657 2520
1658 2520
1659 2520
1660 2520
1661 2520
1662 2520
1663 2520
1664 2520
1665 2520
1666 2520
1667 2520
1668 2520
1669 2520
1670 2520
1671 2520
1672 2520
1673 2520
1674 2520
1675 2520
1676 2520
1677 2520
1678 2520
1679 2520
1680 2520
1681 2520
1682 2520
1683 2520
1684 2520
1685 2520
1686 2520
1687 2520
1688 2520
1689 2520
1690 2520
1691 2520
1692 2520
1693 2520
1694 2520
1695 2520
1696 2520
1697 2520
1698 2520
1699 2520
1700 2520
1701 2520
1702 2520
1703 2520
1704 2520
1705 2520
1706 2520
1707 2520
1708 2520
1709 2520
1710 2520
1711 2520
1712 2520
1713 2520
1714 2520
1715 2520
1716 2520
1717 2520
1718 2520
1719 2520
1720 2520
1721 2520
1722 2520
1723 2520
1724 2520
1725 2520
1726 2520
1727 2520
1728 2520
1729 2520
1730 2520
1731 2520
1732 2520
1733 2520
1734 2520
1735 2520
1736 2520
1737 2520
1738 2520
1739 2520
1740 2520
1741 2520
1742 2520
1743 2520
1744 2520
1745 2520
1746 2520
1747 2520
1748 2520
1749 2520
1750 2520
1751 2520
1752 2520
1753 2520
1754 2520
1755 2520
1756 2520
1757 2520
1758 2520
1759 2520
1760 2520
1761 2520
1762 2520
1763 2520
1764 2520
1765 2520
1766 2520
1767 2520
1768 2520
1769 2520
1770 2520
1771 2520
1772 2520
1773 2520
1774 2520
1775 2520
1776 2520
1777 2520
1778 2520
1779 2520
1780 2520
1781 2520
1782 2520
1783 2520
1784 2520
1785 2520
1786 2520
1787 2520
1788 2520
1789 2520
1790 2520
1791 2520
1792 2520
1793 2520
1794 2520
1795 2520
1796 2520
1797 2520
1798 2520
1799 2520
1800 2520
1801 2520
1802 2520
1803 2520
1804 2520
1805 2520
1806 2520
1807 2520
1808 2520
1809 2520
1810 2520
1811 2520
1812 2520
1813 2520
1814 2520
1815 2520
1816 2520
1817 2520
1818 2520
1819 2520
1820 2520
1821 2520
1822 2520
1823 2520
1824 2520
1825 2520
1826 2520
1827 2520
1828 2520
1829 2520
1830 2520
1831 2520
1832 2520
1833 2520
1834 2520
1835 2520
1836 2520
1837 2520
1838 2520
1839 2520
1840 2520
1841 2520
1842 2520
1843 2520
1844 2520
1845 2520
1846 2520
1847 2520
1848 2520
1849 2520
1850 2520
1851 2520
1852 2520
1853 2520
1854 2520
1855 2520
1856 2520
1857 2520
1858 2520
1859 2520
1860 2520
1861 2520
1862 2520
1863 2520
1864 2520
1865 2520
1866 2520
1867 2520
1868 2520
1869 2520
1870 2520
1871 2520
1872 2520
1873 2520
1874 2520
1875 2520
1876 2520
1877 2520
1878 2520
1879 2520
1880 2520
1881 2520
1882 2520
1883 2520
1884 2520
1885 2520
1886 2520
1887 2520
1888 2520
1889 2520
1890 2520
1891 2520
1892 2520
1893 2520
1894 2520
1895 2520
1896 2520
1897 2520
1898 2520
1899 2520
1900 2520
1901 2520
1902 2520
1903 2520
1904 2520
1905 2520
1906 2520
1907 2520
1908 2520
1909 2520
1910 2520
1911 2520
1912 2520
1913 2520
1914 2520
1915 2520
1916 2520
1917 2520
1918 2520
1919 2520
1920 2520
1921 2520
1922 2520
1923 2520
1924 2520
1925 2520
1926 2520
1927 2520
1928 2520
1929 2520
1930 2520
1931 2520
1932 2520
1933 2520
1934 2520
1935 2520
1936 2520
1937 2520
1938 2520
1939 2520
1940 2520
1941 2520
1942 2520
1943 2520
1944 2520
1945 2520
1946 2520
1947 2520
1948 2520
1949 2520
1950 2520
1951 2520
1952 2520
1953 2520
1954 2520
1955 2520
1956 2520
1957 2520
1958 2520
1959 2520
1960 2520
1961 2520
1962 2520
1963 2520
1964 2520
1965 2520
1966 2520
1967 2520
1968 2520
1969 2520
1970 2520
1971 2520
1972 2520
1973 2520
1974 2520
1975 2520
1976 2520
1977 2520
1978 2520
1979 2520
1980 2520
1981 2520
1982 2520
1983 2520
1984 2520
1985 2520
1986 2520
1987 2520
1988 2520
1989 2520
1990 2520
1991 2520
1992 2520
1993 2520
1994 2520
1995 2520
1996 2520
1997 2520
1998 2520
1999 2520
2000 2520
2001 2520
2002 2520
2003 2520
2004 2520
2005 2520
2006 2520
2007 2520
2008 2520
2009 2520
2010 2520
2011 2520
2012 2520
2013 2520
2014 2520
2015 2520
2016 2520
2017 2520
2018 2520
2019 2520
2020 2520
2021 2520
2022 2520
2023 2520
2024 2520
2025 2520
2026 2520
2027 2520
2028 2520
2029 2520
2030 2520
2031 2520
2032 2520
2033 2520
2034 2520
2035 2520
2036 2520
2037 2520
2038 2520
2039 2520
2040 2520
2041 2520
2042 2520
2043 2520
2044 2520
2045 2520
2046 2520
2047 2520
2048 2520
2049 2520
2050 2520
2051 2520
2052 2520
2053 2520
2054 2520
2055 2520
2056 2520
2057 2520
2058 2520
2059 2520
2060 2520
2061 2520
2062 2520
2063 2520
2064 2520
2065 2520
2066 2520
2067 2520
2068 2520
2069 2520
2070 2520
2071 2520
2072 2520
2073 2520
2074 2520
2075 2520
2076 2520
2077 2520
2078 2520
2079 2520
2080 2520
2081 2520
2082 2520
2083 2520
2084 2520
2085 2520
2086 2520
2087 2520
2088 2520
2089 2520
2090 2520
2091 2520
2092 2520
2093 2520
2094 2520
2095 2520
2096 2520
2097 2520
2098 2520
2099 2520
2100 2520
2101 2520
2102 2520
2103 2520
2104 2520
2105 2520
2106 2520
2107 2520
2108 2520
2109 2520
2110 2520
2111 2520
2112 2520
2113 2520
2114 2520
2115 2520
2116 2520
2117 2520
2118 2520
2119 2520
2120 2520
2121 2520
2122 2520
2123 2520
2124 2520
2125 2520
2126 2520
2127 2520
2128 2520
2129 2520
2130 2520
2131 2520
2132 2520
2133 2520
2134 2520
2135 2520
2136 2520
2137 2520
2138 2520
2139 2520
2140 2520
2141 2520
2142 2520
2143 2520
2144 2520
2145 2520
2146 2520
2147 2520
2148 2520
2149 2520
2150 2520
2151 2520
2152 2520
2153 2520
2154 2520
2155 2520
2156 2520
2157 2520
2158 2520
2159 2520
2160 2520
2161 2520
2162 2520
2163 2520
2164 2520
2165 2520
2166 2520
2167 2520
2168 2520
2169 2520
2170 2520
2171 2520
2172 2520
2173 2520
2174 2520
2175 2520
2176 2520
2177 2520
2178 2520
2179 2520
2180 2520
2181 2520
2182 2520
2183 2520
2184 2520
2185 2520
2186 2520
2187 2520
2188 2520
2189 2520
2190 2520
2191 2520
2192 2520
2193 2520
2194 2520
2195 2520
2196 2520
2197 2520
2198 2520
2199 2520
2200 2520
2201 2520
2202 2520
2203 2520
2204 2520
2205 2520
2206 2520
2207 2520
2208 2520
2209 2520
2210 2520
2211 2520
2212 2520
2213 2520
2214 2520
2215 2520
2216 2520
2217 2520
2218 2520
2219 2520
2220 2520
2221 2520
2222 2520
2223 2520
2224 2520
2225 2520
2226 2520
2227 2520
2228 2520
2229 2520
2230 2520
2231 2520
2232 2520
2233 2520
2234 2520
2235 2520
2236 2520
2237 2520
2238 2520
2239 2520
2240 2520
2241 2520
2242 2520
2243 2520
2244 2520
2245 2520
2246 2520
2247 2520
2248 2520
2249 2520
2250 2520
2251 2520
2252 2520
2253 2520
2254 2520
2255 2520
2256 2520
2257 2520
2258 2520
2259 2520
2260 2520
2261 2520
2262 2520
2263 2520
2264 2520
2265 2520
2266 2520
2267 2520
2268 2520
2269 2520
2270 2520
2271 2520
2272 2520
2273 2520
2274 2520
2275 2520
2276 2520
2277 2520
2278 2520
2279 2520
2280 2520
2281 2520
2282 2520
2283 2520
2284 2520
2285 2520
2286 2520
2287 2520
2288 2520
2289 2520
2290 2520
2291 2520
2292 2520
2293 2520
2294 2520
2295 2520
2296 2520
2297 2520
2298 2520
2299 2520
2300 2520
2301 2520
2302 2520
2303 2520
2304 2520
2305 2520
2306 2520
2307 2520
2308 2520
2309 2520
2310 2520
2311 2520
2312 2520
2313 2520
2314 2520
2315 2520
2316 2520
2317 2520
2318 2520
2319 2520
2320 2520
2321 2520
2322 2520
2323 2520
2324 2520
2325 2520
2326 2520
2327 2520
2328 2520
2329 2520
2330 2520
2331 2520
2332 2520
2333 2520
2334 2520
2335 2520
2336 2520
2337 2520
2338 2520
2339 2520
2340 2520
2341 2520
2342 2520
2343 2520
2344 2520
2345 2520
2346 2520
2347 2520
2348 2520
2349 2520
2350 2520
2351 2520
2352 2520
2353 2520
2354 2520
2355 2520
2356 2520
2357 2520
2358 2520
2359 2520
2360 2520
2361 2520
2362 2520
2363 2520
2364 2520
2365 2520
2366 2520
2367 2520
2368 2520
2369 2520
2370 2520
2371 2520
2372 2520
2373 2520
2374 2520
2375 2520
2376 2520
2377 2520
2378 2520
2379 2520
2380 2520
2381 2520
2382 2520
2383 2520
2384 2520
2385 2520
2386 2520
2387 2520
2388 2520
2389 2520
2390 2520
2391 2520
2392 2520
2393 2520
2394 2520
2395 2520
2396 2520
2397 2520
2398 2520
2399 2520
2400 2520
2401 2520
2402 2520
2403 2520
2404 2520
2405 2520
2406 2520
2407 2520
2408 2520
2409 2520
2410 2520
2411 2520
2412 2520
2413 2520
2414 2520
2415 2520
2416 2520
2417 2520
2418 2520
2419 2520
2420 2520
2421 2520
2422 2520
2423 2520
2424 2520
2425 2520
2426 2520
2427 2520
2428 2520
2429 2520
2430 2520
2431 2520
2432 2520
2433 2520
2434 2520
2435 2520
2436 2520
2437 2520
2438 2520
2439 2520
2440 2520
2441 2520
2442 2520
2443 2520
2444 2520
2445 2520
2446 2520
2447 2520
2448 2520
2449 2520
2450 2520
2451 2520
2452 2520
2453 2520
2454 2520
2455 2520
2456 2520
2457 2520
2458 2520
2459 2520
2460 2520
2461 2518
2462 2518
2463 2518
2464 2515
2465 2514
2466 2513
2467 2512
2468 2511
2469 2511
2470 2510
2471 2510
2472 2510
2473 2509
2474 2506
2475 2506
2476 2505
2477 2501
2478 2497
2479 2496
2480 2496
2481 2495
2482 2495
2483 2494
2484 2493
2485 2491
2486 2490
2487 2490
2488 2490
2489 2488
2490 2488
2491 2486
2492 2486
2493 2485
2494 2484
2495 2484
2496 2484
2497 2483
2498 2482
2499 2481
2500 2479
2501 2479
2502 2479
2503 2478
2504 2476
2505 2473
2506 2473
2507 2473
2508 2471
2509 2470
2510 2470
2511 2468
2512 2467
2513 2467
2514 2467
2515 2467
2516 2465
2517 2465
2518 2464
2519 2463
2520 2462
2521 2462
2522 2462
2523 2461
2524 2460
2525 2431
2526 2430
2527 2429
2528 2427
2529 2427
2530 2427
2531 2427
2532 2427
2533 2427
2534 2427
2535 2427
2536 2427
2537 2427
2538 2427
2539 2427
2540 2426
2541 2426
2542 2425
2543 2424
2544 2422
2545 2419
2546 2418
2547 2418
2548 2418
2549 2418
2550 2416
2551 2415
2552 2414
2553 2413
2554 2413
2555 2413
2556 2413
2557 2413
2558 2411
2559 2411
2560 2411
2561 2411
2562 2410
2563 2410
2564 2410
2565 2409
2566 2407
2567 2406
2568 2406
2569 2405
2570 2405
2571 2405
2572 2397
2573 2391
2574 2382
2575 2369
2576 2368
2577 2368
2578 2368
2579 2368
2580 2367
2581 2366
2582 2366
2583 2366
2584 2366
2585 2365
2586 2364
2587 2363
2588 2363
2589 2362
2590 2361
2591 2361
2592 2361
2593 2361
2594 2361
2595 2358
2596 2358
2597 2357
2598 2357
2599 2357
2600 2356
2601 2355
2602 2354
2603 2353
2604 2352
2605 2349
2606 2348
2607 2348
2608 2348
2609 2347
2610 2347
2611 2346
2612 2345
2613 2344
2614 2343
2615 2342
2616 2341
2617 2341
2618 2341
2619 2339
2620 2339
2621 2339
2622 2338
2623 2338
2624 2338
2625 2335
2626 2321
2627 2307
2628 2302
2629 2301
2630 2301
2631 2301
2632 2300
2633 2299
2634 2298
2635 2298
2636 2297
2637 2295
2638 2294
2639 2293
2640 2293
2641 2292
2642 2290
2643 2290
2644 2290
2645 2288
2646 2286
2647 2284
2648 2283
2649 2282
2650 2282
2651 2281
2652 2281
2653 2281
2654 2280
2655 2280
2656 2280
2657 2279
2658 2277
2659 2277
2660 2276
2661 2275
2662 2275
2663 2275
2664 2275
2665 2274
2666 2273
2667 2271
2668 2270
2669 2267
2670 2267
2671 2266
2672 2266
2673 2265
2674 2261
2675 2261
2676 2261
2677 2259
2678 2259
2679 2259
2680 2248
2681 2226
2682 2210
2683 2208
2684 2204
2685 2203
2686 2203
2687 2201
2688 2200
2689 2199
2690 2199
2691 2196
2692 2194
2693 2192
2694 2191
2695 2189
2696 2188
2697 2187
2698 2187
2699 2185
2700 2185
2701 2183
2702 2183
2703 2183
2704 2183
2705 2183
2706 2181
2707 2181
2708 2181
2709 2181
2710 2180
2711 2179
2712 2179
2713 2178
2714 2178
2715 2175
2716 2175
2717 2173
2718 2173
2719 2172
2720 2171
2721 2169
2722 2168
2723 2147
2724 2129
2725 2107
2726 2107
2727 2106
2728 2105
2729 2105
2730 2105
2731 2104
2732 2104
2733 2104
2734 2104
2735 2099
2736 2099
2737 2099
2738 2098
2739 2098
2740 2096
2741 2095
2742 2095
2743 2092
2744 2092
2745 2091
2746 2088
2747 2087
2748 2087
2749 2086
2750 2086
2751 2086
2752 2086
2753 2086
2754 2084
2755 2084
2756 2084
2757 2084
2758 2082
2759 2080
2760 2079
2761 2079
2762 2079
2763 2078
2764 2077
2765 2077
2766 2076
2767 2076
2768 2076
2769 2075
2770 2073
2771 2073
2772 2072
2773 2071
2774 2070
2775 2069
2776 2065
2777 2064
2778 2064
2779 2064
2780 2032
2781 2014
2782 2003
2783 2002
2784 2000
2785 2000
2786 1998
2787 1995
2788 1994
2789 1994
2790 1992
2791 1992
2792 1990
2793 1990
2794 1990
2795 1990
2796 1990
2797 1988
2798 1987
2799 1987
2800 1986
2801 1986
2802 1985
2803 1984
2804 1982
2805 1982
2806 1981
2807 1981
2808 1981
2809 1980
2810 1980
2811 1978
2812 1977
2813 1974
2814 1973
2815 1971
2816 1970
2817 1969
2818 1968
2819 1968
2820 1968
2821 1968
2822 1968
2823 1909
2824 1908
2825 1907
2826 1905
2827 1903
2828 1903
2829 1902
2830 1902
2831 1900
2832 1900
2833 1900
2834 1900
2835 1900
2836 1900
2837 1900
2838 1899
2839 1896
2840 1892
2841 1891
2842 1889
2843 1887
2844 1885
2845 1885
2846 1885
2847 1882
2848 1882
2849 1882
2850 1882
2851 1881
2852 1878
2853 1877
2854 1876
2855 1876
2856 1874
2857 1873
2858 1872
2859 1871
2860 1871
2861 1871
2862 1871
2863 1845
2864 1798
2865 1791
2866 1788
2867 1785
2868 1782
2869 1781
2870 1781
2871 1781
2872 1781
2873 1781
2874 1780
2875 1777
2876 1775
2877 1773
2878 1773
2879 1771
2880 1770
2881 1768
2882 1765
2883 1762
2884 1761
2885 1760
2886 1758
2887 1757
2888 1757
2889 1755
2890 1753
2891 1753
2892 1710
2893 1669
2894 1668
2895 1665
2896 1665
2897 1665
2898 1664
2899 1664
2900 1663
2901 1661
2902 1660
2903 1660
2904 1660
2905 1659
2906 1658
2907 1656
2908 1655
2909 1654
2910 1654
2911 1653
2912 1652
2913 1650
2914 1650
2915 1650
2916 1648
2917 1648
2918 1646
2919 1644
2920 1643
2921 1641
2922 1641
2923 1641
2924 1607
2925 1564
2926 1564
2927 1564
2928 1564
2929 1564
2930 1564
2931 1564
2932 1564
2933 1564
2934 1564
2935 1564
2936 1564
2937 1564
2938 1564
2939 1564
2940 1564
2941 1564
2942 1564
2943 1564
2944 1564
2945 1564
2946 1564
2947 1564
2948 1564
2949 1564
2950 1564
2951 1564
2952 1545
2953 1510
2954 1487
2955 1487
2956 1487
2957 1487
2958 1487
2959 1487
2960 1487
2961 1487
2962 1487
2963 1487
2964 1487
2965 1487
2966 1487
2967 1487
2968 1487
2969 1487
2970 1487
2971 1487
2972 1487
2973 1487
2974 1487
2975 1487
2976 1487
2977 1487
2978 1487
2979 1427
2980 1408
2981 1408
2982 1408
2983 1408
2984 1408
2985 1408
2986 1408
2987 1408
2988 1408
2989 1408
2990 1408
2991 1408
2992 1408
2993 1408
2994 1408
2995 1408
2996 1408
2997 1408
2998 1408
2999 1408
3000 1408
3001 1408
3002 1408
3003 1408
3004 1408
3005 1408
3006 1408
3007 1408
3008 1408
3009 1408
3010 1408
3011 1408
3012 1408
3013 1408
3014 1408
3015 1408
3016 1408
3017 1408
3018 1408
3019 1408
3020 1408
3021 1408
3022 1408
3023 1405
3024 1386
3025 1348
3026 1348
3027 1348
3028 1348
3029 1348
3030 1348
3031 1348
3032 1348
3033 1348
3034 1348
3035 1348
3036 1348
3037 1348
3038 1348
3039 1348
3040 1348
3041 1348
3042 1348
3043 1348
3044 1348
3045 1348
3046 1348
3047 1348
3048 1348
3049 1348
3050 1348
3051 1348
3052 1348
3053 1348
3054 1348
3055 1348
3056 1348
3057 1348
3058 1348
3059 1348
3060 1348
3061 1348
3062 1348
3063 1348
3064 1348
3065 1348
3066 1348
3067 1348
3068 1348
3069 1348
3070 1348
3071 1348
3072 1339
3073 1319
3074 1303
3075 1273
3076 1273
3077 1273
3078 1273
3079 1273
3080 1273
3081 1273
3082 1273
3083 1273
3084 1273
3085 1273
3086 1273
3087 1273
3088 1273
3089 1273
3090 1273
3091 1273
3092 1273
3093 1273
3094 1273
3095 1273
3096 1273
3097 1273
3098 1273
3099 1273
3100 1273
3101 1273
3102 1273
3103 1273
3104 1273
3105 1273
3106 1273
3107 1273
3108 1273
3109 1273
3110 1273
3111 1273
3112 1273
3113 1273
3114 1273
3115 1273
3116 1273
3117 1273
3118 1273
3119 1273
3120 1273
3121 1266
3122 1249
3123 1233
3124 1230
3125 1230
3126 1230
3127 1230
3128 1230
3129 1230
3130 1230
3131 1230
3132 1230
3133 1230
3134 1230
3135 1230
3136 1230
3137 1230
3138 1230
3139 1230
3140 1230
3141 1230
3142 1230
3143 1230
3144 1230
3145 1230
3146 1230
3147 1230
3148 1230
3149 1230
3150 1230
3151 1230
3152 1230
3153 1230
3154 1230
3155 1230
3156 1230
3157 1230
3158 1230
3159 1230
3160 1230
3161 1230
3162 1230
3163 1230
3164 1230
3165 1230
3166 1230
3167 1230
3168 1212
3169 1190
3170 1176
3171 1165
3172 1165
3173 1165
3174 1165
3175 1165
3176 1165
3177 1165
3178 1165
3179 1165
3180 1165
3181 1165
3182 1165
3183 1165
3184 1165
3185 1165
3186 1165
3187 1165
3188 1165
3189 1165
3190 1165
3191 1165
3192 1165
3193 1165
3194 1165
3195 1165
3196 1165
3197 1165
3198 1165
3199 1165
3200 1165
3201 1165
3202 1165
3203 1165
3204 1165
3205 1165
3206 1165
3207 1165
3208 1165
3209 1165
3210 1165
3211 1165
3212 1165
3213 1158
3214 1138
3215 1125
3216 1115
3217 1115
3218 1115
3219 1115
3220 1115
3221 1115
3222 1115
3223 1115
3224 1115
3225 1115
3226 1115
3227 1115
3228 1115
3229 1115
3230 1115
3231 1115
3232 1115
3233 1115
3234 1115
3235 1115
3236 1115
3237 1115
3238 1115
3239 1115
3240 1115
3241 1115
3242 1115
3243 1115
3244 1115
3245 1115
3246 1115
3247 1115
3248 1115
3249 1115
3250 1115
3251 1115
3252 1115
3253 1115
3254 1115
3255 1115
3256 1115
3257 1115
3258 1115
3259 1115
3260 1115
3261 1115
3262 1115
3263 1115
3264 1115
3265 1115
3266 1115
3267 1115
3268 1115
3269 1115
3270 1109
3271 1085
3272 1067
3273 1063
3274 1063
3275 1063
3276 1063
3277 1063
3278 1063
3279 1063
3280 1063
3281 1063
3282 1063
3283 1063
3284 1063
3285 1063
3286 1063
3287 1063
3288 1063
3289 1063
3290 1063
3291 1063
3292 1063
3293 1063
3294 1063
3295 1063
3296 1063
3297 1063
3298 1063
3299 1063
3300 1063
3301 1063
3302 1063
3303 1063
3304 1063
3305 1063
3306 1063
3307 1063
3308 1063
3309 1063
3310 1063
3311 1063
3312 1063
3313 1063
3314 1063
3315 1063
3316 1063
3317 1063
3318 1063
3319 1063
3320 1063
3321 1063
3322 1063
3323 1063
3324 1063
3325 1063
3326 1063
3327 1063
3328 1052
3329 1038
3330 1022
3331 1018
3332 1018
3333 1018
3334 1018
3335 1018
3336 1018
3337 1018
3338 1018
3339 1018
3340 1018
3341 1018
3342 1018
3343 1018
3344 1018
3345 1018
3346 1018
3347 1018
3348 1018
3349 1018
3350 1018
3351 1018
3352 1018
3353 1018
3354 1018
3355 1018
3356 1018
3357 1018
3358 1018
3359 1018
3360 1018
3361 1018
3362 1018
3363 1018
3364 1018
3365 1018
3366 1018
3367 1018
3368 1018
3369 1018
3370 1018
3371 1018
3372 1018
3373 1018
3374 1018
3375 1018
3376 1018
3377 1018
3378 1018
3379 1018
3380 1018
3381 1018
3382 1018
3383 1018
3384 1018
3385 1018
3386 1018
3387 1018
3388 1018
3389 1018
3390 1018
3391 1018
3392 1018
3393 1014
3394 1005
3395 994
3396 977
3397 977
3398 977
3399 977
3400 977
3401 977
3402 977
3403 977
3404 977
3405 977
3406 977
3407 977
3408 977
3409 977
3410 977
3411 977
3412 977
3413 977
3414 977
3415 977
3416 977
3417 977
3418 977
3419 977
3420 977
3421 977
3422 977
3423 977
3424 977
3425 977
3426 977
3427 977
3428 977
3429 977
3430 977
3431 977
3432 977
3433 977
3434 977
3435 977
3436 977
3437 977
3438 977
3439 977
3440 977
3441 977
3442 977
3443 977
3444 977
3445 977
3446 977
3447 977
3448 977
3449 977
3450 977
3451 977
3452 977
3453 977
3454 977
3455 977
3456 967
3457 939
3458 924
3459 924
3460 924
3461 924
3462 924
3463 924
3464 924
3465 924
3466 924
3467 924
3468 924
3469 924
3470 924
3471 924
3472 924
3473 924
3474 924
3475 924
3476 924
3477 924
3478 924
3479 924
3480 924
3481 924
3482 924
3483 924
3484 924
3485 924
3486 924
3487 924
3488 924
3489 924
3490 924
3491 924
3492 924
3493 924
3494 924
3495 924
3496 924
3497 924
3498 924
3499 924
3500 924
3501 924
3502 924
3503 924
3504 924
3505 924
3506 924
3507 924
3508 924
3509 924
3510 924
3511 924
3512 924
3513 924
3514 904
3515 886
3516 877
3517 877
3518 877
3519 877
3520 877
3521 877
3522 877
3523 877
3524 877
3525 877
3526 877
3527 877
3528 877
3529 877
3530 877
3531 877
3532 877
3533 877
3534 877
3535 877
3536 877
3537 877
3538 877
3539 877
3540 877
3541 877
3542 877
3543 877
3544 877
3545 877
3546 877
3547 877
3548 877
3549 877
3550 877
3551 877
3552 877
3553 877
3554 877
3555 877
3556 877
3557 877
3558 877
3559 877
3560 877
3561 877
3562 877
3563 877
3564 877
3565 877
3566 877
3567 877
3568 877
3569 877
3570 877
3571 877
3572 877
3573 872
3574 864
3575 855
3576 847
3577 847
3578 847
3579 847
3580 847
3581 847
3582 847
3583 847
3584 847
3585 847
3586 847
3587 847
3588 847
3589 847
3590 847
3591 847
3592 847
3593 847
3594 847
3595 847
3596 847
3597 847
3598 847
3599 847
3600 847
3601 847
3602 847
3603 847
3604 847
3605 847
3606 847
3607 847
3608 847
3609 847
3610 847
3611 847
3612 847
3613 847
3614 847
3615 847
3616 847
3617 847
3618 847
3619 847
3620 847
3621 847
3622 847
3623 847
3624 847
3625 847
3626 847
3627 847
3628 847
3629 847
3630 847
3631 847
3632 847
3633 847
3634 847
3635 847
3636 847
3637 847
3638 841
3639 832
3640 821
3641 815
3642 815
3643 815
3644 815
3645 815
3646 815
3647 815
3648 815
3649 815
3650 815
3651 815
3652 815
3653 815
3654 815
3655 815
3656 815
3657 815
3658 815
3659 815
3660 815
3661 815
3662 815
3663 815
3664 815
3665 815
3666 815
3667 815
3668 815
3669 815
3670 815
3671 815
3672 815
3673 815
3674 815
3675 815
3676 815
3677 815
3678 815
3679 815
3680 815
3681 815
3682 815
3683 815
3684 815
3685 815
3686 815
3687 815
3688 815
3689 815
3690 815
3691 815
3692 815
3693 815
3694 815
3695 815
3696 815
3697 815
3698 812
3699 803
3700 786
3701 784
3702 784
3703 784
3704 784
3705 784
3706 784
3707 784
3708 784
3709 784
3710 784
3711 784
3712 784
3713 784
3714 784
3715 784
3716 784
3717 784
3718 784
3719 784
3720 784
3721 784
3722 784
3723 784
3724 784
3725 784
3726 784
3727 784
3728 784
3729 784
3730 784
3731 784
3732 784
3733 784
3734 784
3735 784
3736 784
3737 784
3738 784
3739 784
3740 784
3741 784
3742 784
3743 784
3744 784
3745 784
3746 784
3747 784
3748 784
3749 784
3750 784
3751 784
3752 784
3753 784
3754 784
3755 784
3756 784
3757 784
3758 784
3759 784
3760 768
3761 748
3762 740
3763 740
3764 740
3765 740
3766 740
3767 740
3768 740
3769 740
3770 740
3771 740
3772 740
3773 740
3774 740
3775 740
3776 740
3777 740
3778 740
3779 740
3780 740
3781 740
3782 740
3783 740
3784 740
3785 740
3786 740
3787 740
3788 740
3789 740
3790 740
3791 740
3792 740
3793 740
3794 740
3795 740
3796 740
3797 740
3798 740
3799 740
3800 740
3801 740
3802 740
3803 740
3804 740
3805 740
3806 740
3807 740
3808 740
3809 740
3810 740
3811 740
3812 740
3813 740
3814 740
3815 740
3816 740
3817 740
3818 740
3819 740
3820 725
3821 719
3822 707
3823 707
3824 707
3825 707
3826 707
3827 707
3828 707
3829 707
3830 707
3831 707
3832 707
3833 707
3834 707
3835 707
3836 707
3837 707
3838 707
3839 707
3840 707
3841 707
3842 707
3843 707
3844 707
3845 707
3846 707
3847 707
3848 707
3849 707
3850 707
3851 707
3852 707
3853 707
3854 707
3855 707
3856 707
3857 707
3858 707
3859 707
3860 707
3861 707
3862 707
3863 707
3864 707
3865 707
3866 707
3867 707
3868 707
3869 707
3870 707
3871 707
3872 707
3873 707
3874 707
3875 707
3876 707
3877 707
3878 707
3879 707
3880 699
3881 692
3882 685
3883 679
3884 679
3885 679
3886 679
3887 679
3888 679
3889 679
3890 679
3891 679
3892 679
3893 679
3894 679
3895 679
3896 679
3897 679
3898 679
3899 679
3900 679
3901 679
3902 679
3903 679
3904 679
3905 679
3906 679
3907 679
3908 679
3909 679
3910 679
3911 679
3912 679
3913 679
3914 679
3915 679
3916 679
3917 679
3918 679
3919 679
3920 679
3921 679
3922 679
3923 679
3924 679
3925 679
3926 679
3927 679
3928 679
3929 679
3930 679
3931 679
3932 679
3933 679
3934 679
3935 679
3936 679
3937 679
3938 679
3939 672
3940 660
3941 653
3942 651
3943 651
3944 651
3945 651
3946 651
3947 651
3948 651
3949 651
3950 651
3951 651
3952 651
3953 651
3954 651
3955 651
3956 651
3957 651
3958 651
3959 651
3960 651
3961 651
3962 651
3963 651
3964 651
3965 651
3966 651
3967 651
3968 651
3969 651
3970 651
3971 651
3972 651
3973 651
3974 651
3975 651
3976 651
3977 651
3978 651
3979 651
3980 651
3981 651
3982 651
3983 651
3984 651
3985 651
3986 651
3987 651
3988 651
3989 651
3990 651
3991 651
3992 651
3993 651
3994 651
3995 651
3996 651
3997 651
3998 651
3999 651
4000 651
4001 651
4002 632
4003 626
4004 617
4005 617
4006 617
4007 617
4008 617
4009 617
4010 617
4011 617
4012 617
4013 617
4014 617
4015 617
4016 617
4017 617
4018 617
4019 617
4020 617
4021 617
4022 617
4023 617
4024 617
4025 617
4026 617
4027 617
4028 617
4029 617
4030 617
4031 617
4032 617
4033 617
4034 617
4035 617
4036 617
4037 617
4038 617
4039 617
4040 617
4041 617
4042 617
4043 617
4044 617
4045 617
4046 617
4047 617
4048 617
4049 617
4050 617
4051 617
4052 617
4053 617
4054 617
4055 617
4056 617
4057 617
4058 617
4059 617
4060 617
4061 617
4062 617
4063 617
4064 607
4065 594
4066 583
4067 577
4068 577
4069 577
4070 577
4071 577
4072 577
4073 577
4074 577
4075 577
4076 577
4077 577
4078 577
4079 577
4080 577
4081 577
4082 577
4083 577
4084 577
4085 577
4086 577
4087 577
4088 577
4089 577
4090 577
4091 577
4092 577
4093 577
4094 577
4095 577
4096 577
4097 577
4098 577
4099 577
4100 577
4101 577
4102 577
4103 577
4104 577
4105 577
4106 577
4107 577
4108 577
4109 577
4110 577
4111 577
4112 577
4113 577
4114 577
4115 577
4116 577
4117 577
4118 577
4119 577
4120 577
4121 577
4122 577
4123 577
4124 577
4125 577
4126 577
4127 577
4128 577
4129 571
4130 566
4131 563
4132 554
4133 554
4134 554
4135 554
4136 554
4137 554
4138 554
4139 554
4140 554
4141 554
4142 554
4143 554
4144 554
4145 554
4146 554
4147 554
4148 554
4149 554
4150 554
4151 554
4152 554
4153 554
4154 554
4155 554
4156 554
4157 554
4158 554
4159 554
4160 554
4161 554
4162 554
4163 554
4164 554
4165 554
4166 554
4167 554
4168 554
4169 554
4170 554
4171 554
4172 554
4173 554
4174 554
4175 554
4176 554
4177 554
4178 554
4179 554
4180 554
4181 554
4182 554
4183 554
4184 554
4185 554
4186 554
4187 554
4188 554
4189 554
4190 554
4191 554
4192 554
4193 554
4194 554
4195 554
4196 554
4197 548
4198 544
4199 534
4200 526
4201 526
4202 526
4203 526
4204 526
4205 526
4206 526
4207 526
4208 526
4209 526
4210 526
4211 526
4212 526
4213 526
4214 526
4215 526
4216 526
4217 526
4218 526
4219 526
4220 526
4221 526
4222 526
4223 526
4224 526
4225 526
4226 526
4227 526
4228 526
4229 526
4230 526
4231 526
4232 526
4233 526
4234 526
4235 526
4236 526
4237 526
4238 526
4239 526
4240 526
4241 526
4242 526
4243 526
4244 526
4245 526
4246 526
4247 526
4248 526
4249 526
4250 526
4251 526
4252 526
4253 526
4254 526
4255 526
4256 526
4257 526
4258 526
4259 526
4260 526
4261 526
4262 526
4263 526
4264 526
4265 519
4266 511
4267 507
4268 504
4269 504
4270 504
4271 504
4272 504
4273 504
4274 504
4275 504
4276 504
4277 504
4278 504
4279 504
4280 504
4281 504
4282 504
4283 504
4284 504
4285 504
4286 504
4287 504
4288 504
4289 504
4290 504
4291 504
4292 504
4293 504
4294 504
4295 504
4296 504
4297 504
4298 504
4299 504
4300 504
4301 504
4302 504
4303 504
4304 504
4305 504
4306 504
4307 504
4308 504
4309 504
4310 504
4311 504
4312 504
4313 504
4314 504
4315 504
4316 504
4317 504
4318 504
4319 504
4320 504
4321 504
4322 504
4323 504
4324 504
4325 504
4326 504
4327 504
4328 504
4329 504
4330 504
4331 504
4332 504
4333 504
4334 504
4335 494
4336 487
4337 478
4338 475
4339 475
4340 475
4341 475
4342 475
4343 475
4344 475
4345 475
4346 475
4347 475
4348 475
4349 475
4350 475
4351 475
4352 475
4353 475
4354 475
4355 475
4356 475
4357 475
4358 475
4359 475
4360 475
4361 475
4362 475
4363 475
4364 475
4365 475
4366 475
4367 475
4368 475
4369 475
4370 475
4371 475
4372 475
4373 475
4374 475
4375 475
4376 475
4377 475
4378 475
4379 475
4380 475
4381 475
4382 475
4383 475
4384 475
4385 475
4386 475
4387 475
4388 475
4389 475
4390 475
4391 475
4392 475
4393 475
4394 475
4395 475
4396 475
4397 475
4398 475
4399 475
4400 475
4401 475
4402 475
4403 475
4404 475
4405 475
4406 473
4407 470
4408 463
4409 459
4410 459
4411 459
4412 459
4413 459
4414 459
4415 459
4416 459
4417 459
4418 459
4419 459
4420 459
4421 459
4422 459
4423 459
4424 459
4425 459
4426 459
4427 459
4428 459
4429 459
4430 459
4431 459
4432 459
4433 459
4434 459
4435 459
4436 459
4437 459
4438 459
4439 459
4440 459
4441 459
4442 459
4443 459
4444 459
4445 459
4446 459
4447 459
4448 459
4449 459
4450 459
4451 459
4452 459
4453 459
4454 459
4455 459
4456 459
4457 459
4458 459
4459 459
4460 459
4461 459
4462 459
4463 459
4464 459
4465 459
4466 459
4467 459
4468 459
4469 459
4470 459
4471 459
4472 459
4473 459
4474 459
4475 459
4476 448
4477 442
4478 439
4479 439
4480 439
4481 439
4482 439
4483 439
4484 439
4485 439
4486 439
4487 439
4488 439
4489 439
4490 439
4491 439
4492 439
4493 439
4494 439
4495 439
4496 439
4497 439
4498 439
4499 439
4500 439
4501 439
4502 439
4503 439
4504 439
4505 439
4506 439
4507 439
4508 439
4509 439
4510 439
4511 439
4512 439
4513 439
4514 439
4515 439
4516 439
4517 439
4518 439
4519 439
4520 439
4521 439
4522 439
4523 439
4524 439
4525 439
4526 439
4527 439
4528 439
4529 439
4530 439
4531 439
4532 439
4533 439
4534 439
4535 439
4536 439
4537 439
4538 439
4539 439
4540 439
4541 439
4542 436
4543 432
4544 428
4545 421
4546 421
4547 421
4548 421
4549 421
4550 421
4551 421
4552 421
4553 421
4554 421
4555 421
4556 421
4557 421
4558 421
4559 421
4560 421
4561 421
4562 421
4563 421
4564 421
4565 421
4566 421
4567 421
4568 421
4569 421
4570 421
4571 421
4572 421
4573 421
4574 421
4575 421
4576 421
4577 421
4578 421
4579 421
4580 421
4581 421
4582 421
4583 421
4584 421
4585 421
4586 421
4587 421
4588 421
4589 421
4590 421
4591 421
4592 421
4593 421
4594 421
4595 421
4596 421
4597 421
4598 421
4599 421
4600 421
4601 421
4602 421
4603 421
4604 421
4605 421
4606 421
4607 421
4608 421
4609 421
4610 421
4611 418
4612 411
4613 408
4614 405
4615 405
4616 405
4617 405
4618 405
4619 405
4620 405
4621 405
4622 405
4623 405
4624 405
4625 405
4626 405
4627 405
4628 405
4629 405
4630 405
4631 405
4632 405
4633 405
4634 405
4635 405
4636 405
4637 405
4638 405
4639 405
4640 405
4641 405
4642 405
4643 405
4644 405
4645 405
4646 405
4647 405
4648 405
4649 405
4650 405
4651 405
4652 405
4653 405
4654 405
4655 405
4656 405
4657 405
4658 405
4659 405
4660 405
4661 405
4662 405
4663 405
4664 405
4665 405
4666 405
4667 405
4668 405
4669 405
4670 405
4671 405
4672 405
4673 405
4674 405
4675 405
4676 405
4677 405
4678 405
4679 405
4680 405
4681 403
4682 402
4683 399
4684 394
4685 394
4686 394
4687 394
4688 394
4689 394
4690 394
4691 394
4692 394
4693 394
4694 394
4695 394
4696 394
4697 394
4698 394
4699 394
4700 394
4701 394
4702 394
4703 394
4704 394
4705 394
4706 394
4707 394
4708 394
4709 394
4710 394
4711 394
4712 394
4713 394
4714 394
4715 394
4716 394
4717 394
4718 394
4719 394
4720 394
4721 394
4722 394
4723 394
4724 394
4725 394
4726 394
4727 394
4728 394
4729 394
4730 394
4731 394
4732 394
4733 394
4734 394
4735 394
4736 394
4737 394
4738 394
4739 394
4740 394
4741 394
4742 394
4743 394
4744 394
4745 394
4746 394
4747 394
4748 394
4749 394
4750 393
4751 391
4752 383
4753 371
4754 369
4755 369
4756 369
4757 369
4758 369
4759 369
4760 369
4761 369
4762 369
4763 369
4764 369
4765 369
4766 369
4767 369
4768 369
4769 369
4770 369
4771 369
4772 369
4773 369
4774 369
4775 369
4776 369
4777 369
4778 369
4779 369
4780 369
4781 369
4782 369
4783 369
4784 369
4785 369
4786 369
4787 369
4788 369
4789 369
4790 369
4791 369
4792 369
4793 369
4794 369
4795 369
4796 369
4797 369
4798 369
4799 369
4800 369
4801 369
4802 369
4803 369
4804 369
4805 369
4806 369
4807 369
4808 369
4809 369
4810 369
4811 369
4812 369
4813 369
4814 369
4815 369
4816 369
4817 369
4818 365
4819 363
4820 360
4821 360
4822 360
4823 360
4824 360
4825 360
4826 360
4827 360
4828 360
4829 360
4830 360
4831 360
4832 360
4833 360
4834 360
4835 360
4836 360
4837 360
4838 360
4839 360
4840 360
4841 360
4842 360
4843 360
4844 360
4845 360
4846 360
4847 360
4848 360
4849 360
4850 360
4851 360
4852 360
4853 360
4854 360
4855 360
4856 360
4857 360
4858 360
4859 360
4860 360
4861 360
4862 360
4863 360
4864 360
4865 360
4866 360
4867 360
4868 360
4869 360
4870 360
4871 360
4872 360
4873 360
4874 360
4875 360
4876 360
4877 360
4878 360
4879 360
4880 360
4881 360
4882 360
4883 360
4884 360
4885 360
4886 360
4887 356
4888 351
4889 350
4890 347
4891 347
4892 347
4893 347
4894 347
4895 347
4896 347
4897 347
4898 347
4899 347
4900 347
4901 347
4902 347
4903 347
4904 347
4905 347
4906 347
4907 347
4908 347
4909 347
4910 347
4911 347
4912 347
4913 347
4914 347
4915 347
4916 347
4917 347
4918 347
4919 347
4920 347
4921 347
4922 347
4923 347
4924 347
4925 347
4926 347
4927 347
4928 347
4929 347
4930 347
4931 347
4932 347
4933 347
4934 347
4935 347
4936 347
4937 347
4938 347
4939 347
4940 347
4941 347
4942 347
4943 347
4944 347
4945 347
4946 347
4947 347
4948 347
4949 347
4950 347
4951 347
4952 347
4953 347
4954 347
4955 345
4956 342
4957 334
4958 330
4959 330
4960 330
4961 330
4962 330
4963 330
4964 330
4965 330
4966 330
4967 330
4968 330
4969 330
4970 330
4971 330
4972 330
4973 330
4974 330
4975 330
4976 330
4977 330
4978 330
4979 330
4980 330
4981 330
4982 330
4983 330
4984 330
4985 330
4986 330
4987 330
4988 330
4989 330
4990 330
4991 330
4992 330
4993 330
4994 330
4995 330
4996 330
4997 330
4998 330
4999 330
5000 330
5001 330
5002 330
5003 330
5004 330
5005 330
5006 330
5007 330
5008 330
5009 330
5010 330
5011 330
5012 330
5013 330
5014 330
5015 330
5016 330
5017 330
5018 330
5019 330
5020 330
5021 330
5022 330
5023 330
5024 330
5025 330
5026 330
5027 330
5028 324
5029 317
5030 312
5031 312
5032 312
5033 312
5034 312
5035 312
5036 312
5037 312
5038 312
5039 312
5040 312
5041 312
5042 312
5043 312
5044 312
5045 312
5046 312
5047 312
5048 312
5049 312
5050 312
5051 312
5052 312
5053 312
5054 312
5055 312
5056 312
5057 312
5058 312
5059 312
5060 312
5061 312
5062 312
5063 312
5064 312
5065 312
5066 312
5067 312
5068 312
5069 312
5070 312
5071 312
5072 312
5073 312
5074 312
5075 312
5076 312
5077 312
5078 312
5079 312
5080 312
5081 312
5082 312
5083 312
5084 312
5085 312
5086 312
5087 312
5088 312
5089 312
5090 312
5091 312
5092 312
5093 312
5094 312
5095 312
5096 312
5097 311
5098 309
5099 305
5100 302
5101 302
5102 302
5103 302
5104 302
5105 302
5106 302
5107 302
5108 302
5109 302
5110 302
5111 302
5112 302
5113 302
5114 302
5115 302
5116 302
5117 302
5118 302
5119 302
5120 302
5121 302
5122 302
5123 302
5124 302
5125 302
5126 302
5127 302
5128 302
5129 302
5130 302
5131 302
5132 302
5133 302
5134 302
5135 302
5136 302
5137 302
5138 302
5139 302
5140 302
5141 302
5142 302
5143 302
5144 302
5145 302
5146 302
5147 302
5148 302
5149 302
5150 302
5151 302
5152 302
5153 302
5154 302
5155 302
5156 302
5157 302
5158 302
5159 302
5160 302
5161 302
5162 302
5163 302
5164 302
5165 302
5166 302
5167 302
5168 302
5169 302
5170 296
5171 294
5172 290
5173 290
5174 290
5175 290
5176 290
5177 290
5178 290
5179 290
5180 290
5181 290
5182 290
5183 290
5184 290
5185 290
5186 290
5187 290
5188 290
5189 290
5190 290
5191 290
5192 290
5193 290
5194 290
5195 290
5196 290
5197 290
5198 290
5199 290
5200 290
5201 290
5202 290
5203 290
5204 290
5205 290
5206 290
5207 290
5208 290
5209 290
5210 290
5211 290
5212 290
5213 290
5214 290
5215 290
5216 290
5217 290
5218 290
5219 290
5220 290
5221 290
5222 290
5223 290
5224 290
5225 290
5226 290
5227 290
5228 290
5229 290
5230 290
5231 290
5232 290
5233 290
5234 290
5235 290
5236 290
5237 290
5238 290
5239 285
5240 283
5241 281
5242 281
5243 281
5244 281
5245 281
5246 281
5247 281
5248 281
5249 281
5250 281
5251 281
5252 281
5253 281
5254 281
5255 281
5256 281
5257 281
5258 281
5259 281
5260 281
5261 281
5262 281
5263 281
5264 281
5265 281
5266 281
5267 281
5268 281
5269 281
5270 281
5271 281
5272 281
5273 281
5274 281
5275 281
5276 281
5277 281
5278 281
5279 281
5280 281
5281 281
5282 281
5283 281
5284 281
5285 281
5286 281
5287 281
5288 281
5289 281
5290 281
5291 281
5292 281
5293 281
5294 281
5295 281
5296 281
5297 281
5298 281
5299 281
5300 281
5301 281
5302 281
5303 281
5304 281
5305 281
5306 281
5307 281
5308 281
5309 281
5310 281
5311 280
5312 277
5313 275
5314 275
5315 275
5316 275
5317 275
5318 275
5319 275
5320 275
5321 275
5322 275
5323 275
5324 275
5325 275
5326 275
5327 275
5328 275
5329 275
5330 275
5331 275
5332 275
5333 275
5334 275
5335 275
5336 275
5337 275
5338 275
5339 275
5340 275
5341 275
5342 275
5343 275
5344 275
5345 275
5346 275
5347 275
5348 275
5349 275
5350 275
5351 275
5352 275
5353 275
5354 275
5355 275
5356 275
5357 275
5358 275
5359 275
5360 275
5361 275
5362 275
5363 275
5364 275
5365 275
5366 275
5367 275
5368 275
5369 275
5370 275
5371 275
5372 275
5373 275
5374 275
5375 275
5376 275
5377 275
5378 275
5379 275
5380 275
5381 275
5382 275
5383 275
5384 274
5385 273
5386 272
5387 271
5388 271
5389 271
5390 271
5391 271
5392 271
5393 271
5394 271
5395 271
5396 271
5397 271
5398 271
5399 271
5400 271
5401 271
5402 287
5403 286
5404 286
5405 286
5406 286
5407 286
5408 306
5409 305
5410 307
5411 379
5412 424
5413 465
5414 477
5415 485
5416 502
5417 501
5418 501
5419 558
5420 683
5421 820
5422 963
5423 975
5424 975
5425 975
5426 975
5427 978
5428 978
5429 996
5430 995
5431 995
5432 995
5433 1000
5434 1000
5435 1011
5436 1010
5437 1010
5438 1010
5439 1010
5440 1010
5441 1010
5442 1091
5443 1116
5444 1116
5445 1116
5446 1116
5447 1140
5448 1181
5449 1214
5450 1202
5451 1194
5452 1188
5453 1188
5454 1213
5455 1212
5456 1212
5457 1212
5458 1212
5459 1235
5460 1317
5461 1328
5462 1328
5463 1473
5464 1473
5465 1473
5466 1481
5467 1481
5468 1498
5469 1568
5470 1689
5471 1710
5472 1736
5473 1775
5474 2135
5475 2089
5476 2104
5477 2150
5478 2200
5479 2232
5480 2284
5481 2371
5482 2489
5483 2776
5484 2823
5485 2883
5486 2884
5487 3046
5488 3115
5489 3280
5490 3493
5491 3944
5492 4015
5493 4228
5494 4323
5495 4393
5496 4379
5497 4473
5498 4559
5499 4653
5500 4771
5501 4911
5502 5196
5503 5499
5504 5905
5505 6142
5506 6391
5507 6388
5508 6461
5509 7051
5510 7168
5511 7262
5512 7643
5513 7690
5514 8021
5515 8546
5516 8640
5517 8556
5518 8814
5519 9171
5520 9171
5521 9265
5522 9288
5523 9381
5524 9596
5525 9690
5526 9808
5527 10000
5528 10063
5529 10095
5530 10192
5531 10380
5532 10451
5533 10498
5534 10976
5535 11358
5536 11428
5537 11451
5538 11385
5539 11429
5540 11662
5541 11662
5542 11756
5543 11849
5544 11916
5545 11916
5546 12034
5547 12267
5548 12286
5549 12258
5550 12259
5551 12281
5552 12413
5553 12484
5554 12507
5555 12507
5556 12698
5557 12888
5558 13006
5559 12983
5560 13129
5561 13199
5562 13316
5563 13315
5564 13315
5565 13315
5566 13315
5567 13315
5568 13315
5569 13278
5570 13233
5571 13233
5572 13233
5573 13233
5574 13233
5575 13233
5576 13233
5577 13233
5578 13233
5579 13233
5580 13175
5581 13175
5582 13175
5583 13175
5584 13175
5585 13175
5586 13175
5587 13175
5588 13175
5589 13175
5590 13152
5591 13129
5592 13129
5593 13129
5594 13129
5595 13129
5596 13129
5597 13129
5598 13129
5599 13129
5600 13129
5601 13065
5602 13065
5603 13065
5604 13065
5605 13065
5606 13065
5607 13065
5608 13065
5609 13065
5610 13065
5611 13030
5612 12986
5613 12986
5614 12986
5615 12986
5616 12986
5617 12986
5618 12986
5619 12986
5620 12986
5621 12986
5622 12925
5623 12925
5624 12925
5625 12925
5626 12925
5627 12925
5628 12925
5629 12925
5630 12925
5631 12925
5632 12898
5633 12877
5634 12877
5635 12877
5636 12877
5637 12877
5638 12877
5639 12877
5640 12877
5641 12877
5642 12877
5643 12826
5644 12826
5645 12826
5646 12826
5647 12826
5648 12826
5649 12826
5650 12826
5651 12826
5652 12826
5653 12806
5654 12782
5655 12782
5656 12782
5657 12782
5658 12782
5659 12782
5660 12782
5661 12782
5662 12782
5663 12782
5664 12736
5665 12736
5666 12736
5667 12736
5668 12736
5669 12736
5670 12736
5671 12736
5672 12736
5673 12736
5674 12736
5675 12671
5676 12671
5677 12671
5678 12671
5679 12671
5680 12671
5681 12671
5682 12671
5683 12671
5684 12671
5685 12671
5686 12614
5687 12614
5688 12614
5689 12614
5690 12614
5691 12614
5692 12614
5693 12614
5694 12614
5695 12614
5696 12614
5697 12614
5698 12561
5699 12561
5700 12561
5701 12561
5702 12561
5703 12561
5704 12561
5705 12561
5706 12561
5707 12561
5708 12528
5709 12511
5710 12511
5711 12511
5712 12511
5713 12511
5714 12511
5715 12511
5716 12511
5717 12511
5718 12511
5719 12469
5720 12467
5721 12467
5722 12467
5723 12467
5724 12467
5725 12467
5726 12467
5727 12467
5728 12467
5729 12467
5730 12431
5731 12401
5732 12401
5733 12401
5734 12401
5735 12401
5736 12401
5737 12401
5738 12401
5739 12401
5740 12401
5741 12401
5742 12401
5743 12401
5744 12320
5745 12320
5746 12320
5747 12320
5748 12320
5749 12320
5750 12320
5751 12320
5752 12320
5753 12320
5754 12320
5755 12320
5756 12320
5757 12247
5758 12247
5759 12247
5760 12247
5761 12247
5762 12247
5763 12247
5764 12247
5765 12247
5766 12247
5767 12247
5768 12247
5769 12225
5770 12213
5771 12213
5772 12213
5773 12213
5774 12213
5775 12213
5776 12213
5777 12213
5778 12213
5779 12213
5780 12213
5781 12213
5782 12182
5783 12182
5784 12182
5785 12182
5786 12182
5787 12182
5788 12182
5789 12182
5790 12182
5791 12182
5792 12182
5793 12182
5794 12146
5795 12146
5796 12146
5797 12146
5798 12146
5799 12146
5800 12146
5801 12146
5802 12146
5803 12146
5804 12146
5805 12099
5806 12099
5807 12099
5808 12099
5809 12099
5810 12099
5811 12099
5812 12099
5813 12099
5814 12099
5815 12099
5816 12099
5817 12099
5818 12099
5819 12099
5820 12095
5821 12074
5822 12056
5823 12056
5824 12056
5825 12056
5826 12056
5827 12056
5828 12056
5829 12056
5830 12056
5831 12056
5832 12056
5833 12056
5834 12056
5835 12056
5836 12012
5837 12012
5838 12012
5839 12012
5840 12012
5841 12012
5842 12012
5843 12012
5844 12012
5845 12012
5846 12012
5847 12012
5848 12012
5849 11973
5850 11973
5851 11973
5852 11973
5853 11973
5854 11973
5855 11973
5856 11973
5857 11973
5858 11973
5859 11973
5860 11973
5861 11973
5862 11973
5863 11973
5864 11941
5865 11938
5866 11938
5867 11938
5868 11938
5869 11938
5870 11938
5871 11938
5872 11938
5873 11938
5874 11938
5875 11938
5876 11938
5877 11901
5878 11901
5879 11901
5880 11901
5881 11901
5882 11901
5883 11901
5884 11901
5885 11901
5886 11901
5887 11901
5888 11901
5889 11901
5890 11901
5891 11901
5892 11885
5893 11864
5894 11864
5895 11864
5896 11864
5897 11864
5898 11864
5899 11864
5900 11864
5901 11864
5902 11864
5903 11864
5904 11864
5905 11864
5906 11864
5907 11864
5908 11839
5909 11831
5910 11831
5911 11831
5912 11831
5913 11831
5914 11831
5915 11831
5916 11831
5917 11831
5918 11831
5919 11831
5920 11831
5921 11831
5922 11814
5923 11793
5924 11793
5925 11793
5926 11793
5927 11793
5928 11793
5929 11793
5930 11793
5931 11793
5932 11793
5933 11793
5934 11793
5935 11793
5936 11793
5937 11793
5938 11774
5939 11762
5940 11762
5941 11762
5942 11762
5943 11762
5944 11762
5945 11762
5946 11762
5947 11762
5948 11762
5949 11762
5950 11762
5951 11762
5952 11762
5953 11762
5954 11762
5955 11762
5956 11762
5957 11762
5958 11762
5959 11762
5960 11762
5961 11735
5962 11733
5963 11733
5964 11733
5965 11733
5966 11733
5967 11733
5968 11733
5969 11733
5970 11733
5971 11733
5972 11733
5973 11733
5974 11733
5975 11733
5976 11733
5977 11733
5978 11733
5979 11733
5980 11733
5981 11733
5982 11719
5983 11713
5984 11713
5985 11713
5986 11713
5987 11713
5988 11713
5989 11713
5990 11713
5991 11713
5992 11713
5993 11713
5994 11713
5995 11713
5996 11713
5997 11713
5998 11713
5999 11713
6000 11708
6001 11687
6002 11687
6003 11687
6004 11687
6005 11687
6006 11687
6007 11687
6008 11687
6009 11687
6010 11687
6011 11687
6012 11687
6013 11687
6014 11687
6015 11687
6016 11687
6017 11687
6018 11687
6019 11687
6020 11687
6021 11687
6022 11687
6023 11672
6024 11670
6025 11670
6026 11670
6027 11670
6028 11670
6029 11670
6030 11670
6031 11670
6032 11670
6033 11670
6034 11670
6035 11670
6036 11670
6037 11670
6038 11670
6039 11670
6040 11670
6041 11669
6042 11661
6043 11661
6044 11661
6045 11661
6046 11661
6047 11661
6048 11661
6049 11661
6050 11661
6051 11661
6052 11661
6053 11661
6054 11661
6055 11661
6056 11661
6057 11661
6058 11661
6059 11661
6060 11661
6061 11661
6062 11656
6063 11634
6064 11634
6065 11634
6066 11634
6067 11634
6068 11634
6069 11634
6070 11634
6071 11634
6072 11634
6073 11634
6074 11634
6075 11634
6076 11634
6077 11634
6078 11634
6079 11634
6080 11634
6081 11634
6082 11634
6083 11634
6084 11616
6085 11603
6086 11603
6087 11603
6088 11603
6089 11603
6090 11603
6091 11603
6092 11603
6093 11603
6094 11603
6095 11602
6096 11602
6097 11601
6098 11600
6099 11600
6100 11596
6101 11591
6102 11575
6103 11572
6104 11567
6105 11561
6106 11555
6107 11553
6108 11549
6109 11545
6110 11541
6111 11534
6112 11530
6113 11517
6114 11503
6115 11488
6116 11480
6117 11473
6118 11464
6119 11456
6120 11437
6121 11423
6122 11412
6123 11405
6124 11398
6125 11389
6126 11360
6127 11321
6128 11293
6129 11268
6130 11247
6131 11225
6132 11203
6133 11181
6134 11154
6135 11124
6136 11104
6137 11047
6138 10998
6139 10967
6140 10945
6141 10915
6142 10888
6143 10868
6144 10832
6145 10792
6146 10768
6147 10748
6148 10667
6149 10635
6150 10612
6151 10587
6152 10547
6153 10511
6154 10481
6155 10446
6156 10426
6157 10391
6158 10307
6159 10238
6160 10203
6161 10176
6162 10136
6163 10106
6164 10078
6165 10041
6166 10006
6167 9967
6168 9920
6169 9790
6170 9745
6171 9711
6172 9659
6173 9620
6174 9581
6175 9535
6176 9496
6177 9459
6178 9417
6179 9318
6180 9228
6181 9187
6182 9147
6183 9110
6184 9070
6185 9024
6186 8984
6187 8943
6188 8900
6189 8862
6190 8713
6191 8675
6192 8631
6193 8584
6194 8550
6195 8508
6196 8467
6197 8433
6198 8389
6199 8353
6200 8252
6201 8152
6202 8115
6203 8072
6204 8029
6205 7994
6206 7954
6207 7911
6208 7872
6209 7828
6210 7786
6211 7634
6212 7590
6213 7554
6214 7512
6215 7478
6216 7446
6217 7409
6218 7376
6219 7360
6220 7328
6221 7233
6222 7147
6223 7118
6224 7085
6225 7053
6226 7025
6227 7001
6228 6975
6229 6949
6230 6918
6231 6883
6232 6739
6233 6723
6234 6694
6235 6662
6236 6640
6237 6617
6238 6605
6239 6585
6240 6569
6241 6554
6242 6481
6243 6410
6244 6390
6245 6369
6246 6356
6247 6344
6248 6323
6249 6308
6250 6297
6251 6285
6252 6272
6253 6148
6254 6130
6255 6117
6256 6108
6257 6096
6258 6089
6259 6079
6260 6071
6261 6061
6262 6052
6263 5990
6264 5943
6265 5932
6266 5927
6267 5918
6268 5914
6269 5906
6270 5899
6271 5893
6272 5889
6273 5885
6274 5775
6275 5773
6276 5770
6277 5769
6278 5764
6279 5761
6280 5758
6281 5756
6282 5756
6283 5755
6284 5691
6285 5645
6286 5645
6287 5645
6288 5645
6289 5645
6290 5645
6291 5645
6292 5645
6293 5645
6294 5645
6295 5538
6296 5538
6297 5538
6298 5538
