1 10
2 2328
3 2328
4 2328
5 2328
6 2328
7 2328
8 2328
9 2328
10 2328
11 2328
12 2328
13 2328
14 2328
15 2328
16 2328
17 2328
18 2328
19 2328
20 2328
21 2328
22 2328
23 2328
24 2328
25 2328
26 2328
27 2328
28 2328
29 2328
30 2328
31 2328
32 2328
33 2328
34 2328
35 2328
36 2328
37 2328
38 2328
39 2328
40 2328
41 2328
42 2328
43 2328
44 2328
45 2328
46 2328
47 2328
48 2328
49 2328
50 2328
51 2328
52 2328
53 2328
54 2328
55 2328
56 2328
57 2328
58 2328
59 2328
60 2328
61 2328
62 2328
63 2328
64 2328
65 2328
66 2328
67 2328
68 2328
69 2328
70 2328
71 2328
72 2328
73 2328
74 2328
75 2328
76 2328
77 2328
78 2328
79 2328
80 2328
81 2328
82 2328
83 2328
84 2328
85 2328
86 2328
87 2328
88 2328
89 2328
90 2328
91 2328
92 2328
93 2328
94 2328
95 2328
96 2328
97 2328
98 2328
99 2328
100 2328
101 2328
102 2328
103 2328
104 2328
105 2328
106 2328
107 2328
108 2328
109 2328
110 2328
111 2328
112 2328
113 2328
114 2328
115 2328
116 2328
117 2328
118 2328
119 2328
120 2328
121 2328
122 2328
123 2328
124 2328
125 2328
126 2328
127 2328
128 2328
129 2328
130 2328
131 2328
132 2328
133 2328
134 2328
135 2328
136 2328
137 2328
138 2328
139 2328
140 2328
141 2328
142 2328
143 2328
144 2328
145 2328
146 2328
147 2328
148 2328
149 2328
150 2328
151 2328
152 2328
153 2328
154 2328
155 2328
156 2328
157 2328
158 2328
159 2328
160 2328
161 2328
162 2328
163 2328
164 2328
165 2328
166 2328
167 2328
168 2328
169 2328
170 2328
171 2328
172 2328
173 2328
174 2328
175 2328
176 2328
177 2328
178 2328
179 2328
180 2328
181 2328
182 2328
183 2328
184 2328
185 2328
186 2328
187 2328
188 2328
189 2328
190 2328
191 2328
192 2328
193 2328
194 2328
195 2328
196 2328
197 2328
198 2328
199 2328
200 2328
201 2328
202 2328
203 2328
204 2328
205 2328
206 2328
207 2328
208 2328
209 2328
210 2328
211 2328
212 2328
213 2328
214 2328
215 2328
216 2328
217 2328
218 2328
219 2328
220 2328
221 2328
222 2328
223 2328
224 2328
225 2328
226 2328
227 2328
228 2328
229 2328
230 2328
231 2328
232 2328
233 2328
234 2328
235 2328
236 2328
237 2328
238 2328
239 2328
240 2328
241 2328
242 2328
243 2328
244 2328
245 2328
246 2328
247 2328
248 2328
249 2328
250 2328
251 2328
252 2328
253 2328
254 2328
255 2328
256 2328
257 2328
258 2328
259 2328
260 2328
261 2328
262 2328
263 2328
264 2328
265 2328
266 2328
267 2328
268 2328
269 2328
270 2328
271 2328
272 2328
273 2328
274 2328
275 2328
276 2328
277 2328
278 2328
279 2328
280 2328
281 2328
282 2328
283 2328
284 2328
285 2328
286 2328
287 2328
288 2328
289 2328
290 2328
291 2328
292 2328
293 2328
294 2328
295 2328
296 2328
297 2328
298 2328
299 2328
300 2328
301 2328
302 2328
303 2328
304 2328
305 2328
306 2328
307 2328
308 2328
309 2328
310 2328
311 2328
312 2328
313 2328
314 2328
315 2328
316 2328
317 2328
318 2328
319 2328
320 2328
321 2328
322 2328
323 2328
324 2328
325 2328
326 2328
327 2328
328 2328
329 2328
330 2328
331 2328
332 2328
333 2328
334 2328
335 2328
336 2328
337 2328
338 2328
339 2328
340 2328
341 2328
342 2328
343 2328
344 2328
345 2328
346 2328
347 2328
348 2328
349 2328
350 2328
351 2328
352 2328
353 2328
354 2328
355 2328
356 2328
357 2328
358 2328
359 2328
360 2328
361 2328
362 2328
363 2328
364 2328
365 2328
366 2328
367 2328
368 2328
369 2328
370 2328
371 2328
372 2328
373 2328
374 2328
375 2328
376 2328
377 2328
378 2328
379 2328
380 2328
381 2328
382 2328
383 2328
384 2328
385 2328
386 2328
387 2328
388 2328
389 2328
390 2328
391 2328
392 2328
393 2328
394 2328
395 2328
396 2328
397 2328
398 2328
399 2328
400 2328
401 2328
402 2328
403 2328
404 2328
405 2328
406 2328
407 2328
408 2328
409 2328
410 2328
411 2328
412 2328
413 2328
414 2328
415 2328
416 2328
417 2328
418 2328
419 2328
420 2328
421 2328
422 2328
423 2328
424 2328
425 2328
426 2328
427 2328
428 2328
429 2328
430 2328
431 2328
432 2328
433 2328
434 2328
435 2328
436 2328
437 2328
438 2328
439 2328
440 2328
441 2328
442 2328
443 2328
444 2328
445 2328
446 2328
447 2328
448 2328
449 2328
450 2328
451 2328
452 2328
453 2328
454 2328
455 2328
456 2328
457 2328
458 2328
459 2328
460 2328
461 2328
462 2328
463 2328
464 2328
465 2328
466 2328
467 2328
468 2328
469 2328
470 2328
471 2328
472 2328
473 2328
474 2328
475 2328
476 2328
477 2328
478 2328
479 2328
480 2328
481 2328
482 2328
483 2328
484 2328
485 2328
486 2328
487 2328
488 2328
489 2328
490 2328
491 2328
492 2328
493 2328
494 2328
495 2328
496 2328
497 2328
498 2328
499 2328
500 2328
501 2328
502 2328
503 2328
504 2328
505 2328
506 2328
507 2328
508 2328
509 2328
510 2328
511 2328
512 2328
513 2328
514 2328
515 2328
516 2328
517 2328
518 2328
519 2328
520 2328
521 2328
522 2328
523 2328
524 2328
525 2328
526 2328
527 2328
528 2328
529 2328
530 2328
531 2328
532 2328
533 2328
534 2328
535 2328
536 2328
537 2328
538 2328
539 2328
540 2328
541 2328
542 2328
543 2328
544 2328
545 2328
546 2328
547 2328
548 2328
549 2328
550 2328
551 2328
552 2328
553 2328
554 2328
555 2328
556 2328
557 2328
558 2328
559 2328
560 2328
561 2328
562 2328
563 2328
564 2328
565 2328
566 2328
567 2328
568 2328
569 2328
570 2328
571 2328
572 2328
573 2328
574 2328
575 2328
576 2328
577 2328
578 2328
579 2328
580 2328
581 2328
582 2328
583 2328
584 2328
585 2328
586 2328
587 2328
588 2328
589 2328
590 2328
591 2328
592 2328
593 2328
594 2328
595 2328
596 2328
597 2328
598 2328
599 2328
600 2328
601 2328
602 2328
603 2328
604 2328
605 2328
606 2328
607 2328
608 2328
609 2328
610 2328
611 2328
612 2328
613 2328
614 2328
615 2328
616 2328
617 2328
618 2328
619 2328
620 2328
621 2328
622 2328
623 2328
624 2328
625 2328
626 2328
627 2328
628 2328
629 2328
630 2328
631 2328
632 2328
633 2328
634 2328
635 2328
636 2328
637 2328
638 2328
639 2328
640 2328
641 2328
642 2328
643 2328
644 2328
645 2328
646 2328
647 2328
648 2328
649 2328
650 2328
651 2328
652 2328
653 2328
654 2328
655 2328
656 2328
657 2328
658 2328
659 2328
660 2328
661 2328
662 2328
663 2328
664 2328
665 2328
666 2328
667 2328
668 2328
669 2328
670 2328
671 2328
672 2328
673 2328
674 2328
675 2328
676 2328
677 2328
678 2328
679 2328
680 2328
681 2328
682 2328
683 2328
684 2328
685 2328
686 2328
687 2328
688 2328
689 2328
690 2328
691 2328
692 2328
693 2328
694 2328
695 2328
696 2328
697 2328
698 2328
699 2328
700 2328
701 2328
702 2328
703 2328
704 2328
705 2328
706 2328
707 2328
708 2328
709 2328
710 2328
711 2328
712 2328
713 2328
714 2328
715 2328
716 2328
717 2328
718 2328
719 2328
720 2328
721 2328
722 2328
723 2328
724 2328
725 2328
726 2328
727 2328
728 2328
729 2328
730 2328
731 2328
732 2328
733 2328
734 2328
735 2328
736 2328
737 2328
738 2328
739 2328
740 2328
741 2328
742 2328
743 2328
744 2328
745 2328
746 2328
747 2328
748 2328
749 2328
750 2328
751 2328
752 2328
753 2328
754 2328
755 2328
756 2328
757 2328
758 2328
759 2328
760 2328
761 2328
762 2328
763 2328
764 2328
765 2328
766 2328
767 2328
768 2328
769 2328
770 2328
771 2328
772 2328
773 2328
774 2328
775 2328
776 2328
777 2328
778 2328
779 2328
780 2328
781 2328
782 2328
783 2328
784 2328
785 2328
786 2328
787 2328
788 2328
789 2328
790 2328
791 2328
792 2328
793 2328
794 2328
795 2328
796 2328
797 2328
798 2328
799 2328
800 2328
801 2328
802 2328
803 2328
804 2328
805 2328
806 2328
807 2328
808 2328
809 2328
810 2328
811 2328
812 2328
813 2328
814 2328
815 2328
816 2328
817 2328
818 2328
819 2328
820 2328
821 2328
822 2328
823 2328
824 2328
825 2328
826 2328
827 2328
828 2328
829 2328
830 2328
831 2328
832 2328
833 2328
834 2328
835 2328
836 2328
837 2328
838 2328
839 2328
840 2328
841 2328
842 2328
843 2328
844 2328
845 2328
846 2328
847 2328
848 2328
849 2328
850 2328
851 2328
852 2328
853 2328
854 2328
855 2328
856 2328
857 2328
858 2328
859 2328
860 2328
861 2328
862 2328
863 2328
864 2328
865 2328
866 2328
867 2328
868 2328
869 2328
870 2328
871 2328
872 2328
873 2328
874 2328
875 2328
876 2328
877 2328
878 2328
879 2328
880 2328
881 2328
882 2328
883 2328
884 2328
885 2328
886 2328
887 2328
888 2328
889 2328
890 2328
891 2328
892 2328
893 2328
894 2328
895 2328
896 2328
897 2328
898 2328
899 2328
900 2328
901 2328
902 2328
903 2328
904 2328
905 2328
906 2328
907 2328
908 2328
909 2328
910 2328
911 2328
912 2328
913 2328
914 2328
915 2328
916 2328
917 2328
918 2328
919 2328
920 2328
921 2328
922 2328
923 2328
924 2328
925 2328
926 2328
927 2328
928 2328
929 2328
930 2328
931 2328
932 2328
933 2328
934 2328
935 2328
936 2328
937 2328
938 2328
939 2328
940 2328
941 2328
942 2328
943 2328
944 2328
945 2328
946 2328
947 2328
948 2328
949 2328
950 2328
951 2328
952 2328
953 2328
954 2328
955 2328
956 2328
957 2328
958 2328
959 2328
960 2328
961 2328
962 2328
963 2328
964 2328
965 2328
966 2328
967 2328
968 2328
969 2328
970 2328
971 2328
972 2328
973 2328
974 2328
975 2328
976 2328
977 2328
978 2328
979 2328
980 2328
981 2328
982 2328
983 2328
984 2328
985 2328
986 2328
987 2328
988 2328
989 2328
990 2328
991 2328
992 2328
993 2328
994 2328
995 2328
996 2328
997 2328
998 2328
999 2328
1000 2328
1001 2328
1002 2328
1003 2328
1004 2328
1005 2328
1006 2328
1007 2328
1008 2328
1009 2328
1010 2328
1011 2328
1012 2328
1013 2328
1014 2328
1015 2328
1016 2328
1017 2328
1018 2328
1019 2328
1020 2328
1021 2328
1022 2328
1023 2328
1024 2328
1025 2328
1026 2328
1027 2328
1028 2328
1029 2328
1030 2328
1031 2328
1032 2328
1033 2328
1034 2328
1035 2328
1036 2328
1037 2328
1038 2328
1039 2328
1040 2328
1041 2328
1042 2328
1043 2328
1044 2328
1045 2328
1046 2328
1047 2328
1048 2328
1049 2328
1050 2328
1051 2328
1052 2328
1053 2328
1054 2328
1055 2328
1056 2328
1057 2328
1058 2328
1059 2328
1060 2328
1061 2328
1062 2328
1063 2328
1064 2328
1065 2328
1066 2328
1067 2328
1068 2328
1069 2328
1070 2328
1071 2328
1072 2328
1073 2328
1074 2328
1075 2328
1076 2328
1077 2328
1078 2328
1079 2328
1080 2328
1081 2328
1082 2328
1083 2328
1084 2328
1085 2328
1086 2328
1087 2328
1088 2328
1089 2328
1090 2328
1091 2328
1092 2328
1093 2328
1094 2328
1095 2328
1096 2328
1097 2328
1098 2328
1099 2328
1100 2328
1101 2328
1102 2328
1103 2328
1104 2328
1105 2328
1106 2328
1107 2328
1108 2328
1109 2328
1110 2328
1111 2328
1112 2328
1113 2328
1114 2328
1115 2328
1116 2328
1117 2328
1118 2328
1119 2328
1120 2328
1121 2328
1122 2328
1123 2328
1124 2328
1125 2328
1126 2328
1127 2328
1128 2328
1129 2328
1130 2328
1131 2328
1132 2328
1133 2328
1134 2328
1135 2328
1136 2328
1137 2328
1138 2328
1139 2328
1140 2328
1141 2328
1142 2328
1143 2328
1144 2328
1145 2328
1146 2328
1147 2328
1148 2328
1149 2328
1150 2328
1151 2328
1152 2328
1153 2328
1154 2328
1155 2328
1156 2328
1157 2328
1158 2328
1159 2328
1160 2328
1161 2328
1162 2328
1163 2328
1164 2328
1165 2328
1166 2328
1167 2328
1168 2328
1169 2328
1170 2328
1171 2328
1172 2328
1173 2328
1174 2328
1175 2328
1176 2328
1177 2328
1178 2328
1179 2328
1180 2328
1181 2328
1182 2328
1183 2328
1184 2328
1185 2328
1186 2328
1187 2328
1188 2328
1189 2328
1190 2328
1191 2328
1192 2328
1193 2328
1194 2328
1195 2328
1196 2328
1197 2328
1198 2328
1199 2328
1200 2328
1201 2328
1202 2328
1203 2328
1204 2328
1205 2328
1206 2328
1207 2328
1208 2328
1209 2328
1210 2328
1211 2328
1212 2328
1213 2328
1214 2328
1215 2328
1216 2328
1217 2328
1218 2328
1219 2328
1220 2328
1221 2328
1222 2328
1223 2328
1224 2328
1225 2328
1226 2328
1227 2328
1228 2328
1229 2328
1230 2328
1231 2328
1232 2328
1233 2328
1234 2328
1235 2328
1236 2328
1237 2328
1238 2328
1239 2328
1240 2328
1241 2328
1242 2328
1243 2328
1244 2328
1245 2328
1246 2328
1247 2328
1248 2328
1249 2328
1250 2328
1251 2328
1252 2328
1253 2328
1254 2328
1255 2328
1256 2328
1257 2328
1258 2328
1259 2328
1260 2328
1261 2328
1262 2328
1263 2328
1264 2328
1265 2328
1266 2328
1267 2328
1268 2328
1269 2328
1270 2328
1271 2328
1272 2328
1273 2328
1274 2328
1275 2328
1276 2328
1277 2328
1278 2328
1279 2328
1280 2328
1281 2328
1282 2328
1283 2328
1284 2328
1285 2328
1286 2328
1287 2328
1288 2328
1289 2328
1290 2328
1291 2328
1292 2328
1293 2328
1294 2328
1295 2328
1296 2328
1297 2328
1298 2328
1299 2328
1300 2328
1301 2328
1302 2328
1303 2328
1304 2328
1305 2328
1306 2328
1307 2328
1308 2328
1309 2328
1310 2328
1311 2328
1312 2328
1313 2328
1314 2328
1315 2328
1316 2328
1317 2328
1318 2328
1319 2328
1320 2328
1321 2328
1322 2328
1323 2328
1324 2328
1325 2328
1326 2328
1327 2328
1328 2328
1329 2328
1330 2328
1331 2328
1332 2328
1333 2328
1334 2328
1335 2328
1336 2328
1337 2328
1338 2328
1339 2328
1340 2328
1341 2328
1342 2328
1343 2328
1344 2328
1345 2328
1346 2328
1347 2328
1348 2328
1349 2328
1350 2328
1351 2328
1352 2328
1353 2328
1354 2328
1355 2328
1356 2328
1357 2328
1358 2328
1359 2328
1360 2328
1361 2328
1362 2328
1363 2328
1364 2328
1365 2328
1366 2328
1367 2328
1368 2328
1369 2328
1370 2328
1371 2328
1372 2328
1373 2328
1374 2328
1375 2328
1376 2328
1377 2328
1378 2328
1379 2328
1380 2328
1381 2328
1382 2328
1383 2328
1384 2328
1385 2328
1386 2328
1387 2328
1388 2328
1389 2328
1390 2328
1391 2328
1392 2328
1393 2328
1394 2328
1395 2328
1396 2328
1397 2328
1398 2328
1399 2328
1400 2328
1401 2328
1402 2328
1403 2328
1404 2328
1405 2328
1406 2328
1407 2328
1408 2328
1409 2328
1410 2328
1411 2328
1412 2328
1413 2328
1414 2328
1415 2328
1416 2328
1417 2328
1418 2328
1419 2328
1420 2328
1421 2328
1422 2328
1423 2328
1424 2328
1425 2328
1426 2328
1427 2328
1428 2328
1429 2328
1430 2328
1431 2328
1432 2328
1433 2328
1434 2328
1435 2328
1436 2328
1437 2328
1438 2328
1439 2328
1440 2328
1441 2328
1442 2328
1443 2328
1444 2328
1445 2328
1446 2328
1447 2328
1448 2328
1449 2328
1450 2328
1451 2328
1452 2328
1453 2328
1454 2328
1455 2328
1456 2328
1457 2328
1458 2328
1459 2328
1460 2328
1461 2328
1462 2328
1463 2328
1464 2328
1465 2328
1466 2328
1467 2328
1468 2328
1469 2328
1470 2328
1471 2328
1472 2328
1473 2328
1474 2328
1475 2328
1476 2328
1477 2328
1478 2328
1479 2328
1480 2328
1481 2328
1482 2328
1483 2328
1484 2328
1485 2328
1486 2328
1487 2328
1488 2328
1489 2328
1490 2328
1491 2328
1492 2328
1493 2328
1494 2328
1495 2328
1496 2328
1497 2328
1498 2328
1499 2328
1500 2328
1501 2328
1502 2328
1503 2328
1504 2328
1505 2328
1506 2328
1507 2328
1508 2328
1509 2328
1510 2328
1511 2328
1512 2328
1513 2328
1514 2328
1515 2328
1516 2328
1517 2328
1518 2328
1519 2328
1520 2328
1521 2328
1522 2328
1523 2328
1524 2328
1525 2328
1526 2328
1527 2328
1528 2328
1529 2328
1530 2328
1531 2328
1532 2328
1533 2328
1534 2328
1535 2328
1536 2328
1537 2328
1538 2328
1539 2328
1540 2328
1541 2328
1542 2328
1543 2328
1544 2328
1545 2328
1546 2328
1547 2328
1548 2328
1549 2328
1550 2328
1551 2328
1552 2328
1553 2328
1554 2328
1555 2328
1556 2328
1557 2328
1558 2328
1559 2328
1560 2328
1561 2328
1562 2328
1563 2328
1564 2328
1565 2328
1566 2328
1567 2328
1568 2328
1569 2328
1570 2328
1571 2328
1572 2328
1573 2328
1574 2328
1575 2328
1576 2328
1577 2328
1578 2328
1579 2328
1580 2328
1581 2328
1582 2328
1583 2328
1584 2328
1585 2328
1586 2328
1587 2328
1588 2328
1589 2328
1590 2328
1591 2328
1592 2328
1593 2328
1594 2328
1595 2328
1596 2328
1597 2328
1598 2328
1599 2328
1600 2328
1601 2328
1602 2328
1603 2328
1604 2328
1605 2328
1606 2328
1607 2328
1608 2328
1609 2328
1610 2328
1611 2328
1612 2328
1613 2328
1614 2328
1615 2328
1616 2328
1617 2328
1618 2328
1619 2328
1620 2328
1621 2328
1622 2328
1623 2328
1624 2328
1625 2328
1626 2328
1627 2328
1628 2328
1629 2328
1630 2328
1631 2328
1632 2328
1633 2328
1634 2328
1635 2328
1636 2328
1637 2328
1638 2328
1639 2328
1640 2328
1641 2328
1642 2328
1643 2328
1644 2328
1645 2328
1646 2328
1647 2328
1648 2328
1649 2328
1650 2328
1651 2328
1652 2328
1653 2328
1654 2328
1655 2328
1656 2328
1657 2328
1658 2328
1659 2328
1660 2328
1661 2328
1662 2328
1663 2328
1664 2328
1665 2328
1666 2328
1667 2328
1668 2328
1669 2328
1670 2328
1671 2328
1672 2328
1673 2328
1674 2328
1675 2328
1676 2328
1677 2328
1678 2328
1679 2328
1680 2328
1681 2328
1682 2328
1683 2328
1684 2328
1685 2328
1686 2328
1687 2328
1688 2328
1689 2328
1690 2328
1691 2328
1692 2328
1693 2328
1694 2328
1695 2328
1696 2328
1697 2328
1698 2328
1699 2328
1700 2328
1701 2328
1702 2328
1703 2328
1704 2328
1705 2328
1706 2328
1707 2328
1708 2328
1709 2328
1710 2328
1711 2328
1712 2328
1713 2328
1714 2328
1715 2328
1716 2328
1717 2328
1718 2328
1719 2328
1720 2328
1721 2328
1722 2328
1723 2328
1724 2328
1725 2328
1726 2328
1727 2328
1728 2328
1729 2328
1730 2328
1731 2328
1732 2328
1733 2328
1734 2328
1735 2328
1736 2328
1737 2328
1738 2328
1739 2328
1740 2328
1741 2328
1742 2328
1743 2328
1744 2328
1745 2328
1746 2328
1747 2328
1748 2328
1749 2328
1750 2328
1751 2328
1752 2328
1753 2328
1754 2328
1755 2328
1756 2328
1757 2328
1758 2328
1759 2328
1760 2328
1761 2328
1762 2328
1763 2328
1764 2328
1765 2328
1766 2328
1767 2328
1768 2328
1769 2328
1770 2328
1771 2328
1772 2328
1773 2328
1774 2328
1775 2328
1776 2328
1777 2328
1778 2328
1779 2328
1780 2328
1781 2328
1782 2328
1783 2328
1784 2328
1785 2328
1786 2328
1787 2328
1788 2328
1789 2328
1790 2328
1791 2328
1792 2328
1793 2328
1794 2328
1795 2328
1796 2328
1797 2328
1798 2328
1799 2328
1800 2328
1801 2328
1802 2328
1803 2328
1804 2328
1805 2328
1806 2328
1807 2328
1808 2328
1809 2328
1810 2328
1811 2328
1812 2328
1813 2328
1814 2328
1815 2328
1816 2328
1817 2328
1818 2328
1819 2328
1820 2328
1821 2328
1822 2328
1823 2328
1824 2328
1825 2328
1826 2328
1827 2328
1828 2328
1829 2328
1830 2328
1831 2328
1832 2328
1833 2328
1834 2328
1835 2328
1836 2328
1837 2328
1838 2328
1839 2328
1840 2328
1841 2328
1842 2328
1843 2328
1844 2328
1845 2328
1846 2328
1847 2328
1848 2328
1849 2328
1850 2328
1851 2328
1852 2328
1853 2328
1854 2328
1855 2328
1856 2328
1857 2328
1858 2328
1859 2328
1860 2328
1861 2328
1862 2328
1863 2328
1864 2328
1865 2328
1866 2328
1867 2328
1868 2328
1869 2328
1870 2328
1871 2328
1872 2328
1873 2328
1874 2328
1875 2328
1876 2328
1877 2328
1878 2328
1879 2328
1880 2328
1881 2328
1882 2328
1883 2328
1884 2328
1885 2328
1886 2328
1887 2328
1888 2328
1889 2328
1890 2328
1891 2328
1892 2328
1893 2328
1894 2328
1895 2328
1896 2328
1897 2328
1898 2328
1899 2328
1900 2328
1901 2328
1902 2328
1903 2328
1904 2328
1905 2328
1906 2328
1907 2328
1908 2328
1909 2328
1910 2328
1911 2328
1912 2328
1913 2328
1914 2328
1915 2328
1916 2328
1917 2328
1918 2328
1919 2328
1920 2328
1921 2328
1922 2328
1923 2328
1924 2328
1925 2328
1926 2328
1927 2328
1928 2328
1929 2328
1930 2328
1931 2328
1932 2328
1933 2328
1934 2328
1935 2328
1936 2328
1937 2328
1938 2328
1939 2328
1940 2328
1941 2328
1942 2328
1943 2328
1944 2328
1945 2328
1946 2328
1947 2328
1948 2328
1949 2328
1950 2328
1951 2328
1952 2328
1953 2328
1954 2328
1955 2328
1956 2328
1957 2328
1958 2328
1959 2328
1960 2328
1961 2328
1962 2328
1963 2328
1964 2328
1965 2328
1966 2328
1967 2328
1968 2328
1969 2328
1970 2328
1971 2328
1972 2328
1973 2328
1974 2328
1975 2328
1976 2328
1977 2328
1978 2328
1979 2328
1980 2328
1981 2328
1982 2328
1983 2328
1984 2328
1985 2328
1986 2328
1987 2328
1988 2328
1989 2328
1990 2328
1991 2328
1992 2328
1993 2328
1994 2328
1995 2328
1996 2328
1997 2328
1998 2328
1999 2328
2000 2328
2001 2328
2002 2328
2003 2328
2004 2328
2005 2328
2006 2328
2007 2328
2008 2328
2009 2328
2010 2328
2011 2328
2012 2328
2013 2328
2014 2328
2015 2328
2016 2328
2017 2328
2018 2328
2019 2328
2020 2328
2021 2328
2022 2328
2023 2328
2024 2328
2025 2328
2026 2328
2027 2328
2028 2328
2029 2328
2030 2328
2031 2328
2032 2328
2033 2328
2034 2328
2035 2328
2036 2328
2037 2328
2038 2328
2039 2328
2040 2328
2041 2328
2042 2328
2043 2328
2044 2328
2045 2328
2046 2328
2047 2328
2048 2328
2049 2328
2050 2328
2051 2328
2052 2328
2053 2328
2054 2328
2055 2328
2056 2328
2057 2328
2058 2328
2059 2328
2060 2328
2061 2328
2062 2328
2063 2328
2064 2328
2065 2328
2066 2328
2067 2328
2068 2328
2069 2328
2070 2328
2071 2328
2072 2328
2073 2328
2074 2328
2075 2328
2076 2328
2077 2328
2078 2328
2079 2328
2080 2328
2081 2328
2082 2328
2083 2328
2084 2328
2085 2328
2086 2328
2087 2328
2088 2328
2089 2328
2090 2328
2091 2328
2092 2328
2093 2328
2094 2328
2095 2328
2096 2328
2097 2328
2098 2328
2099 2328
2100 2328
2101 2328
2102 2328
2103 2328
2104 2328
2105 2328
2106 2328
2107 2328
2108 2328
2109 2328
2110 2328
2111 2328
2112 2328
2113 2328
2114 2328
2115 2328
2116 2328
2117 2328
2118 2328
2119 2328
2120 2328
2121 2328
2122 2328
2123 2328
2124 2328
2125 2328
2126 2328
2127 2328
2128 2328
2129 2328
2130 2328
2131 2328
2132 2328
2133 2328
2134 2328
2135 2328
2136 2328
2137 2328
2138 2328
2139 2328
2140 2328
2141 2328
2142 2328
2143 2328
2144 2328
2145 2328
2146 2328
2147 2328
2148 2328
2149 2328
2150 2328
2151 2328
2152 2328
2153 2328
2154 2328
2155 2328
2156 2328
2157 2328
2158 2328
2159 2328
2160 2328
2161 2328
2162 2328
2163 2328
2164 2328
2165 2328
2166 2328
2167 2328
2168 2328
2169 2328
2170 2328
2171 2328
2172 2328
2173 2328
2174 2328
2175 2328
2176 2328
2177 2328
2178 2328
2179 2328
2180 2328
2181 2328
2182 2328
2183 2328
2184 2328
2185 2328
2186 2328
2187 2328
2188 2328
2189 2328
2190 2328
2191 2328
2192 2328
2193 2328
2194 2328
2195 2328
2196 2328
2197 2328
2198 2328
2199 2328
2200 2328
2201 2328
2202 2328
2203 2328
2204 2328
2205 2328
2206 2328
2207 2328
2208 2328
2209 2328
2210 2328
2211 2328
2212 2328
2213 2328
2214 2328
2215 2328
2216 2328
2217 2328
2218 2328
2219 2328
2220 2328
2221 2328
2222 2328
2223 2328
2224 2328
2225 2328
2226 2328
2227 2328
2228 2328
2229 2328
2230 2328
2231 2328
2232 2328
2233 2328
2234 2328
2235 2328
2236 2328
2237 2328
2238 2328
2239 2328
2240 2328
2241 2328
2242 2328
2243 2328
2244 2328
2245 2328
2246 2328
2247 2328
2248 2328
2249 2328
2250 2328
2251 2328
2252 2328
2253 2328
2254 2328
2255 2328
2256 2328
2257 2328
2258 2328
2259 2328
2260 2328
2261 2328
2262 2328
2263 2328
2264 2328
2265 2328
2266 2328
2267 2328
2268 2328
2269 2328
2270 2328
2271 2328
2272 2328
2273 2328
2274 2328
2275 2328
2276 2328
2277 2328
2278 2328
2279 2328
2280 2328
2281 2328
2282 2328
2283 2328
2284 2328
2285 2328
2286 2328
2287 2328
2288 2328
2289 2328
2290 2328
2291 2328
2292 2328
2293 2328
2294 2328
2295 2328
2296 2328
2297 2328
2298 2328
2299 2328
2300 2328
2301 2328
2302 2328
2303 2328
2304 2328
2305 2328
2306 2328
2307 2328
2308 2328
2309 2328
2310 2328
2311 2328
2312 2328
2313 2328
2314 2328
2315 2328
2316 2328
2317 2328
2318 2328
2319 2328
2320 2328
2321 2328
2322 2328
2323 2328
2324 2328
2325 2328
2326 2328
2327 2328
2328 2328
2329 2328
2330 2328
2331 2328
2332 2328
2333 2328
2334 2328
2335 2328
2336 2328
2337 2328
2338 2328
2339 2328
2340 2328
2341 2328
2342 2328
2343 2328
2344 2328
2345 2328
2346 2328
2347 2328
2348 2328
2349 2328
2350 2328
2351 2328
2352 2328
2353 2328
2354 2328
2355 2328
2356 2328
2357 2328
2358 2328
2359 2328
2360 2328
2361 2328
2362 2328
2363 2328
2364 2328
2365 2328
2366 2328
2367 2328
2368 2328
2369 2328
2370 2328
2371 2328
2372 2328
2373 2328
2374 2328
2375 2328
2376 2328
2377 2328
2378 2328
2379 2328
2380 2328
2381 2328
2382 2328
2383 2328
2384 2328
2385 2328
2386 2328
2387 2328
2388 2328
2389 2328
2390 2328
2391 2328
2392 2328
2393 2328
2394 2328
2395 2328
2396 2328
2397 2328
2398 2328
2399 2328
2400 2328
2401 2328
2402 2328
2403 2328
2404 2328
2405 2328
2406 2328
2407 2328
2408 2328
2409 2328
2410 2328
2411 2328
2412 2328
2413 2328
2414 2328
2415 2328
2416 2328
2417 2328
2418 2328
2419 2328
2420 2328
2421 2328
2422 2328
2423 2328
2424 2328
2425 2328
2426 2328
2427 2328
2428 2328
2429 2328
2430 2328
2431 2328
2432 2328
2433 2328
2434 2328
2435 2328
2436 2328
2437 2328
2438 2328
2439 2328
2440 2328
2441 2328
2442 2328
2443 2328
2444 2328
2445 2328
2446 2328
2447 2328
2448 2328
2449 2328
2450 2328
2451 2328
2452 2328
2453 2328
2454 2328
2455 2328
2456 2328
2457 2328
2458 2328
2459 2328
2460 2328
2461 2328
2462 2328
2463 2328
2464 2328
2465 2328
2466 2328
2467 2328
2468 2328
2469 2328
2470 2328
2471 2328
2472 2328
2473 2328
2474 2328
2475 2328
2476 2328
2477 2328
2478 2328
2479 2328
2480 2328
2481 2328
2482 2328
2483 2328
2484 2328
2485 2328
2486 2328
2487 2328
2488 2328
2489 2328
2490 2328
2491 2328
2492 2328
2493 2328
2494 2328
2495 2328
2496 2328
2497 2328
2498 2328
2499 2328
2500 2328
2501 2328
2502 2328
2503 2328
2504 2328
2505 2328
2506 2328
2507 2328
2508 2328
2509 2328
2510 2328
2511 2328
2512 2328
2513 2328
2514 2328
2515 2328
2516 2328
2517 2328
2518 2328
2519 2328
2520 2328
2521 2328
2522 2328
2523 2328
2524 2328
2525 2328
2526 2328
2527 2328
2528 2328
2529 2328
2530 2328
2531 2328
2532 2328
2533 2328
2534 2328
2535 2328
2536 2328
2537 2328
2538 2328
2539 2328
2540 2328
2541 2328
2542 2328
2543 2328
2544 2328
2545 2328
2546 2328
2547 2328
2548 2328
2549 2328
2550 2328
2551 2328
2552 2328
2553 2328
2554 2328
2555 2328
2556 2328
2557 2328
2558 2328
2559 2328
2560 2328
2561 2328
2562 2328
2563 2328
2564 2328
2565 2328
2566 2328
2567 2328
2568 2328
2569 2328
2570 2328
2571 2328
2572 2328
2573 2328
2574 2328
2575 2328
2576 2328
2577 2328
2578 2328
2579 2328
2580 2328
2581 2328
2582 2328
2583 2328
2584 2328
2585 2328
2586 2328
2587 2328
2588 2328
2589 2328
2590 2328
2591 2328
2592 2328
2593 2328
2594 2328
2595 2328
2596 2328
2597 2328
2598 2328
2599 2328
2600 2328
2601 2328
2602 2328
2603 2328
2604 2328
2605 2328
2606 2328
2607 2328
2608 2328
2609 2328
2610 2328
2611 2328
2612 2328
2613 2328
2614 2328
2615 2328
2616 2328
2617 2328
2618 2328
2619 2328
2620 2328
2621 2328
2622 2328
2623 2328
2624 2328
2625 2328
2626 2328
2627 2328
2628 2328
2629 2328
2630 2328
2631 2328
2632 2328
2633 2328
2634 2328
2635 2328
2636 2328
2637 2328
2638 2328
2639 2328
2640 2328
2641 2328
2642 2328
2643 2328
2644 2328
2645 2328
2646 2328
2647 2328
2648 2328
2649 2328
2650 2328
2651 2328
2652 2328
2653 2328
2654 2328
2655 2328
2656 2328
2657 2328
2658 2328
2659 2328
2660 2328
2661 2328
2662 2328
2663 2328
2664 2328
2665 2328
2666 2328
2667 2328
2668 2328
2669 2328
2670 2328
2671 2328
2672 2328
2673 2328
2674 2328
2675 2328
2676 2328
2677 2328
2678 2328
2679 2328
2680 2328
2681 2328
2682 2328
2683 2328
2684 2328
2685 2328
2686 2328
2687 2328
2688 2328
2689 2328
2690 2328
2691 2328
2692 2328
2693 2328
2694 2328
2695 2328
2696 2328
2697 2328
2698 2328
2699 2328
2700 2328
2701 2328
2702 2328
2703 2328
2704 2328
2705 2328
2706 2328
2707 2328
2708 2328
2709 2328
2710 2328
2711 2328
2712 2328
2713 2328
2714 2328
2715 2328
2716 2328
2717 2328
2718 2328
2719 2328
2720 2328
2721 2328
2722 2328
2723 2328
2724 2328
2725 2328
2726 2328
2727 2328
2728 2328
2729 2328
2730 2328
2731 2328
2732 2328
2733 2328
2734 2328
2735 2328
2736 2328
2737 2328
2738 2328
2739 2328
2740 2328
2741 2328
2742 2328
2743 2328
2744 2328
2745 2328
2746 2328
2747 2328
2748 2328
2749 2328
2750 2328
2751 2328
2752 2328
2753 2328
2754 2328
2755 2328
2756 2328
2757 2328
2758 2328
2759 2328
2760 2328
2761 2328
2762 2328
2763 2328
2764 2328
2765 2328
2766 2328
2767 2328
2768 2328
2769 2328
2770 2328
2771 2328
2772 2328
2773 2328
2774 2328
2775 2328
2776 2328
2777 2328
2778 2328
2779 2328
2780 2328
2781 2328
2782 2328
2783 2328
2784 2328
2785 2328
2786 2328
2787 2328
2788 2328
2789 2328
2790 2328
2791 2328
2792 2328
2793 2328
2794 2328
2795 2328
2796 2328
2797 2328
2798 2328
2799 2328
2800 2328
2801 2328
2802 2328
2803 2328
2804 2328
2805 2328
2806 2328
2807 2328
2808 2328
2809 2328
2810 2328
2811 2328
2812 2328
2813 2328
2814 2328
2815 2328
2816 2328
2817 2328
2818 2328
2819 2328
2820 2328
2821 2328
2822 2328
2823 2328
2824 2328
2825 2328
2826 2328
2827 2328
2828 2328
2829 2328
2830 2328
2831 2328
2832 2328
2833 2328
2834 2328
2835 2328
2836 2328
2837 2328
2838 2328
2839 2328
2840 2328
2841 2328
2842 2328
2843 2328
2844 2328
2845 2328
2846 2328
2847 2328
2848 2328
2849 2328
2850 2328
2851 2328
2852 2328
2853 2328
2854 2328
2855 2328
2856 2328
2857 2328
2858 2328
2859 2328
2860 2328
2861 2328
2862 2328
2863 2328
2864 2328
2865 2328
2866 2328
2867 2328
2868 2328
2869 2328
2870 2328
2871 2328
2872 2328
2873 2328
2874 2328
2875 2328
2876 2328
2877 2328
2878 2328
2879 2328
2880 2328
2881 2328
2882 2328
2883 2328
2884 2328
2885 2328
2886 2328
2887 2328
2888 2328
2889 2328
2890 2328
2891 2328
2892 2328
2893 2328
2894 2328
2895 2328
2896 2328
2897 2328
2898 2328
2899 2328
2900 2328
2901 2328
2902 2328
2903 2328
2904 2328
2905 2328
2906 2328
2907 2328
2908 2328
2909 2328
2910 2328
2911 2328
2912 2328
2913 2328
2914 2328
2915 2328
2916 2328
2917 2328
2918 2328
2919 2328
2920 2328
2921 2328
2922 2328
2923 2328
2924 2328
2925 2328
2926 2328
2927 2328
2928 2328
2929 2328
2930 2328
2931 2328
2932 2328
2933 2328
2934 2328
2935 2328
2936 2328
2937 2328
2938 2328
2939 2328
2940 2328
2941 2328
2942 2328
2943 2328
2944 2328
2945 2328
2946 2328
2947 2328
2948 2328
2949 2328
2950 2328
2951 2328
2952 2328
2953 2328
2954 2328
2955 2328
2956 2328
2957 2328
2958 2328
2959 2328
2960 2328
2961 2328
2962 2328
2963 2328
2964 2328
2965 2328
2966 2328
2967 2328
2968 2328
2969 2328
2970 2328
2971 2328
2972 2328
2973 2328
2974 2328
2975 2328
2976 2328
2977 2328
2978 2328
2979 2328
2980 2328
2981 2328
2982 2328
2983 2328
2984 2328
2985 2328
2986 2328
2987 2328
2988 2328
2989 2328
2990 2328
2991 2328
2992 2328
2993 2328
2994 2328
2995 2328
2996 2328
2997 2328
2998 2328
2999 2328
3000 2328
3001 2328
3002 2328
3003 2328
3004 2328
3005 2328
3006 2328
3007 2328
3008 2328
3009 2328
3010 2328
3011 2328
3012 2328
3013 2328
3014 2328
3015 2328
3016 2328
3017 2328
3018 2328
3019 2327
3020 2327
3021 2327
3022 2327
3023 2327
3024 2327
3025 2327
3026 2327
3027 2327
3028 2326
3029 2326
3030 2326
3031 2325
3032 2325
3033 2325
3034 2325
3035 2325
3036 2325
3037 2324
3038 2324
3039 2324
3040 2324
3041 2324
3042 2323
3043 2321
3044 2321
3045 2321
3046 2321
3047 2321
3048 2321
3049 2321
3050 2321
3051 2321
3052 2321
3053 2321
3054 2321
3055 2321
3056 2321
3057 2321
3058 2321
3059 2320
3060 2319
3061 2319
3062 2319
3063 2319
3064 2319
3065 2319
3066 2319
3067 2319
3068 2319
3069 2318
3070 2318
3071 2318
3072 2318
3073 2318
3074 2318
3075 2318
3076 2317
3077 2316
3078 2316
3079 2315
3080 2315
3081 2314
3082 2314
3083 2314
3084 2313
3085 2313
3086 2313
3087 2313
3088 2313
3089 2312
3090 2312
3091 2312
3092 2312
3093 2312
3094 2312
3095 2312
3096 2311
3097 2310
3098 2309
3099 2309
3100 2309
3101 2309
3102 2309
3103 2309
3104 2309
3105 2309
3106 2309
3107 2308
3108 2306
3109 2306
3110 2305
3111 2305
3112 2305
3113 2305
3114 2305
3115 2305
3116 2305
3117 2305
3118 2305
3119 2304
3120 2303
3121 2303
3122 2303
3123 2303
3124 2303
3125 2303
3126 2303
3127 2303
3128 2303
3129 2303
3130 2303
3131 2303
3132 2302
3133 2302
3134 2302
3135 2302
3136 2302
3137 2302
3138 2302
3139 2302
3140 2302
3141 2302
3142 2302
3143 2302
3144 2302
3145 2302
3146 2302
3147 2302
3148 2301
3149 2300
3150 2300
3151 2300
3152 2299
3153 2299
3154 2299
3155 2299
3156 2299
3157 2298
3158 2298
3159 2298
3160 2298
3161 2298
3162 2297
3163 2296
3164 2296
3165 2296
3166 2296
3167 2295
3168 2295
3169 2295
3170 2295
3171 2294
3172 2292
3173 2291
3174 2291
3175 2291
3176 2291
3177 2291
3178 2291
3179 2291
3180 2290
3181 2290
3182 2290
3183 2290
3184 2290
3185 2290
3186 2290
3187 2289
3188 2289
3189 2289
3190 2289
3191 2289
3192 2289
3193 2289
3194 2289
3195 2289
3196 2289
3197 2289
3198 2289
3199 2289
3200 2289
3201 2288
3202 2288
3203 2288
3204 2288
3205 2288
3206 2287
3207 2286
3208 2286
3209 2286
3210 2286
3211 2286
3212 2285
3213 2285
3214 2285
3215 2285
3216 2284
3217 2284
3218 2284
3219 2284
3220 2284
3221 2284
3222 2284
3223 2284
3224 2284
3225 2284
3226 2284
3227 2283
3228 2283
3229 2283
3230 2283
3231 2282
3232 2281
3233 2281
3234 2280
3235 2280
3236 2280
3237 2279
3238 2277
3239 2275
3240 2273
3241 2273
3242 2273
3243 2273
3244 2273
3245 2273
3246 2273
3247 2272
3248 2272
3249 2272
3250 2272
3251 2272
3252 2272
3253 2272
3254 2272
3255 2272
3256 2272
3257 2272
3258 2272
3259 2272
3260 2272
3261 2272
3262 2271
3263 2271
3264 2271
3265 2271
3266 2271
3267 2270
3268 2270
3269 2270
3270 2270
3271 2270
3272 2270
3273 2268
3274 2268
3275 2268
3276 2268
3277 2268
3278 2268
3279 2267
3280 2267
3281 2267
3282 2266
3283 2266
3284 2266
3285 2266
3286 2266
3287 2266
3288 2266
3289 2266
3290 2266
3291 2266
3292 2266
3293 2266
3294 2266
3295 2266
3296 2266
3297 2266
3298 2266
3299 2266
3300 2266
3301 2264
3302 2261
3303 2259
3304 2259
3305 2259
3306 2259
3307 2259
3308 2259
3309 2259
3310 2259
3311 2259
3312 2258
3313 2258
3314 2256
3315 2254
3316 2253
3317 2253
3318 2253
3319 2252
3320 2251
3321 2251
3322 2251
3323 2251
3324 2251
3325 2251
3326 2251
3327 2251
3328 2251
3329 2251
3330 2251
3331 2251
3332 2251
3333 2250
3334 2250
3335 2250
3336 2250
3337 2250
3338 2250
3339 2250
3340 2250
3341 2250
3342 2250
3343 2250
3344 2249
3345 2249
3346 2249
3347 2249
3348 2248
3349 2247
3350 2247
3351 2247
3352 2246
3353 2246
3354 2245
3355 2245
3356 2245
3357 2245
3358 2244
3359 2243
3360 2243
3361 2242
3362 2242
3363 2242
3364 2242
3365 2242
3366 2242
3367 2242
3368 2242
3369 2239
3370 2237
3371 2233
3372 2233
3373 2232
3374 2231
3375 2231
3376 2231
3377 2231
3378 2230
3379 2230
3380 2230
3381 2230
3382 2230
3383 2230
3384 2230
3385 2230
3386 2230
3387 2230
3388 2230
3389 2230
3390 2230
3391 2230
3392 2229
3393 2229
3394 2229
3395 2229
3396 2229
3397 2229
3398 2229
3399 2229
3400 2229
3401 2229
3402 2229
3403 2228
3404 2228
3405 2228
3406 2228
3407 2227
3408 2227
3409 2227
3410 2227
3411 2227
3412 2227
3413 2227
3414 2227
3415 2227
3416 2226
3417 2226
3418 2226
3419 2226
3420 2226
3421 2226
3422 2226
3423 2226
3424 2225
3425 2225
3426 2225
3427 2225
3428 2225
3429 2225
3430 2225
3431 2225
3432 2225
3433 2224
3434 2224
3435 2224
3436 2224
3437 2224
3438 2222
3439 2219
3440 2216
3441 2209
3442 2209
3443 2209
3444 2209
3445 2209
3446 2209
3447 2208
3448 2208
3449 2208
3450 2208
3451 2208
3452 2208
3453 2208
3454 2208
3455 2208
3456 2208
3457 2207
3458 2207
3459 2207
3460 2207
3461 2207
3462 2207
3463 2206
3464 2206
3465 2205
3466 2205
3467 2205
3468 2205
3469 2205
3470 2205
3471 2204
3472 2203
3473 2203
3474 2203
3475 2203
3476 2203
3477 2202
3478 2201
3479 2201
3480 2201
3481 2201
3482 2201
3483 2201
3484 2201
3485 2201
3486 2201
3487 2199
3488 2199
3489 2199
3490 2199
3491 2199
3492 2198
3493 2198
3494 2198
3495 2198
3496 2197
3497 2197
3498 2197
3499 2197
3500 2197
3501 2197
3502 2197
3503 2197
3504 2196
3505 2196
3506 2193
3507 2193
3508 2191
3509 2186
3510 2186
3511 2186
3512 2186
3513 2186
3514 2186
3515 2186
3516 2186
3517 2186
3518 2186
3519 2186
3520 2186
3521 2186
3522 2186
3523 2186
3524 2186
3525 2186
3526 2186
3527 2186
3528 2186
3529 2186
3530 2186
3531 2185
3532 2185
3533 2185
3534 2185
3535 2185
3536 2185
3537 2184
3538 2183
3539 2182
3540 2182
3541 2182
3542 2182
3543 2182
3544 2182
3545 2182
3546 2182
3547 2182
3548 2182
3549 2181
3550 2181
3551 2181
3552 2181
3553 2181
3554 2179
3555 2178
3556 2178
3557 2178
3558 2178
3559 2178
3560 2177
3561 2177
3562 2177
3563 2177
3564 2177
3565 2177
3566 2176
3567 2176
3568 2176
3569 2176
3570 2176
3571 2176
3572 2173
3573 2167
3574 2161
3575 2161
3576 2159
3577 2159
3578 2159
3579 2159
3580 2159
3581 2159
3582 2159
3583 2158
3584 2158
3585 2158
3586 2158
3587 2158
3588 2158
3589 2158
3590 2158
3591 2158
3592 2158
3593 2158
3594 2158
3595 2158
3596 2157
3597 2157
3598 2157
3599 2156
3600 2156
3601 2156
3602 2155
3603 2154
3604 2154
3605 2154
3606 2154
3607 2154
3608 2154
3609 2154
3610 2154
3611 2154
3612 2154
3613 2154
3614 2153
3615 2153
3616 2153
3617 2153
3618 2153
3619 2153
3620 2152
3621 2152
3622 2152
3623 2152
3624 2152
3625 2152
3626 2152
3627 2152
3628 2152
3629 2152
3630 2152
3631 2152
3632 2147
3633 2145
3634 2139
3635 2139
3636 2139
3637 2139
3638 2139
3639 2139
3640 2138
3641 2138
3642 2138
3643 2137
3644 2137
3645 2136
3646 2135
3647 2134
3648 2133
3649 2133
3650 2133
3651 2133
3652 2132
3653 2131
3654 2131
3655 2130
3656 2130
3657 2130
3658 2129
3659 2129
3660 2129
3661 2129
3662 2128
3663 2128
3664 2127
3665 2127
3666 2127
3667 2127
3668 2127
3669 2127
3670 2127
3671 2127
3672 2126
3673 2126
3674 2126
3675 2126
3676 2126
3677 2126
3678 2126
3679 2126
3680 2126
3681 2126
3682 2126
3683 2126
3684 2126
3685 2126
3686 2125
3687 2122
3688 2118
3689 2113
3690 2113
3691 2113
3692 2113
3693 2113
3694 2113
3695 2113
3696 2113
3697 2113
3698 2113
3699 2113
3700 2113
3701 2113
3702 2113
3703 2113
3704 2113
3705 2113
3706 2113
3707 2113
3708 2113
3709 2113
3710 2113
3711 2113
3712 2113
3713 2113
3714 2113
3715 2113
3716 2113
3717 2113
3718 2113
3719 2113
3720 2113
3721 2113
3722 2113
3723 2113
3724 2113
3725 2113
3726 2113
3727 2113
3728 2113
3729 2113
3730 2113
3731 2113
3732 2113
3733 2113
3734 2113
3735 2113
3736 2113
3737 2113
3738 2113
3739 2113
3740 2113
3741 2113
3742 2113
3743 2113
3744 2113
3745 2113
3746 2113
3747 2113
3748 2113
3749 2113
3750 2113
3751 2113
3752 2113
3753 2112
3754 2110
3755 2106
3756 2102
3757 2102
3758 2102
3759 2102
3760 2102
3761 2102
3762 2102
3763 2102
3764 2102
3765 2102
3766 2102
3767 2102
3768 2102
3769 2102
3770 2102
3771 2102
3772 2102
3773 2102
3774 2102
3775 2102
3776 2102
3777 2102
3778 2102
3779 2102
3780 2102
3781 2102
3782 2102
3783 2102
3784 2102
3785 2102
3786 2102
3787 2102
3788 2102
3789 2102
3790 2102
3791 2102
3792 2102
3793 2102
3794 2102
3795 2102
3796 2102
3797 2102
3798 2102
3799 2102
3800 2102
3801 2102
3802 2102
3803 2102
3804 2102
3805 2102
3806 2102
3807 2102
3808 2102
3809 2102
3810 2102
3811 2102
3812 2102
3813 2102
3814 2102
3815 2102
3816 2102
3817 2102
3818 2102
3819 2102
3820 2102
3821 2102
3822 2099
3823 2090
3824 2089
3825 2089
3826 2089
3827 2089
3828 2089
3829 2089
3830 2089
3831 2089
3832 2089
3833 2089
3834 2089
3835 2089
3836 2089
3837 2089
3838 2089
3839 2089
3840 2089
3841 2089
3842 2089
3843 2089
3844 2089
3845 2089
3846 2089
3847 2089
3848 2089
3849 2089
3850 2089
3851 2089
3852 2089
3853 2089
3854 2089
3855 2089
3856 2089
3857 2089
3858 2089
3859 2089
3860 2089
3861 2089
3862 2089
3863 2089
3864 2089
3865 2089
3866 2089
3867 2089
3868 2089
3869 2089
3870 2089
3871 2089
3872 2089
3873 2089
3874 2089
3875 2089
3876 2089
3877 2089
3878 2089
3879 2089
3880 2089
3881 2089
3882 2089
3883 2089
3884 2089
3885 2089
3886 2089
3887 2089
3888 2089
3889 2089
3890 2087
3891 2082
3892 2079
3893 2076
3894 2076
3895 2076
3896 2076
3897 2076
3898 2076
3899 2076
3900 2076
3901 2076
3902 2076
3903 2076
3904 2076
3905 2076
3906 2076
3907 2076
3908 2076
3909 2076
3910 2076
3911 2076
3912 2076
3913 2076
3914 2076
3915 2076
3916 2076
3917 2076
3918 2076
3919 2076
3920 2076
3921 2076
3922 2076
3923 2076
3924 2076
3925 2076
3926 2076
3927 2076
3928 2076
3929 2076
3930 2076
3931 2076
3932 2076
3933 2076
3934 2076
3935 2076
3936 2076
3937 2076
3938 2076
3939 2076
3940 2076
3941 2076
3942 2076
3943 2076
3944 2076
3945 2076
3946 2076
3947 2076
3948 2076
3949 2076
3950 2076
3951 2076
3952 2076
3953 2076
3954 2076
3955 2076
3956 2076
3957 2076
3958 2076
3959 2076
3960 2075
3961 2071
3962 2063
3963 2063
3964 2063
3965 2063
3966 2063
3967 2063
3968 2063
3969 2063
3970 2063
3971 2063
3972 2063
3973 2063
3974 2063
3975 2063
3976 2063
3977 2063
3978 2063
3979 2063
3980 2063
3981 2063
3982 2063
3983 2063
3984 2063
3985 2063
3986 2063
3987 2063
3988 2063
3989 2063
3990 2063
3991 2063
3992 2063
3993 2063
3994 2063
3995 2063
3996 2063
3997 2063
3998 2063
3999 2063
4000 2063
4001 2063
4002 2063
4003 2063
4004 2063
4005 2063
4006 2063
4007 2063
4008 2063
4009 2063
4010 2063
4011 2063
4012 2063
4013 2063
4014 2063
4015 2063
4016 2063
4017 2063
4018 2063
4019 2063
4020 2063
4021 2063
4022 2063
4023 2063
4024 2063
4025 2063
4026 2059
4027 2054
4028 2049
4029 2049
4030 2049
4031 2049
4032 2049
4033 2049
4034 2049
4035 2049
4036 2049
4037 2049
4038 2049
4039 2049
4040 2049
4041 2049
4042 2049
4043 2049
4044 2049
4045 2049
4046 2049
4047 2049
4048 2049
4049 2049
4050 2049
4051 2049
4052 2049
4053 2049
4054 2049
4055 2049
4056 2049
4057 2049
4058 2049
4059 2049
4060 2049
4061 2049
4062 2049
4063 2049
4064 2049
4065 2049
4066 2049
4067 2049
4068 2049
4069 2049
4070 2049
4071 2049
4072 2049
4073 2049
4074 2049
4075 2049
4076 2049
4077 2049
4078 2049
4079 2049
4080 2049
4081 2049
4082 2049
4083 2049
4084 2049
4085 2049
4086 2049
4087 2049
4088 2049
4089 2049
4090 2049
4091 2049
4092 2049
4093 2047
4094 2042
4095 2036
4096 2036
4097 2036
4098 2036
4099 2036
4100 2036
4101 2036
4102 2036
4103 2036
4104 2036
4105 2036
4106 2036
4107 2036
4108 2036
4109 2036
4110 2036
4111 2036
4112 2036
4113 2036
4114 2036
4115 2036
4116 2036
4117 2036
4118 2036
4119 2036
4120 2036
4121 2036
4122 2036
4123 2036
4124 2036
4125 2036
4126 2036
4127 2036
4128 2036
4129 2036
4130 2036
4131 2036
4132 2036
4133 2036
4134 2036
4135 2036
4136 2036
4137 2036
4138 2036
4139 2036
4140 2036
4141 2036
4142 2036
4143 2036
4144 2036
4145 2036
4146 2036
4147 2036
4148 2036
4149 2036
4150 2036
4151 2036
4152 2036
4153 2036
4154 2036
4155 2036
4156 2036
4157 2036
4158 2036
4159 2034
4160 2031
4161 2028
4162 2025
4163 2025
4164 2025
4165 2025
4166 2025
4167 2025
4168 2025
4169 2025
4170 2025
4171 2025
4172 2025
4173 2025
4174 2025
4175 2025
4176 2025
4177 2025
4178 2025
4179 2025
4180 2025
4181 2025
4182 2025
4183 2025
4184 2025
4185 2025
4186 2025
4187 2025
4188 2025
4189 2025
4190 2025
4191 2025
4192 2025
4193 2025
4194 2025
4195 2025
4196 2025
4197 2025
4198 2025
4199 2025
4200 2025
4201 2025
4202 2025
4203 2025
4204 2025
4205 2025
4206 2025
4207 2025
4208 2025
4209 2025
4210 2025
4211 2025
4212 2025
4213 2025
4214 2025
4215 2025
4216 2025
4217 2025
4218 2025
4219 2025
4220 2025
4221 2025
4222 2025
4223 2025
4224 2025
4225 2025
4226 2025
4227 2015
4228 2014
4229 2008
4230 2008
4231 2008
4232 2008
4233 2008
4234 2008
4235 2008
4236 2008
4237 2008
4238 2008
4239 2008
4240 2008
4241 2008
4242 2008
4243 2008
4244 2008
4245 2008
4246 2008
4247 2008
4248 2008
4249 2008
4250 2008
4251 2008
4252 2008
4253 2008
4254 2008
4255 2008
4256 2008
4257 2008
4258 2008
4259 2008
4260 2008
4261 2008
4262 2008
4263 2008
4264 2008
4265 2008
4266 2008
4267 2008
4268 2008
4269 2008
4270 2008
4271 2008
4272 2008
4273 2008
4274 2008
4275 2008
4276 2008
4277 2008
4278 2008
4279 2008
4280 2008
4281 2008
4282 2008
4283 2008
4284 2008
4285 2008
4286 2008
4287 2008
4288 2008
4289 2008
4290 2008
4291 2008
4292 2008
4293 2006
4294 1998
4295 1995
4296 1994
4297 1994
4298 1994
4299 1994
4300 1994
4301 1994
4302 1994
4303 1994
4304 1994
4305 1994
4306 1994
4307 1994
4308 1994
4309 1994
4310 1994
4311 1994
4312 1994
4313 1994
4314 1994
4315 1994
4316 1994
4317 1994
4318 1994
4319 1994
4320 1994
4321 1994
4322 1994
4323 1994
4324 1994
4325 1994
4326 1994
4327 1994
4328 1994
4329 1994
4330 1994
4331 1994
4332 1994
4333 1994
4334 1994
4335 1994
4336 1994
4337 1994
4338 1994
4339 1994
4340 1994
4341 1994
4342 1994
4343 1994
4344 1994
4345 1994
4346 1994
4347 1994
4348 1994
4349 1994
4350 1994
4351 1994
4352 1994
4353 1994
4354 1994
4355 1994
4356 1994
4357 1994
4358 1994
4359 1991
4360 1986
4361 1981
4362 1981
4363 1981
4364 1981
4365 1981
4366 1981
4367 1981
4368 1981
4369 1981
4370 1981
4371 1981
4372 1981
4373 1981
4374 1981
4375 1981
4376 1981
4377 1981
4378 1981
4379 1981
4380 1981
4381 1981
4382 1981
4383 1981
4384 1981
4385 1981
4386 1981
4387 1981
4388 1981
4389 1981
4390 1981
4391 1981
4392 1981
4393 1981
4394 1981
4395 1981
4396 1981
4397 1981
4398 1981
4399 1981
4400 1981
4401 1981
4402 1981
4403 1981
4404 1981
4405 1981
4406 1981
4407 1981
4408 1981
4409 1981
4410 1981
4411 1981
4412 1981
4413 1981
4414 1981
4415 1981
4416 1981
4417 1981
4418 1981
4419 1981
4420 1981
4421 1981
4422 1981
4423 1981
4424 1981
4425 1981
4426 1979
4427 1971
4428 1969
4429 1965
4430 1965
4431 1965
4432 1965
4433 1965
4434 1965
4435 1965
4436 1965
4437 1965
4438 1965
4439 1965
4440 1965
4441 1965
4442 1965
4443 1965
4444 1965
4445 1965
4446 1965
4447 1965
4448 1965
4449 1965
4450 1965
4451 1965
4452 1965
4453 1965
4454 1965
4455 1965
4456 1965
4457 1965
4458 1965
4459 1965
4460 1965
4461 1965
4462 1965
4463 1965
4464 1965
4465 1965
4466 1965
4467 1965
4468 1965
4469 1965
4470 1965
4471 1965
4472 1965
4473 1965
4474 1965
4475 1965
4476 1965
4477 1965
4478 1965
4479 1965
4480 1965
4481 1965
4482 1965
4483 1965
4484 1965
4485 1965
4486 1965
4487 1965
4488 1965
4489 1965
4490 1965
4491 1965
4492 1965
4493 1965
4494 1962
4495 1959
4496 1954
4497 1953
4498 1953
4499 1953
4500 1953
4501 1953
4502 1953
4503 1953
4504 1953
4505 1953
4506 1953
4507 1953
4508 1953
4509 1953
4510 1953
4511 1953
4512 1953
4513 1953
4514 1953
4515 1953
4516 1953
4517 1953
4518 1953
4519 1953
4520 1953
4521 1953
4522 1953
4523 1953
4524 1953
4525 1953
4526 1953
4527 1953
4528 1953
4529 1953
4530 1953
4531 1953
4532 1953
4533 1953
4534 1953
4535 1953
4536 1953
4537 1953
4538 1953
4539 1953
4540 1953
4541 1953
4542 1953
4543 1953
4544 1953
4545 1953
4546 1953
4547 1953
4548 1953
4549 1953
4550 1953
4551 1953
4552 1953
4553 1953
4554 1953
4555 1953
4556 1953
4557 1953
4558 1953
4559 1953
4560 1953
4561 1953
4562 1950
4563 1946
4564 1944
4565 1944
4566 1944
4567 1944
4568 1944
4569 1944
4570 1944
4571 1944
4572 1944
4573 1944
4574 1944
4575 1944
4576 1944
4577 1944
4578 1944
4579 1944
4580 1944
4581 1944
4582 1944
4583 1944
4584 1944
4585 1944
4586 1944
4587 1944
4588 1944
4589 1944
4590 1944
4591 1944
4592 1944
4593 1944
4594 1944
4595 1944
4596 1944
4597 1944
4598 1944
4599 1944
4600 1944
4601 1944
4602 1944
4603 1944
4604 1944
4605 1944
4606 1944
4607 1944
4608 1944
4609 1944
4610 1944
4611 1944
4612 1944
4613 1944
4614 1944
4615 1944
4616 1944
4617 1944
4618 1944
4619 1944
4620 1944
4621 1944
4622 1944
4623 1944
4624 1944
4625 1944
4626 1944
4627 1944
4628 1944
4629 1942
4630 1936
4631 1934
4632 1932
4633 1932
4634 1932
4635 1932
4636 1932
4637 1932
4638 1932
4639 1932
4640 1932
4641 1932
4642 1932
4643 1932
4644 1932
4645 1932
4646 1932
4647 1932
4648 1932
4649 1932
4650 1932
4651 1932
4652 1932
4653 1932
4654 1932
4655 1932
4656 1932
4657 1932
4658 1932
4659 1932
4660 1932
4661 1932
4662 1932
4663 1932
4664 1932
4665 1932
4666 1932
4667 1932
4668 1932
4669 1932
4670 1932
4671 1932
4672 1932
4673 1932
4674 1932
4675 1932
4676 1932
4677 1932
4678 1932
4679 1932
4680 1932
4681 1932
4682 1932
4683 1932
4684 1932
4685 1932
4686 1932
4687 1932
4688 1932
4689 1932
4690 1932
4691 1932
4692 1932
4693 1932
4694 1932
4695 1932
4696 1932
4697 1932
4698 1931
4699 1927
4700 1921
4701 1917
4702 1917
4703 1917
4704 1917
4705 1917
4706 1917
4707 1917
4708 1917
4709 1917
4710 1917
4711 1917
4712 1917
4713 1917
4714 1917
4715 1917
4716 1917
4717 1917
4718 1917
4719 1917
4720 1917
4721 1917
4722 1917
4723 1917
4724 1917
4725 1917
4726 1917
4727 1917
4728 1917
4729 1917
4730 1917
4731 1917
4732 1917
4733 1917
4734 1917
4735 1917
4736 1917
4737 1917
4738 1917
4739 1917
4740 1917
4741 1917
4742 1917
4743 1917
4744 1917
4745 1917
4746 1917
4747 1917
4748 1917
4749 1917
4750 1917
4751 1917
4752 1917
4753 1917
4754 1917
4755 1917
4756 1917
4757 1917
4758 1917
4759 1917
4760 1917
4761 1917
4762 1917
4763 1917
4764 1914
4765 1911
4766 1909
4767 1907
4768 1907
4769 1907
4770 1907
4771 1907
4772 1907
4773 1907
4774 1907
4775 1907
4776 1907
4777 1907
4778 1907
4779 1907
4780 1907
4781 1907
4782 1907
4783 1907
4784 1907
4785 1907
4786 1907
4787 1907
4788 1907
4789 1907
4790 1907
4791 1907
4792 1907
4793 1907
4794 1907
4795 1907
4796 1907
4797 1907
4798 1907
4799 1907
4800 1907
4801 1907
4802 1907
4803 1907
4804 1907
4805 1907
4806 1907
4807 1907
4808 1907
4809 1907
4810 1907
4811 1907
4812 1907
4813 1907
4814 1907
4815 1907
4816 1907
4817 1907
4818 1907
4819 1907
4820 1907
4821 1907
4822 1907
4823 1907
4824 1907
4825 1907
4826 1907
4827 1907
4828 1907
4829 1907
4830 1907
4831 1907
4832 1907
4833 1907
4834 1907
4835 1907
4836 1905
4837 1901
4838 1898
4839 1898
4840 1898
4841 1898
4842 1898
4843 1898
4844 1898
4845 1898
4846 1898
4847 1898
4848 1898
4849 1898
4850 1898
4851 1898
4852 1898
4853 1898
4854 1898
4855 1898
4856 1898
4857 1898
4858 1898
4859 1898
4860 1898
4861 1898
4862 1898
4863 1898
4864 1898
4865 1898
4866 1898
4867 1898
4868 1898
4869 1898
4870 1898
4871 1898
4872 1898
4873 1898
4874 1898
4875 1898
4876 1898
4877 1898
4878 1898
4879 1898
4880 1898
4881 1898
4882 1898
4883 1898
4884 1898
4885 1898
4886 1898
4887 1898
4888 1898
4889 1898
4890 1898
4891 1898
4892 1898
4893 1898
4894 1898
4895 1898
4896 1898
4897 1898
4898 1898
4899 1898
4900 1898
4901 1898
4902 1898
4903 1898
4904 1898
4905 1898
4906 1898
4907 1893
4908 1889
4909 1884
4910 1884
4911 1884
4912 1884
4913 1884
4914 1884
4915 1884
4916 1884
4917 1884
4918 1884
4919 1884
4920 1884
4921 1884
4922 1884
4923 1884
4924 1884
4925 1884
4926 1884
4927 1884
4928 1884
4929 1884
4930 1884
4931 1884
4932 1884
4933 1884
4934 1884
4935 1884
4936 1884
4937 1884
4938 1884
4939 1884
4940 1884
4941 1884
4942 1884
4943 1884
4944 1884
4945 1884
4946 1884
4947 1884
4948 1884
4949 1884
4950 1884
4951 1884
4952 1884
4953 1884
4954 1884
4955 1884
4956 1884
4957 1884
4958 1884
4959 1884
4960 1884
4961 1884
4962 1884
4963 1884
4964 1884
4965 1884
4966 1884
4967 1884
4968 1884
4969 1884
4970 1884
4971 1884
4972 1884
4973 1884
4974 1884
4975 1884
4976 1884
4977 1884
4978 1884
4979 1880
4980 1873
4981 1871
4982 1869
4983 1869
4984 1869
4985 1869
4986 1869
4987 1869
4988 1869
4989 1869
4990 1869
4991 1869
4992 1869
4993 1869
4994 1869
4995 1869
4996 1869
4997 1869
4998 1869
4999 1869
5000 1869
5001 1869
5002 1869
5003 1869
5004 1869
5005 1869
5006 1869
5007 1869
5008 1869
5009 1869
5010 1869
5011 1869
5012 1869
5013 1869
5014 1869
5015 1869
5016 1869
5017 1869
5018 1869
5019 1869
5020 1869
5021 1869
5022 1869
5023 1869
5024 1869
5025 1869
5026 1869
5027 1869
5028 1869
5029 1869
5030 1869
5031 1869
5032 1869
5033 1869
5034 1869
5035 1869
5036 1869
5037 1869
5038 1869
5039 1869
5040 1869
5041 1869
5042 1869
5043 1869
5044 1869
5045 1869
5046 1869
5047 1869
5048 1869
5049 1868
5050 1863
5051 1863
5052 1859
5053 1859
5054 1859
5055 1859
5056 1859
5057 1859
5058 1859
5059 1859
5060 1859
5061 1859
5062 1859
5063 1859
5064 1859
5065 1859
5066 1859
5067 1859
5068 1859
5069 1859
5070 1859
5071 1859
5072 1859
5073 1859
5074 1859
5075 1859
5076 1859
5077 1859
5078 1859
5079 1859
5080 1859
5081 1859
5082 1859
5083 1859
5084 1859
5085 1859
5086 1859
5087 1859
5088 1859
5089 1859
5090 1859
5091 1859
5092 1859
5093 1859
5094 1859
5095 1859
5096 1859
5097 1859
5098 1859
5099 1859
5100 1859
5101 1859
5102 1859
5103 1859
5104 1859
5105 1859
5106 1859
5107 1859
5108 1859
5109 1859
5110 1859
5111 1859
5112 1859
5113 1859
5114 1859
5115 1859
5116 1859
5117 1856
5118 1851
5119 1847
5120 1845
5121 1845
5122 1845
5123 1845
5124 1845
5125 1845
5126 1845
5127 1845
5128 1845
5129 1845
5130 1845
5131 1845
5132 1845
5133 1845
5134 1845
5135 1845
5136 1845
5137 1845
5138 1845
5139 1845
5140 1845
5141 1845
5142 1845
5143 1845
5144 1845
5145 1845
5146 1845
5147 1845
5148 1845
5149 1845
5150 1845
5151 1845
5152 1845
5153 1845
5154 1845
5155 1845
5156 1845
5157 1845
5158 1845
5159 1845
5160 1845
5161 1845
5162 1845
5163 1845
5164 1845
5165 1845
5166 1845
5167 1845
5168 1845
5169 1845
5170 1845
5171 1845
5172 1845
5173 1845
5174 1845
5175 1845
5176 1845
5177 1845
5178 1845
5179 1845
5180 1845
5181 1845
5182 1845
5183 1845
5184 1845
5185 1845
5186 1845
5187 1839
5188 1838
5189 1832
5190 1828
5191 1828
5192 1828
5193 1828
5194 1828
5195 1828
5196 1828
5197 1828
5198 1828
5199 1828
5200 1828
5201 1828
5202 1828
5203 1828
5204 1828
5205 1828
5206 1828
5207 1828
5208 1828
5209 1828
5210 1828
5211 1828
5212 1828
5213 1828
5214 1828
5215 1828
5216 1828
5217 1828
5218 1828
5219 1828
5220 1828
5221 1828
5222 1828
5223 1828
5224 1828
5225 1828
5226 1828
5227 1828
5228 1828
5229 1828
5230 1828
5231 1828
5232 1828
5233 1828
5234 1828
5235 1828
5236 1828
5237 1828
5238 1828
5239 1828
5240 1828
5241 1828
5242 1828
5243 1828
5244 1828
5245 1828
5246 1828
5247 1828
5248 1828
5249 1828
5250 1828
5251 1828
5252 1828
5253 1828
5254 1828
5255 1828
5256 1828
5257 1828
5258 1826
5259 1819
5260 1813
5261 1813
5262 1813
5263 1813
5264 1813
5265 1813
5266 1813
5267 1813
5268 1813
5269 1813
5270 1813
5271 1813
5272 1813
5273 1813
5274 1813
5275 1813
5276 1813
5277 1813
5278 1813
5279 1813
5280 1813
5281 1813
5282 1813
5283 1813
5284 1813
5285 1813
5286 1813
5287 1813
5288 1813
5289 1813
5290 1813
5291 1813
5292 1813
5293 1813
5294 1813
5295 1813
5296 1813
5297 1813
5298 1813
5299 1813
5300 1813
5301 1813
5302 1813
5303 1813
5304 1813
5305 1813
5306 1813
5307 1813
5308 1813
5309 1813
5310 1813
5311 1813
5312 1813
5313 1813
5314 1813
5315 1813
5316 1813
5317 1813
5318 1813
5319 1813
5320 1813
5321 1813
5322 1813
5323 1813
5324 1813
5325 1813
5326 1813
5327 1809
5328 1807
5329 1806
5330 1806
5331 1806
5332 1806
5333 1806
5334 1806
5335 1806
5336 1806
5337 1806
5338 1806
5339 1806
5340 1806
5341 1806
5342 1806
5343 1806
5344 1806
5345 1806
5346 1806
5347 1806
5348 1806
5349 1806
5350 1806
5351 1806
5352 1806
5353 1806
5354 1806
5355 1806
5356 1806
5357 1806
5358 1806
5359 1806
5360 1806
5361 1806
5362 1806
5363 1806
5364 1806
5365 1806
5366 1806
5367 1806
5368 1806
5369 1806
5370 1806
5371 1806
5372 1806
5373 1806
5374 1806
5375 1806
5376 1806
5377 1806
5378 1806
5379 1806
5380 1806
5381 1806
5382 1806
5383 1806
5384 1806
5385 1806
5386 1806
5387 1806
5388 1806
5389 1806
5390 1806
5391 1806
5392 1806
5393 1806
5394 1806
5395 1806
5396 1806
5397 1802
5398 1800
5399 1798
5400 1797
5401 1797
5402 1797
5403 1797
5404 1797
5405 1797
5406 1797
5407 1797
5408 1797
5409 1797
5410 1797
5411 1797
5412 1797
5413 1797
5414 1797
5415 1797
5416 1797
5417 1797
5418 1797
5419 1797
5420 1797
5421 1797
5422 1797
5423 1797
5424 1797
5425 1797
5426 1797
5427 1797
5428 1797
5429 1797
5430 1797
5431 1797
5432 1797
5433 1797
5434 1797
5435 1797
5436 1797
5437 1797
5438 1797
5439 1797
5440 1797
5441 1797
5442 1797
5443 1797
5444 1797
5445 1797
5446 1797
5447 1797
5448 1797
5449 1797
5450 1797
5451 1797
5452 1797
5453 1797
5454 1797
5455 1797
5456 1797
5457 1797
5458 1797
5459 1797
5460 1797
5461 1797
5462 1797
5463 1797
5464 1796
5465 1793
5466 1789
5467 1784
5468 1784
5469 1784
5470 1784
5471 1784
5472 1784
5473 1784
5474 1784
5475 1784
5476 1784
5477 1784
5478 1784
5479 1784
5480 1784
5481 1784
5482 1784
5483 1784
5484 1784
5485 1784
5486 1784
5487 1784
5488 1784
5489 1784
5490 1784
5491 1784
5492 1784
5493 1784
5494 1784
5495 1784
5496 1784
5497 1784
5498 1784
5499 1784
5500 1784
5501 1784
5502 1784
5503 1784
5504 1784
5505 1784
5506 1784
5507 1784
5508 1784
5509 1784
5510 1784
5511 1784
5512 1784
5513 1784
5514 1784
5515 1784
5516 1784
5517 1784
5518 1784
5519 1784
5520 1784
5521 1784
5522 1784
5523 1784
5524 1784
5525 1784
5526 1784
5527 1784
5528 1784
5529 1784
5530 1784
5531 1784
5532 1783
5533 1779
5534 1777
5535 1775
5536 1775
5537 1775
5538 1775
5539 1775
5540 1775
5541 1775
5542 1775
5543 1775
5544 1775
5545 1775
5546 1775
5547 1775
5548 1775
5549 1775
5550 1775
5551 1775
5552 1775
5553 1775
5554 1775
5555 1775
5556 1775
5557 1775
5558 1775
5559 1775
5560 1775
5561 1775
5562 1775
5563 1775
5564 1775
5565 1775
5566 1775
5567 1775
5568 1775
5569 1775
5570 1775
5571 1775
5572 1775
5573 1775
5574 1775
5575 1775
5576 1775
5577 1775
5578 1775
5579 1775
5580 1775
5581 1775
5582 1775
5583 1775
5584 1775
5585 1775
5586 1775
5587 1775
5588 1775
5589 1775
5590 1775
5591 1775
5592 1775
5593 1775
5594 1775
5595 1775
5596 1775
5597 1775
5598 1769
5599 1765
5600 1765
5601 1765
5602 1765
5603 1765
5604 1765
5605 1765
5606 1765
5607 1765
5608 1765
5609 1765
5610 1765
5611 1765
5612 1765
5613 1765
5614 1765
5615 1765
5616 1765
5617 1765
5618 1765
5619 1765
5620 1765
5621 1765
5622 1765
5623 1765
5624 1765
5625 1765
5626 1765
5627 1765
5628 1765
5629 1765
5630 1765
5631 1765
5632 1765
5633 1765
5634 1765
5635 1765
5636 1765
5637 1765
5638 1765
5639 1765
5640 1765
5641 1765
5642 1765
5643 1765
5644 1765
5645 1765
5646 1765
5647 1765
5648 1765
5649 1765
5650 1765
5651 1765
5652 1765
5653 1765
5654 1765
5655 1765
5656 1765
5657 1765
5658 1765
5659 1765
5660 1765
5661 1765
5662 1765
5663 1765
5664 1765
5665 1759
5666 1756
5667 1749
5668 1749
5669 1749
5670 1749
5671 1749
5672 1749
5673 1749
5674 1749
5675 1749
5676 1749
5677 1749
5678 1749
5679 1749
5680 1749
5681 1749
5682 1749
5683 1749
5684 1749
5685 1749
5686 1749
5687 1749
5688 1749
5689 1749
5690 1749
5691 1749
5692 1749
5693 1749
5694 1749
5695 1749
5696 1749
5697 1749
5698 1749
5699 1749
5700 1749
5701 1749
5702 1749
5703 1749
5704 1749
5705 1749
5706 1749
5707 1749
5708 1749
5709 1749
5710 1749
5711 1749
5712 1749
5713 1749
5714 1749
5715 1749
5716 1749
5717 1749
5718 1749
5719 1749
5720 1749
5721 1749
5722 1749
5723 1749
5724 1749
5725 1749
5726 1749
5727 1749
5728 1749
5729 1747
5730 1745
5731 1743
5732 1743
5733 1743
5734 1743
5735 1743
5736 1743
5737 1743
5738 1743
5739 1743
5740 1743
5741 1743
5742 1743
5743 1743
5744 1743
5745 1743
5746 1743
5747 1743
5748 1743
5749 1743
5750 1743
5751 1743
5752 1743
5753 1743
5754 1743
5755 1743
5756 1743
5757 1743
5758 1743
5759 1743
5760 1743
5761 1743
5762 1743
5763 1743
5764 1743
5765 1743
5766 1743
5767 1743
5768 1743
5769 1743
5770 1743
5771 1743
5772 1743
5773 1743
5774 1743
5775 1743
5776 1743
5777 1743
5778 1743
5779 1743
5780 1743
5781 1743
5782 1743
5783 1743
5784 1743
5785 1743
5786 1743
5787 1743
5788 1743
5789 1743
5790 1743
5791 1743
5792 1743
5793 1743
5794 1741
5795 1736
5796 1734
5797 1734
5798 1734
5799 1734
5800 1734
5801 1734
5802 1734
5803 1734
5804 1734
5805 1734
5806 1734
5807 1734
5808 1734
5809 1734
5810 1734
5811 1734
5812 1734
5813 1734
5814 1734
5815 1734
5816 1734
5817 1734
5818 1734
5819 1734
5820 1734
5821 1734
5822 1734
5823 1734
5824 1734
5825 1734
5826 1734
5827 1734
5828 1734
5829 1734
5830 1734
5831 1734
5832 1734
5833 1734
5834 1734
5835 1734
5836 1734
5837 1734
5838 1734
5839 1734
5840 1734
5841 1734
5842 1734
5843 1734
5844 1734
5845 1734
5846 1734
5847 1734
5848 1734
5849 1734
5850 1734
5851 1734
5852 1734
5853 1734
5854 1734
5855 1734
5856 1734
5857 1734
5858 1734
5859 1734
5860 1734
5861 1730
5862 1726
5863 1721
5864 1721
5865 1721
5866 1721
5867 1721
5868 1721
5869 1721
5870 1721
5871 1721
5872 1721
5873 1721
5874 1721
5875 1721
5876 1721
5877 1721
5878 1721
5879 1721
5880 1721
5881 1721
5882 1721
5883 1721
5884 1721
5885 1721
5886 1721
5887 1721
5888 1721
5889 1721
5890 1721
5891 1721
5892 1721
5893 1721
5894 1721
5895 1721
5896 1721
5897 1721
5898 1721
5899 1721
5900 1721
5901 1721
5902 1721
5903 1721
5904 1721
5905 1721
5906 1721
5907 1721
5908 1721
5909 1721
5910 1721
5911 1721
5912 1721
5913 1721
5914 1721
5915 1721
5916 1721
5917 1721
5918 1721
5919 1721
5920 1721
5921 1721
5922 1721
5923 1721
5924 1721
5925 1721
5926 1721
5927 1720
5928 1718
5929 1712
5930 1706
5931 1706
5932 1706
5933 1706
5934 1706
5935 1706
5936 1706
5937 1706
5938 1706
5939 1706
5940 1706
5941 1706
5942 1706
5943 1706
5944 1706
5945 1706
5946 1706
5947 1706
5948 1706
5949 1706
5950 1706
5951 1706
5952 1706
5953 1706
5954 1706
5955 1706
5956 1706
5957 1706
5958 1706
5959 1706
5960 1706
5961 1706
5962 1706
5963 1706
5964 1706
5965 1706
5966 1706
5967 1706
5968 1706
5969 1706
5970 1706
5971 1706
5972 1706
5973 1706
5974 1706
5975 1706
5976 1706
5977 1706
5978 1706
5979 1706
5980 1706
5981 1706
5982 1706
5983 1706
5984 1706
5985 1706
5986 1706
5987 1706
5988 1706
5989 1706
5990 1706
5991 1706
5992 1706
5993 1706
5994 1706
5995 1704
5996 1703
5997 1699
5998 1699
5999 1699
6000 1699
6001 1699
6002 1699
6003 1699
6004 1699
6005 1699
6006 1699
6007 1699
6008 1699
6009 1699
6010 1699
6011 1699
6012 1699
6013 1699
6014 1699
6015 1699
6016 1699
6017 1699
6018 1699
6019 1699
6020 1699
6021 1699
6022 1699
6023 1699
6024 1699
6025 1699
6026 1699
6027 1699
6028 1699
6029 1699
6030 1699
6031 1699
6032 1699
6033 1699
6034 1699
6035 1699
6036 1699
6037 1699
6038 1699
6039 1699
6040 1699
6041 1699
6042 1699
6043 1699
6044 1699
6045 1699
6046 1699
6047 1699
6048 1699
6049 1699
6050 1699
6051 1699
6052 1699
6053 1699
6054 1699
6055 1699
6056 1699
6057 1699
6058 1699
6059 1699
6060 1696
6061 1695
6062 1691
6063 1691
6064 1691
6065 1691
6066 1691
6067 1691
6068 1691
6069 1691
6070 1691
6071 1691
6072 1691
6073 1691
6074 1691
6075 1691
6076 1691
6077 1691
6078 1691
6079 1691
6080 1691
6081 1691
6082 1691
6083 1691
6084 1691
6085 1691
6086 1691
6087 1691
6088 1691
6089 1691
6090 1691
6091 1691
6092 1691
6093 1691
6094 1691
6095 1691
6096 1691
6097 1691
6098 1691
6099 1691
6100 1691
6101 1691
6102 1691
6103 1691
6104 1691
6105 1691
6106 1691
6107 1691
6108 1691
6109 1691
6110 1691
6111 1691
6112 1691
6113 1691
6114 1691
6115 1691
6116 1691
6117 1691
6118 1691
6119 1691
6120 1691
6121 1691
6122 1691
6123 1691
6124 1691
6125 1691
6126 1687
6127 1681
6128 1672
6129 1669
6130 1669
6131 1669
6132 1669
6133 1669
6134 1669
6135 1669
6136 1669
6137 1669
6138 1669
6139 1669
6140 1669
6141 1669
6142 1669
6143 1669
6144 1669
6145 1669
6146 1669
6147 1669
6148 1669
6149 1669
6150 1669
6151 1669
6152 1669
6153 1669
6154 1669
6155 1669
6156 1669
6157 1669
6158 1669
6159 1669
6160 1669
6161 1669
6162 1669
6163 1669
6164 1669
6165 1669
6166 1669
6167 1669
6168 1669
6169 1669
6170 1669
6171 1669
6172 1669
6173 1669
6174 1669
6175 1669
6176 1669
6177 1669
6178 1669
6179 1669
6180 1669
6181 1669
6182 1669
6183 1669
6184 1669
6185 1669
6186 1669
6187 1669
6188 1669
6189 1669
6190 1669
6191 1669
6192 1669
6193 1662
6194 1660
6195 1658
6196 1658
6197 1658
6198 1658
6199 1658
6200 1658
6201 1658
6202 1658
6203 1658
6204 1658
6205 1658
6206 1658
6207 1658
6208 1658
6209 1658
6210 1658
6211 1658
6212 1658
6213 1658
6214 1658
6215 1658
6216 1658
6217 1658
6218 1658
6219 1658
6220 1658
6221 1658
6222 1658
6223 1658
6224 1658
6225 1658
6226 1658
6227 1658
6228 1658
6229 1658
6230 1658
6231 1658
6232 1658
6233 1658
6234 1658
6235 1658
6236 1658
6237 1658
6238 1658
6239 1658
6240 1658
6241 1658
6242 1658
6243 1658
6244 1658
6245 1658
6246 1658
6247 1658
6248 1658
6249 1658
6250 1658
6251 1658
6252 1658
6253 1658
6254 1658
6255 1658
6256 1658
6257 1658
6258 1658
6259 1658
6260 1653
6261 1646
6262 1644
6263 1644
6264 1644
6265 1644
6266 1644
6267 1644
6268 1644
6269 1644
6270 1644
6271 1644
6272 1644
6273 1644
6274 1644
6275 1644
6276 1644
6277 1644
6278 1644
6279 1644
6280 1644
6281 1644
6282 1644
6283 1644
6284 1644
6285 1644
6286 1644
6287 1644
6288 1644
6289 1644
6290 1644
6291 1644
6292 1644
6293 1644
6294 1644
6295 1644
6296 1644
6297 1644
6298 1644
6299 1644
6300 1644
6301 1644
6302 1644
6303 1644
6304 1644
6305 1644
6306 1644
6307 1644
6308 1644
6309 1644
6310 1644
6311 1644
6312 1644
6313 1644
6314 1644
6315 1644
6316 1644
6317 1644
6318 1644
6319 1644
6320 1644
6321 1644
6322 1644
6323 1644
6324 1644
6325 1644
6326 1644
6327 1640
6328 1634
6329 1632
6330 1632
6331 1632
6332 1632
6333 1632
6334 1632
6335 1632
6336 1632
6337 1632
6338 1632
6339 1632
6340 1632
6341 1632
6342 1632
6343 1632
6344 1632
6345 1632
6346 1632
6347 1632
6348 1632
6349 1632
6350 1632
6351 1632
6352 1632
6353 1632
6354 1632
6355 1632
6356 1632
6357 1632
6358 1632
6359 1632
6360 1632
6361 1632
6362 1632
6363 1632
6364 1632
6365 1632
6366 1632
6367 1632
6368 1632
6369 1632
6370 1632
6371 1632
6372 1632
6373 1632
6374 1632
6375 1632
6376 1632
6377 1632
6378 1632
6379 1632
6380 1632
6381 1632
6382 1632
6383 1632
6384 1632
6385 1632
6386 1632
6387 1632
6388 1632
6389 1632
6390 1632
6391 1632
6392 1632
6393 1632
6394 1632
6395 1628
6396 1620
6397 1620
6398 1620
6399 1620
6400 1620
6401 1620
6402 1620
6403 1620
6404 1665
6405 1688
6406 1735
6407 1865
6408 1958
6409 2054
6410 2284
6411 2739
6412 3406
6413 4912
6414 6629
6415 8370
6416 13011
6417 16161
6418 18312
6419 20391
6420 22492
6421 26120
6422 28676
6423 30945
6424 33285
6425 35839
6426 37878
6427 40007
6428 43127
6429 45378
6430 48850
6431 50345
6432 53556
6433 55377
6434 57806
6435 61415
6436 62206
6437 64751
6438 66721
6439 69813
6440 73204
6441 76376
6442 79043
6443 82354
6444 85206
6445 87016
6446 89361
6447 92854
6448 95441
6449 97942
6450 99516
6451 101475
6452 103343
6453 105627
6454 108602
6455 110882
6456 112363
6457 115081
6458 116375
6459 118286
6460 121052
6461 124353
6462 126419
6463 127199
6464 129394
6465 130918
6466 133201
6467 134611
6468 135887
6469 137129
6470 138605
6471 140134
6472 142457
6473 143869
6474 145611
6475 147263
6476 148299
6477 150161
6478 151493
6479 153004
6480 154028
6481 155092
6482 155844
6483 156594
6484 157690
6485 158206
6486 159335
6487 159876
6488 161169
6489 161934
6490 162535
6491 163642
6492 164156
6493 164842
6494 165856
6495 166352
6496 166932
6497 167739
6498 168366
6499 169032
