1 10
2 2738
3 2784
4 2784
5 2784
6 2784
7 2784
8 2784
9 2784
10 2784
11 2784
12 2784
13 2784
14 2784
15 2784
16 2784
17 2784
18 2784
19 2784
20 2784
21 2784
22 2784
23 2784
24 2784
25 2784
26 2784
27 2784
28 2784
29 2784
30 2784
31 2784
32 2784
33 2784
34 2784
35 2784
36 2784
37 2784
38 2784
39 2784
40 2784
41 2784
42 2784
43 2784
44 2784
45 2784
46 2784
47 2784
48 2784
49 2784
50 2784
51 2784
52 2784
53 2784
54 2784
55 2784
56 2784
57 2784
58 2784
59 2784
60 2784
61 2784
62 2784
63 2784
64 2784
65 2784
66 2784
67 2784
68 2784
69 2784
70 2784
71 2784
72 2784
73 2784
74 2784
75 2784
76 2784
77 2784
78 2784
79 2784
80 2784
81 2784
82 2784
83 2784
84 2784
85 2784
86 2784
87 2784
88 2784
89 2784
90 2784
91 2784
92 2784
93 2784
94 2784
95 2784
96 2784
97 2784
98 2784
99 2784
100 2784
101 2784
102 2784
103 2784
104 2784
105 2784
106 2784
107 2784
108 2784
109 2784
110 2784
111 2784
112 2784
113 2784
114 2784
115 2784
116 2784
117 2784
118 2784
119 2784
120 2784
121 2784
122 2784
123 2784
124 2784
125 2784
126 2784
127 2784
128 2784
129 2784
130 2784
131 2784
132 2784
133 2784
134 2784
135 2784
136 2784
137 2784
138 2784
139 2784
140 2784
141 2784
142 2784
143 2784
144 2784
145 2784
146 2784
147 2784
148 2784
149 2784
150 2784
151 2784
152 2784
153 2784
154 2784
155 2784
156 2784
157 2784
158 2784
159 2784
160 2784
161 2784
162 2784
163 2784
164 2784
165 2784
166 2784
167 2784
168 2784
169 2784
170 2784
171 2784
172 2784
173 2784
174 2784
175 2784
176 2784
177 2784
178 2784
179 2784
180 2784
181 2784
182 2784
183 2784
184 2784
185 2784
186 2784
187 2784
188 2784
189 2784
190 2784
191 2784
192 2784
193 2784
194 2784
195 2784
196 2784
197 2784
198 2784
199 2784
200 2784
201 2784
202 2784
203 2784
204 2784
205 2784
206 2784
207 2784
208 2784
209 2784
210 2784
211 2784
212 2784
213 2784
214 2784
215 2784
216 2784
217 2784
218 2784
219 2784
220 2784
221 2784
222 2784
223 2784
224 2784
225 2784
226 2784
227 2784
228 2784
229 2784
230 2784
231 2784
232 2784
233 2784
234 2784
235 2784
236 2784
237 2784
238 2784
239 2784
240 2784
241 2784
242 2784
243 2784
244 2784
245 2784
246 2784
247 2784
248 2784
249 2784
250 2784
251 2784
252 2784
253 2784
254 2784
255 2784
256 2784
257 2784
258 2784
259 2784
260 2784
261 2784
262 2784
263 2784
264 2784
265 2784
266 2784
267 2784
268 2784
269 2784
270 2784
271 2784
272 2784
273 2784
274 2784
275 2784
276 2784
277 2784
278 2784
279 2784
280 2784
281 2784
282 2784
283 2784
284 2784
285 2784
286 2784
287 2784
288 2784
289 2784
290 2784
291 2784
292 2784
293 2784
294 2784
295 2784
296 2784
297 2784
298 2784
299 2784
300 2784
301 2784
302 2784
303 2784
304 2784
305 2784
306 2784
307 2784
308 2784
309 2784
310 2784
311 2784
312 2784
313 2784
314 2784
315 2784
316 2784
317 2784
318 2784
319 2784
320 2784
321 2784
322 2784
323 2784
324 2784
325 2784
326 2784
327 2784
328 2784
329 2784
330 2784
331 2784
332 2784
333 2784
334 2784
335 2784
336 2784
337 2784
338 2784
339 2784
340 2784
341 2784
342 2784
343 2784
344 2784
345 2784
346 2784
347 2784
348 2784
349 2784
350 2784
351 2784
352 2784
353 2784
354 2784
355 2784
356 2784
357 2784
358 2784
359 2784
360 2784
361 2784
362 2784
363 2784
364 2784
365 2784
366 2784
367 2784
368 2784
369 2784
370 2784
371 2784
372 2784
373 2784
374 2784
375 2784
376 2784
377 2784
378 2784
379 2784
380 2784
381 2784
382 2784
383 2784
384 2784
385 2784
386 2784
387 2784
388 2784
389 2784
390 2784
391 2784
392 2784
393 2784
394 2784
395 2784
396 2784
397 2784
398 2784
399 2784
400 2784
401 2784
402 2784
403 2784
404 2784
405 2784
406 2784
407 2784
408 2784
409 2784
410 2784
411 2784
412 2784
413 2784
414 2784
415 2784
416 2784
417 2784
418 2784
419 2784
420 2784
421 2784
422 2784
423 2784
424 2784
425 2784
426 2784
427 2784
428 2784
429 2784
430 2784
431 2784
432 2784
433 2784
434 2784
435 2784
436 2784
437 2784
438 2784
439 2784
440 2784
441 2784
442 2784
443 2784
444 2784
445 2784
446 2784
447 2784
448 2784
449 2784
450 2784
451 2784
452 2784
453 2784
454 2784
455 2784
456 2784
457 2784
458 2784
459 2784
460 2784
461 2784
462 2784
463 2784
464 2784
465 2784
466 2784
467 2784
468 2784
469 2784
470 2784
471 2784
472 2784
473 2784
474 2784
475 2784
476 2784
477 2784
478 2784
479 2784
480 2784
481 2784
482 2784
483 2784
484 2784
485 2784
486 2784
487 2784
488 2784
489 2784
490 2784
491 2784
492 2784
493 2784
494 2784
495 2784
496 2784
497 2784
498 2784
499 2784
500 2784
501 2784
502 2784
503 2784
504 2784
505 2784
506 2784
507 2784
508 2784
509 2784
510 2784
511 2784
512 2784
513 2784
514 2784
515 2784
516 2784
517 2784
518 2784
519 2784
520 2784
521 2784
522 2784
523 2784
524 2784
525 2784
526 2784
527 2784
528 2784
529 2784
530 2784
531 2784
532 2784
533 2784
534 2784
535 2784
536 2784
537 2784
538 2784
539 2784
540 2784
541 2784
542 2784
543 2784
544 2784
545 2784
546 2784
547 2784
548 2784
549 2784
550 2784
551 2784
552 2784
553 2784
554 2784
555 2784
556 2784
557 2784
558 2784
559 2784
560 2784
561 2784
562 2784
563 2784
564 2784
565 2784
566 2784
567 2784
568 2784
569 2784
570 2784
571 2784
572 2784
573 2784
574 2784
575 2784
576 2784
577 2784
578 2784
579 2784
580 2784
581 2784
582 2784
583 2784
584 2784
585 2784
586 2784
587 2784
588 2784
589 2784
590 2784
591 2784
592 2784
593 2784
594 2784
595 2784
596 2784
597 2784
598 2784
599 2784
600 2784
601 2784
602 2784
603 2784
604 2784
605 2784
606 2784
607 2784
608 2784
609 2784
610 2784
611 2784
612 2784
613 2784
614 2784
615 2784
616 2784
617 2784
618 2784
619 2784
620 2784
621 2784
622 2784
623 2784
624 2784
625 2784
626 2784
627 2784
628 2784
629 2784
630 2784
631 2784
632 2784
633 2784
634 2784
635 2784
636 2784
637 2784
638 2784
639 2784
640 2784
641 2784
642 2784
643 2784
644 2784
645 2784
646 2784
647 2784
648 2784
649 2784
650 2784
651 2784
652 2784
653 2784
654 2784
655 2784
656 2784
657 2784
658 2784
659 2784
660 2784
661 2784
662 2784
663 2784
664 2784
665 2784
666 2784
667 2784
668 2784
669 2784
670 2784
671 2784
672 2784
673 2784
674 2784
675 2784
676 2784
677 2784
678 2784
679 2784
680 2784
681 2784
682 2784
683 2784
684 2784
685 2784
686 2784
687 2784
688 2784
689 2784
690 2784
691 2784
692 2784
693 2784
694 2784
695 2784
696 2784
697 2784
698 2784
699 2784
700 2784
701 2784
702 2784
703 2784
704 2784
705 2784
706 2784
707 2784
708 2784
709 2784
710 2784
711 2784
712 2784
713 2784
714 2784
715 2784
716 2784
717 2784
718 2784
719 2784
720 2784
721 2784
722 2784
723 2784
724 2784
725 2784
726 2784
727 2784
728 2784
729 2784
730 2784
731 2784
732 2784
733 2784
734 2784
735 2784
736 2784
737 2784
738 2784
739 2784
740 2784
741 2784
742 2784
743 2784
744 2784
745 2784
746 2784
747 2784
748 2784
749 2784
750 2784
751 2784
752 2784
753 2784
754 2784
755 2784
756 2784
757 2784
758 2784
759 2784
760 2784
761 2784
762 2784
763 2784
764 2784
765 2784
766 2784
767 2784
768 2784
769 2784
770 2784
771 2784
772 2784
773 2784
774 2784
775 2784
776 2784
777 2784
778 2784
779 2784
780 2784
781 2784
782 2784
783 2784
784 2784
785 2784
786 2784
787 2784
788 2784
789 2784
790 2784
791 2784
792 2784
793 2784
794 2784
795 2784
796 2784
797 2784
798 2784
799 2784
800 2784
801 2784
802 2784
803 2784
804 2784
805 2784
806 2784
807 2784
808 2784
809 2784
810 2784
811 2784
812 2784
813 2784
814 2784
815 2784
816 2784
817 2784
818 2784
819 2784
820 2784
821 2784
822 2784
823 2784
824 2784
825 2784
826 2784
827 2784
828 2784
829 2784
830 2784
831 2784
832 2784
833 2784
834 2784
835 2784
836 2784
837 2784
838 2784
839 2784
840 2784
841 2784
842 2784
843 2784
844 2784
845 2784
846 2784
847 2784
848 2784
849 2784
850 2784
851 2784
852 2784
853 2784
854 2784
855 2784
856 2784
857 2784
858 2784
859 2784
860 2784
861 2784
862 2784
863 2784
864 2784
865 2784
866 2784
867 2784
868 2784
869 2784
870 2784
871 2784
872 2784
873 2784
874 2784
875 2784
876 2784
877 2784
878 2784
879 2784
880 2784
881 2784
882 2784
883 2784
884 2784
885 2784
886 2784
887 2784
888 2784
889 2784
890 2784
891 2784
892 2784
893 2784
894 2784
895 2784
896 2784
897 2784
898 2784
899 2784
900 2784
901 2784
902 2784
903 2784
904 2784
905 2784
906 2784
907 2784
908 2784
909 2784
910 2784
911 2784
912 2784
913 2784
914 2784
915 2784
916 2784
917 2784
918 2784
919 2784
920 2784
921 2784
922 2784
923 2784
924 2784
925 2784
926 2784
927 2784
928 2784
929 2784
930 2784
931 2784
932 2784
933 2784
934 2784
935 2784
936 2784
937 2784
938 2784
939 2784
940 2784
941 2784
942 2784
943 2784
944 2784
945 2784
946 2784
947 2784
948 2784
949 2784
950 2784
951 2784
952 2784
953 2784
954 2784
955 2784
956 2784
957 2784
958 2784
959 2784
960 2784
961 2784
962 2784
963 2784
964 2784
965 2784
966 2784
967 2784
968 2784
969 2784
970 2784
971 2784
972 2784
973 2784
974 2784
975 2784
976 2784
977 2784
978 2784
979 2784
980 2784
981 2784
982 2784
983 2784
984 2784
985 2784
986 2784
987 2784
988 2784
989 2784
990 2784
991 2784
992 2784
993 2784
994 2784
995 2784
996 2784
997 2784
998 2784
999 2784
1000 2784
1001 2784
1002 2784
1003 2784
1004 2784
1005 2784
1006 2784
1007 2784
1008 2784
1009 2784
1010 2784
1011 2784
1012 2784
1013 2784
1014 2784
1015 2784
1016 2784
1017 2784
1018 2784
1019 2784
1020 2784
1021 2784
1022 2784
1023 2784
1024 2784
1025 2784
1026 2784
1027 2784
1028 2784
1029 2784
1030 2784
1031 2784
1032 2784
1033 2784
1034 2784
1035 2784
1036 2784
1037 2784
1038 2784
1039 2784
1040 2784
1041 2784
1042 2784
1043 2784
1044 2784
1045 2784
1046 2784
1047 2784
1048 2784
1049 2784
1050 2784
1051 2784
1052 2784
1053 2784
1054 2784
1055 2784
1056 2784
1057 2784
1058 2784
1059 2784
1060 2784
1061 2784
1062 2784
1063 2784
1064 2784
1065 2784
1066 2784
1067 2784
1068 2784
1069 2784
1070 2784
1071 2784
1072 2784
1073 2784
1074 2784
1075 2784
1076 2784
1077 2784
1078 2784
1079 2784
1080 2784
1081 2784
1082 2784
1083 2784
1084 2784
1085 2784
1086 2784
1087 2784
1088 2784
1089 2784
1090 2784
1091 2784
1092 2784
1093 2784
1094 2784
1095 2784
1096 2784
1097 2784
1098 2784
1099 2784
1100 2784
1101 2784
1102 2784
1103 2784
1104 2784
1105 2784
1106 2784
1107 2784
1108 2784
1109 2784
1110 2784
1111 2784
1112 2784
1113 2784
1114 2784
1115 2784
1116 2784
1117 2784
1118 2784
1119 2784
1120 2784
1121 2784
1122 2784
1123 2784
1124 2784
1125 2784
1126 2784
1127 2784
1128 2784
1129 2784
1130 2784
1131 2784
1132 2784
1133 2784
1134 2784
1135 2784
1136 2784
1137 2784
1138 2784
1139 2784
1140 2784
1141 2784
1142 2784
1143 2784
1144 2784
1145 2784
1146 2784
1147 2784
1148 2784
1149 2784
1150 2784
1151 2784
1152 2784
1153 2784
1154 2784
1155 2784
1156 2784
1157 2784
1158 2784
1159 2784
1160 2784
1161 2784
1162 2784
1163 2784
1164 2784
1165 2784
1166 2784
1167 2784
1168 2784
1169 2784
1170 2784
1171 2784
1172 2784
1173 2784
1174 2784
1175 2784
1176 2784
1177 2784
1178 2784
1179 2784
1180 2784
1181 2784
1182 2784
1183 2784
1184 2784
1185 2784
1186 2784
1187 2784
1188 2784
1189 2784
1190 2784
1191 2784
1192 2784
1193 2784
1194 2784
1195 2784
1196 2784
1197 2784
1198 2784
1199 2784
1200 2784
1201 2784
1202 2784
1203 2784
1204 2784
1205 2784
1206 2784
1207 2784
1208 2784
1209 2784
1210 2784
1211 2784
1212 2784
1213 2784
1214 2784
1215 2784
1216 2784
1217 2784
1218 2784
1219 2784
1220 2784
1221 2784
1222 2784
1223 2784
1224 2784
1225 2784
1226 2784
1227 2784
1228 2784
1229 2784
1230 2784
1231 2784
1232 2784
1233 2784
1234 2784
1235 2784
1236 2784
1237 2784
1238 2784
1239 2784
1240 2784
1241 2784
1242 2784
1243 2784
1244 2784
1245 2784
1246 2784
1247 2784
1248 2784
1249 2784
1250 2784
1251 2784
1252 2784
1253 2784
1254 2784
1255 2784
1256 2784
1257 2784
1258 2784
1259 2784
1260 2784
1261 2784
1262 2784
1263 2784
1264 2784
1265 2784
1266 2784
1267 2784
1268 2784
1269 2784
1270 2784
1271 2784
1272 2784
1273 2784
1274 2784
1275 2784
1276 2784
1277 2784
1278 2784
1279 2784
1280 2784
1281 2784
1282 2784
1283 2784
1284 2784
1285 2784
1286 2784
1287 2784
1288 2784
1289 2784
1290 2784
1291 2784
1292 2784
1293 2784
1294 2784
1295 2784
1296 2784
1297 2784
1298 2784
1299 2784
1300 2784
1301 2784
1302 2784
1303 2784
1304 2784
1305 2784
1306 2784
1307 2784
1308 2784
1309 2784
1310 2784
1311 2784
1312 2784
1313 2784
1314 2784
1315 2784
1316 2784
1317 2784
1318 2784
1319 2784
1320 2784
1321 2784
1322 2784
1323 2784
1324 2784
1325 2784
1326 2784
1327 2784
1328 2784
1329 2784
1330 2784
1331 2784
1332 2784
1333 2784
1334 2784
1335 2784
1336 2784
1337 2784
1338 2784
1339 2784
1340 2784
1341 2784
1342 2784
1343 2784
1344 2784
1345 2784
1346 2784
1347 2784
1348 2784
1349 2784
1350 2784
1351 2784
1352 2784
1353 2784
1354 2784
1355 2784
1356 2784
1357 2784
1358 2784
1359 2784
1360 2784
1361 2784
1362 2784
1363 2784
1364 2784
1365 2784
1366 2784
1367 2784
1368 2784
1369 2784
1370 2784
1371 2784
1372 2784
1373 2784
1374 2784
1375 2784
1376 2784
1377 2784
1378 2784
1379 2784
1380 2784
1381 2784
1382 2784
1383 2784
1384 2784
1385 2784
1386 2784
1387 2784
1388 2784
1389 2784
1390 2784
1391 2784
1392 2784
1393 2784
1394 2784
1395 2784
1396 2784
1397 2784
1398 2784
1399 2784
1400 2784
1401 2784
1402 2784
1403 2784
1404 2784
1405 2784
1406 2784
1407 2784
1408 2784
1409 2784
1410 2784
1411 2784
1412 2784
1413 2784
1414 2784
1415 2784
1416 2784
1417 2784
1418 2784
1419 2784
1420 2784
1421 2784
1422 2784
1423 2784
1424 2784
1425 2784
1426 2784
1427 2784
1428 2784
1429 2784
1430 2784
1431 2784
1432 2784
1433 2784
1434 2784
1435 2784
1436 2784
1437 2784
1438 2784
1439 2784
1440 2784
1441 2784
1442 2784
1443 2784
1444 2784
1445 2784
1446 2784
1447 2784
1448 2784
1449 2784
1450 2784
1451 2784
1452 2784
1453 2784
1454 2784
1455 2784
1456 2784
1457 2784
1458 2784
1459 2784
1460 2784
1461 2784
1462 2784
1463 2784
1464 2784
1465 2784
1466 2784
1467 2784
1468 2784
1469 2784
1470 2784
1471 2784
1472 2784
1473 2784
1474 2784
1475 2784
1476 2784
1477 2784
1478 2784
1479 2784
1480 2784
1481 2784
1482 2784
1483 2784
1484 2784
1485 2784
1486 2784
1487 2784
1488 2784
1489 2784
1490 2784
1491 2784
1492 2784
1493 2784
1494 2784
1495 2784
1496 2784
1497 2784
1498 2784
1499 2784
1500 2784
1501 2784
1502 2784
1503 2784
1504 2784
1505 2784
1506 2784
1507 2784
1508 2784
1509 2784
1510 2784
1511 2784
1512 2784
1513 2784
1514 2784
1515 2784
1516 2784
1517 2784
1518 2784
1519 2784
1520 2784
1521 2784
1522 2784
1523 2784
1524 2784
1525 2784
1526 2784
1527 2784
1528 2784
1529 2784
1530 2784
1531 2784
1532 2784
1533 2784
1534 2784
1535 2784
1536 2784
1537 2784
1538 2784
1539 2784
1540 2784
1541 2784
1542 2784
1543 2784
1544 2784
1545 2784
1546 2784
1547 2784
1548 2784
1549 2784
1550 2784
1551 2784
1552 2784
1553 2784
1554 2784
1555 2784
1556 2784
1557 2784
1558 2784
1559 2784
1560 2784
1561 2784
1562 2784
1563 2784
1564 2784
1565 2784
1566 2784
1567 2784
1568 2784
1569 2784
1570 2784
1571 2784
1572 2784
1573 2784
1574 2784
1575 2784
1576 2784
1577 2784
1578 2784
1579 2784
1580 2784
1581 2784
1582 2784
1583 2784
1584 2784
1585 2784
1586 2784
1587 2784
1588 2784
1589 2784
1590 2784
1591 2784
1592 2784
1593 2784
1594 2784
1595 2784
1596 2784
1597 2784
1598 2784
1599 2784
1600 2784
1601 2784
1602 2784
1603 2784
1604 2784
1605 2784
1606 2784
1607 2784
1608 2784
1609 2784
1610 2784
1611 2784
1612 2784
1613 2784
1614 2784
1615 2784
1616 2784
1617 2784
1618 2784
1619 2784
1620 2784
1621 2784
1622 2784
1623 2784
1624 2784
1625 2784
1626 2784
1627 2784
1628 2784
1629 2784
1630 2784
1631 2784
1632 2784
1633 2784
1634 2784
1635 2784
1636 2784
1637 2784
1638 2784
1639 2784
1640 2784
1641 2784
1642 2784
1643 2784
1644 2784
1645 2784
1646 2784
1647 2784
1648 2784
1649 2784
1650 2784
1651 2784
1652 2784
1653 2784
1654 2784
1655 2784
1656 2784
1657 2784
1658 2784
1659 2784
1660 2784
1661 2784
1662 2784
1663 2784
1664 2784
1665 2784
1666 2784
1667 2784
1668 2784
1669 2784
1670 2784
1671 2784
1672 2784
1673 2784
1674 2784
1675 2784
1676 2784
1677 2784
1678 2784
1679 2784
1680 2784
1681 2784
1682 2784
1683 2784
1684 2784
1685 2784
1686 2784
1687 2784
1688 2784
1689 2784
1690 2784
1691 2784
1692 2784
1693 2784
1694 2784
1695 2784
1696 2784
1697 2784
1698 2784
1699 2784
1700 2784
1701 2784
1702 2784
1703 2784
1704 2784
1705 2784
1706 2784
1707 2784
1708 2784
1709 2784
1710 2784
1711 2784
1712 2784
1713 2784
1714 2784
1715 2784
1716 2784
1717 2784
1718 2784
1719 2784
1720 2784
1721 2784
1722 2784
1723 2784
1724 2784
1725 2784
1726 2784
1727 2784
1728 2784
1729 2784
1730 2784
1731 2784
1732 2784
1733 2784
1734 2784
1735 2784
1736 2784
1737 2784
1738 2784
1739 2784
1740 2784
1741 2784
1742 2784
1743 2784
1744 2784
1745 2784
1746 2784
1747 2784
1748 2784
1749 2784
1750 2784
1751 2784
1752 2784
1753 2784
1754 2784
1755 2784
1756 2784
1757 2784
1758 2784
1759 2784
1760 2784
1761 2784
1762 2784
1763 2784
1764 2784
1765 2784
1766 2784
1767 2784
1768 2784
1769 2784
1770 2784
1771 2784
1772 2784
1773 2784
1774 2784
1775 2784
1776 2784
1777 2784
1778 2784
1779 2784
1780 2784
1781 2784
1782 2784
1783 2784
1784 2784
1785 2784
1786 2784
1787 2784
1788 2784
1789 2784
1790 2784
1791 2784
1792 2784
1793 2784
1794 2784
1795 2784
1796 2784
1797 2784
1798 2784
1799 2784
1800 2784
1801 2784
1802 2784
1803 2784
1804 2784
1805 2784
1806 2784
1807 2784
1808 2784
1809 2784
1810 2784
1811 2784
1812 2784
1813 2784
1814 2784
1815 2784
1816 2784
1817 2784
1818 2784
1819 2784
1820 2784
1821 2784
1822 2784
1823 2784
1824 2784
1825 2784
1826 2784
1827 2784
1828 2784
1829 2784
1830 2784
1831 2784
1832 2784
1833 2784
1834 2784
1835 2784
1836 2784
1837 2784
1838 2784
1839 2784
1840 2784
1841 2784
1842 2784
1843 2784
1844 2784
1845 2784
1846 2784
1847 2784
1848 2784
1849 2784
1850 2784
1851 2784
1852 2784
1853 2784
1854 2784
1855 2784
1856 2784
1857 2784
1858 2784
1859 2784
1860 2784
1861 2784
1862 2784
1863 2784
1864 2784
1865 2784
1866 2784
1867 2784
1868 2784
1869 2784
1870 2784
1871 2784
1872 2784
1873 2784
1874 2784
1875 2784
1876 2784
1877 2784
1878 2784
1879 2784
1880 2784
1881 2784
1882 2784
1883 2784
1884 2784
1885 2784
1886 2784
1887 2784
1888 2784
1889 2784
1890 2784
1891 2784
1892 2784
1893 2784
1894 2784
1895 2784
1896 2784
1897 2784
1898 2784
1899 2784
1900 2784
1901 2784
1902 2784
1903 2784
1904 2784
1905 2784
1906 2784
1907 2784
1908 2784
1909 2784
1910 2784
1911 2784
1912 2784
1913 2784
1914 2784
1915 2784
1916 2784
1917 2784
1918 2784
1919 2784
1920 2784
1921 2784
1922 2784
1923 2784
1924 2784
1925 2784
1926 2784
1927 2784
1928 2784
1929 2784
1930 2784
1931 2784
1932 2784
1933 2784
1934 2784
1935 2784
1936 2784
1937 2784
1938 2784
1939 2784
1940 2784
1941 2784
1942 2784
1943 2784
1944 2784
1945 2784
1946 2784
1947 2784
1948 2784
1949 2784
1950 2784
1951 2784
1952 2784
1953 2784
1954 2784
1955 2784
1956 2784
1957 2784
1958 2784
1959 2784
1960 2784
1961 2784
1962 2784
1963 2784
1964 2784
1965 2784
1966 2784
1967 2784
1968 2784
1969 2784
1970 2784
1971 2784
1972 2784
1973 2784
1974 2784
1975 2784
1976 2784
1977 2784
1978 2784
1979 2784
1980 2784
1981 2784
1982 2784
1983 2784
1984 2784
1985 2784
1986 2784
1987 2784
1988 2784
1989 2784
1990 2784
1991 2784
1992 2784
1993 2784
1994 2784
1995 2784
1996 2784
1997 2784
1998 2784
1999 2784
2000 2784
2001 2784
2002 2784
2003 2784
2004 2784
2005 2784
2006 2784
2007 2784
2008 2784
2009 2784
2010 2784
2011 2784
2012 2784
2013 2784
2014 2784
2015 2784
2016 2784
2017 2784
2018 2784
2019 2784
2020 2784
2021 2784
2022 2784
2023 2784
2024 2784
2025 2784
2026 2784
2027 2784
2028 2784
2029 2784
2030 2784
2031 2784
2032 2784
2033 2784
2034 2784
2035 2784
2036 2784
2037 2784
2038 2784
2039 2784
2040 2784
2041 2784
2042 2784
2043 2784
2044 2784
2045 2784
2046 2784
2047 2784
2048 2784
2049 2784
2050 2784
2051 2784
2052 2784
2053 2784
2054 2784
2055 2784
2056 2784
2057 2784
2058 2784
2059 2784
2060 2784
2061 2784
2062 2784
2063 2784
2064 2784
2065 2784
2066 2784
2067 2784
2068 2784
2069 2784
2070 2784
2071 2784
2072 2784
2073 2784
2074 2784
2075 2784
2076 2784
2077 2784
2078 2784
2079 2784
2080 2784
2081 2784
2082 2784
2083 2784
2084 2784
2085 2784
2086 2784
2087 2784
2088 2784
2089 2784
2090 2784
2091 2784
2092 2784
2093 2784
2094 2784
2095 2784
2096 2784
2097 2784
2098 2784
2099 2784
2100 2784
2101 2784
2102 2784
2103 2784
2104 2784
2105 2784
2106 2784
2107 2784
2108 2784
2109 2784
2110 2784
2111 2784
2112 2784
2113 2784
2114 2784
2115 2784
2116 2784
2117 2784
2118 2784
2119 2784
2120 2784
2121 2784
2122 2784
2123 2784
2124 2784
2125 2784
2126 2784
2127 2784
2128 2784
2129 2784
2130 2784
2131 2784
2132 2784
2133 2784
2134 2784
2135 2784
2136 2784
2137 2784
2138 2784
2139 2784
2140 2784
2141 2784
2142 2784
2143 2784
2144 2784
2145 2784
2146 2784
2147 2784
2148 2784
2149 2784
2150 2784
2151 2784
2152 2784
2153 2784
2154 2784
2155 2784
2156 2784
2157 2784
2158 2784
2159 2784
2160 2784
2161 2784
2162 2784
2163 2784
2164 2784
2165 2784
2166 2784
2167 2784
2168 2784
2169 2784
2170 2784
2171 2784
2172 2784
2173 2784
2174 2784
2175 2784
2176 2784
2177 2784
2178 2784
2179 2784
2180 2784
2181 2784
2182 2784
2183 2784
2184 2784
2185 2784
2186 2784
2187 2784
2188 2784
2189 2784
2190 2784
2191 2784
2192 2784
2193 2784
2194 2784
2195 2784
2196 2784
2197 2784
2198 2784
2199 2784
2200 2784
2201 2784
2202 2784
2203 2784
2204 2784
2205 2784
2206 2784
2207 2784
2208 2784
2209 2784
2210 2784
2211 2784
2212 2784
2213 2784
2214 2784
2215 2784
2216 2784
2217 2784
2218 2784
2219 2784
2220 2784
2221 2784
2222 2784
2223 2784
2224 2784
2225 2784
2226 2784
2227 2784
2228 2784
2229 2784
2230 2784
2231 2784
2232 2784
2233 2784
2234 2784
2235 2784
2236 2784
2237 2784
2238 2784
2239 2784
2240 2784
2241 2784
2242 2784
2243 2784
2244 2784
2245 2784
2246 2784
2247 2784
2248 2784
2249 2784
2250 2784
2251 2784
2252 2784
2253 2784
2254 2784
2255 2784
2256 2784
2257 2784
2258 2784
2259 2784
2260 2784
2261 2784
2262 2784
2263 2784
2264 2784
2265 2784
2266 2784
2267 2784
2268 2784
2269 2784
2270 2784
2271 2784
2272 2784
2273 2784
2274 2784
2275 2784
2276 2784
2277 2784
2278 2784
2279 2784
2280 2784
2281 2784
2282 2784
2283 2784
2284 2784
2285 2784
2286 2784
2287 2784
2288 2784
2289 2784
2290 2784
2291 2784
2292 2784
2293 2784
2294 2784
2295 2784
2296 2784
2297 2784
2298 2784
2299 2784
2300 2784
2301 2784
2302 2784
2303 2784
2304 2784
2305 2784
2306 2784
2307 2784
2308 2784
2309 2784
2310 2784
2311 2784
2312 2784
2313 2784
2314 2784
2315 2784
2316 2784
2317 2784
2318 2784
2319 2784
2320 2784
2321 2784
2322 2784
2323 2784
2324 2784
2325 2784
2326 2784
2327 2784
2328 2784
2329 2784
2330 2784
2331 2784
2332 2784
2333 2784
2334 2784
2335 2784
2336 2784
2337 2784
2338 2784
2339 2784
2340 2784
2341 2784
2342 2784
2343 2784
2344 2784
2345 2784
2346 2784
2347 2784
2348 2784
2349 2784
2350 2784
2351 2784
2352 2784
2353 2784
2354 2784
2355 2784
2356 2784
2357 2784
2358 2784
2359 2784
2360 2784
2361 2784
2362 2784
2363 2784
2364 2784
2365 2784
2366 2784
2367 2784
2368 2784
2369 2784
2370 2784
2371 2784
2372 2784
2373 2784
2374 2784
2375 2784
2376 2784
2377 2784
2378 2784
2379 2784
2380 2784
2381 2784
2382 2784
2383 2784
2384 2784
2385 2784
2386 2784
2387 2784
2388 2784
2389 2784
2390 2784
2391 2784
2392 2784
2393 2784
2394 2784
2395 2784
2396 2784
2397 2784
2398 2784
2399 2784
2400 2784
2401 2784
2402 2784
2403 2784
2404 2784
2405 2784
2406 2784
2407 2784
2408 2784
2409 2784
2410 2784
2411 2784
2412 2784
2413 2784
2414 2784
2415 2784
2416 2784
2417 2784
2418 2784
2419 2784
2420 2784
2421 2784
2422 2784
2423 2784
2424 2784
2425 2784
2426 2784
2427 2784
2428 2784
2429 2784
2430 2784
2431 2784
2432 2784
2433 2784
2434 2784
2435 2784
2436 2784
2437 2784
2438 2784
2439 2784
2440 2784
2441 2784
2442 2784
2443 2784
2444 2784
2445 2784
2446 2784
2447 2784
2448 2784
2449 2784
2450 2784
2451 2784
2452 2784
2453 2784
2454 2784
2455 2784
2456 2784
2457 2784
2458 2784
2459 2784
2460 2784
2461 2784
2462 2784
2463 2784
2464 2784
2465 2784
2466 2784
2467 2784
2468 2784
2469 2784
2470 2784
2471 2784
2472 2784
2473 2784
2474 2784
2475 2784
2476 2784
2477 2784
2478 2784
2479 2784
2480 2784
2481 2784
2482 2784
2483 2784
2484 2784
2485 2784
2486 2784
2487 2784
2488 2784
2489 2784
2490 2784
2491 2784
2492 2784
2493 2784
2494 2784
2495 2784
2496 2784
2497 2784
2498 2784
2499 2784
2500 2784
2501 2784
2502 2784
2503 2784
2504 2784
2505 2784
2506 2784
2507 2784
2508 2784
2509 2784
2510 2784
2511 2784
2512 2784
2513 2784
2514 2784
2515 2784
2516 2784
2517 2784
2518 2784
2519 2784
2520 2784
2521 2784
2522 2784
2523 2784
2524 2784
2525 2784
2526 2784
2527 2784
2528 2784
2529 2784
2530 2784
2531 2784
2532 2784
2533 2784
2534 2784
2535 2784
2536 2784
2537 2784
2538 2784
2539 2784
2540 2784
2541 2784
2542 2784
2543 2784
2544 2784
2545 2784
2546 2784
2547 2784
2548 2784
2549 2784
2550 2784
2551 2784
2552 2784
2553 2784
2554 2784
2555 2784
2556 2784
2557 2784
2558 2784
2559 2784
2560 2784
2561 2784
2562 2784
2563 2784
2564 2784
2565 2784
2566 2784
2567 2784
2568 2784
2569 2784
2570 2784
2571 2784
2572 2784
2573 2784
2574 2784
2575 2784
2576 2784
2577 2784
2578 2784
2579 2784
2580 2784
2581 2784
2582 2784
2583 2784
2584 2784
2585 2784
2586 2784
2587 2784
2588 2784
2589 2784
2590 2784
2591 2784
2592 2784
2593 2784
2594 2784
2595 2784
2596 2784
2597 2784
2598 2784
2599 2784
2600 2784
2601 2784
2602 2784
2603 2784
2604 2784
2605 2784
2606 2784
2607 2784
2608 2784
2609 2784
2610 2784
2611 2784
2612 2784
2613 2784
2614 2784
2615 2784
2616 2784
2617 2784
2618 2784
2619 2784
2620 2784
2621 2784
2622 2784
2623 2784
2624 2784
2625 2784
2626 2784
2627 2784
2628 2784
2629 2784
2630 2784
2631 2784
2632 2784
2633 2784
2634 2784
2635 2784
2636 2784
2637 2784
2638 2784
2639 2784
2640 2784
2641 2784
2642 2784
2643 2784
2644 2784
2645 2784
2646 2784
2647 2784
2648 2784
2649 2784
2650 2784
2651 2784
2652 2784
2653 2784
2654 2784
2655 2784
2656 2784
2657 2784
2658 2784
2659 2784
2660 2784
2661 2784
2662 2784
2663 2784
2664 2784
2665 2784
2666 2784
2667 2784
2668 2784
2669 2784
2670 2784
2671 2784
2672 2784
2673 2784
2674 2784
2675 2784
2676 2784
2677 2784
2678 2784
2679 2784
2680 2784
2681 2784
2682 2784
2683 2784
2684 2784
2685 2784
2686 2784
2687 2784
2688 2784
2689 2784
2690 2784
2691 2784
2692 2784
2693 2784
2694 2784
2695 2784
2696 2784
2697 2784
2698 2784
2699 2784
2700 2784
2701 2784
2702 2784
2703 2784
2704 2784
2705 2784
2706 2784
2707 2784
2708 2784
2709 2784
2710 2784
2711 2784
2712 2784
2713 2784
2714 2784
2715 2784
2716 2784
2717 2784
2718 2784
2719 2784
2720 2784
2721 2784
2722 2784
2723 2784
2724 2784
2725 2784
2726 2784
2727 2784
2728 2784
2729 2784
2730 2784
2731 2784
2732 2784
2733 2784
2734 2784
2735 2784
2736 2784
2737 2784
2738 2784
2739 2784
2740 2784
2741 2784
2742 2784
2743 2784
2744 2784
2745 2784
2746 2784
2747 2784
2748 2784
2749 2784
2750 2784
2751 2784
2752 2784
2753 2784
2754 2784
2755 2784
2756 2784
2757 2784
2758 2784
2759 2784
2760 2784
2761 2784
2762 2784
2763 2784
2764 2784
2765 2784
2766 2784
2767 2784
2768 2784
2769 2784
2770 2784
2771 2784
2772 2784
2773 2784
2774 2784
2775 2784
2776 2784
2777 2784
2778 2784
2779 2784
2780 2784
2781 2784
2782 2784
2783 2784
2784 2784
2785 2784
2786 2784
2787 2784
2788 2784
2789 2784
2790 2784
2791 2784
2792 2784
2793 2784
2794 2784
2795 2784
2796 2784
2797 2784
2798 2784
2799 2784
2800 2784
2801 2784
2802 2784
2803 2784
2804 2784
2805 2784
2806 2784
2807 2784
2808 2784
2809 2784
2810 2784
2811 2784
2812 2784
2813 2784
2814 2784
2815 2784
2816 2784
2817 2784
2818 2784
2819 2784
2820 2784
2821 2784
2822 2784
2823 2784
2824 2784
2825 2784
2826 2784
2827 2784
2828 2784
2829 2784
2830 2784
2831 2784
2832 2784
2833 2784
2834 2784
2835 2784
2836 2784
2837 2784
2838 2784
2839 2784
2840 2784
2841 2784
2842 2784
2843 2784
2844 2784
2845 2784
2846 2784
2847 2784
2848 2784
2849 2784
2850 2784
2851 2784
2852 2784
2853 2784
2854 2784
2855 2784
2856 2784
2857 2784
2858 2784
2859 2784
2860 2784
2861 2784
2862 2784
2863 2784
2864 2784
2865 2784
2866 2784
2867 2784
2868 2784
2869 2784
2870 2784
2871 2784
2872 2784
2873 2784
2874 2784
2875 2784
2876 2784
2877 2784
2878 2784
2879 2784
2880 2784
2881 2784
2882 2784
2883 2784
2884 2784
2885 2784
2886 2784
2887 2784
2888 2784
2889 2784
2890 2784
2891 2784
2892 2784
2893 2784
2894 2784
2895 2784
2896 2784
2897 2784
2898 2784
2899 2784
2900 2784
2901 2784
2902 2784
2903 2784
2904 2784
2905 2784
2906 2784
2907 2784
2908 2784
2909 2784
2910 2784
2911 2784
2912 2784
2913 2784
2914 2784
2915 2784
2916 2784
2917 2784
2918 2784
2919 2784
2920 2784
2921 2784
2922 2784
2923 2784
2924 2784
2925 2784
2926 2784
2927 2784
2928 2784
2929 2784
2930 2784
2931 2784
2932 2784
2933 2784
2934 2784
2935 2784
2936 2784
2937 2784
2938 2784
2939 2784
2940 2784
2941 2784
2942 2784
2943 2784
2944 2784
2945 2784
2946 2784
2947 2784
2948 2784
2949 2784
2950 2784
2951 2784
2952 2784
2953 2784
2954 2784
2955 2784
2956 2784
2957 2784
2958 2784
2959 2784
2960 2784
2961 2784
2962 2784
2963 2784
2964 2784
2965 2784
2966 2784
2967 2784
2968 2784
2969 2784
2970 2784
2971 2784
2972 2784
2973 2784
2974 2784
2975 2784
2976 2784
2977 2784
2978 2784
2979 2784
2980 2784
2981 2784
2982 2784
2983 2784
2984 2784
2985 2784
2986 2784
2987 2784
2988 2784
2989 2784
2990 2784
2991 2784
2992 2784
2993 2784
2994 2784
2995 2784
2996 2784
2997 2784
2998 2784
2999 2784
3000 2784
3001 2784
3002 2784
3003 2784
3004 2784
3005 2784
3006 2784
3007 2784
3008 2784
3009 2784
3010 2784
3011 2784
3012 2784
3013 2784
3014 2784
3015 2784
3016 2784
3017 2784
3018 2784
3019 2784
3020 2784
3021 2784
3022 2784
3023 2784
3024 2784
3025 2784
3026 2784
3027 2784
3028 2784
3029 2784
3030 2784
3031 2784
3032 2784
3033 2784
3034 2784
3035 2784
3036 2784
3037 2784
3038 2784
3039 2784
3040 2784
3041 2784
3042 2784
3043 2784
3044 2784
3045 2784
3046 2784
3047 2784
3048 2784
3049 2784
3050 2784
3051 2784
3052 2784
3053 2784
3054 2784
3055 2784
3056 2784
3057 2784
3058 2784
3059 2784
3060 2784
3061 2784
3062 2784
3063 2784
3064 2784
3065 2784
3066 2784
3067 2784
3068 2784
3069 2784
3070 2784
3071 2784
3072 2784
3073 2784
3074 2784
3075 2784
3076 2784
3077 2784
3078 2784
3079 2784
3080 2784
3081 2784
3082 2784
3083 2784
3084 2784
3085 2784
3086 2784
3087 2784
3088 2784
3089 2784
3090 2784
3091 2784
3092 2784
3093 2784
3094 2784
3095 2784
3096 2784
3097 2784
3098 2784
3099 2784
3100 2784
3101 2784
3102 2784
3103 2783
3104 2783
3105 2783
3106 2783
3107 2782
3108 2782
3109 2782
3110 2782
3111 2782
3112 2782
3113 2781
3114 2781
3115 2781
3116 2781
3117 2781
3118 2781
3119 2779
3120 2778
3121 2778
3122 2776
3123 2775
3124 2775
3125 2775
3126 2775
3127 2775
3128 2775
3129 2775
3130 2775
3131 2775
3132 2775
3133 2766
3134 2759
3135 2752
3136 2744
3137 2744
3138 2743
3139 2743
3140 2743
3141 2742
3142 2742
3143 2742
3144 2741
3145 2741
3146 2741
3147 2741
3148 2741
3149 2741
3150 2741
3151 2741
3152 2740
3153 2740
3154 2740
3155 2740
3156 2740
3157 2740
3158 2740
3159 2740
3160 2740
3161 2739
3162 2739
3163 2739
3164 2738
3165 2738
3166 2738
3167 2738
3168 2738
3169 2738
3170 2737
3171 2737
3172 2737
3173 2737
3174 2736
3175 2736
3176 2736
3177 2735
3178 2735
3179 2733
3180 2733
3181 2733
3182 2733
3183 2732
3184 2732
3185 2732
3186 2732
3187 2731
3188 2730
3189 2730
3190 2730
3191 2730
3192 2730
3193 2730
3194 2730
3195 2730
3196 2730
3197 2730
3198 2730
3199 2730
3200 2715
3201 2703
3202 2681
3203 2663
3204 2663
3205 2663
3206 2663
3207 2663
3208 2663
3209 2662
3210 2661
3211 2661
3212 2661
3213 2661
3214 2660
3215 2660
3216 2659
3217 2659
3218 2659
3219 2659
3220 2659
3221 2659
3222 2659
3223 2659
3224 2659
3225 2659
3226 2659
3227 2657
3228 2657
3229 2657
3230 2657
3231 2657
3232 2657
3233 2657
3234 2657
3235 2657
3236 2657
3237 2656
3238 2656
3239 2656
3240 2656
3241 2656
3242 2656
3243 2656
3244 2656
3245 2656
3246 2655
3247 2654
3248 2654
3249 2653
3250 2653
3251 2653
3252 2652
3253 2651
3254 2651
3255 2651
3256 2651
3257 2651
3258 2651
3259 2651
3260 2651
3261 2651
3262 2651
3263 2651
3264 2651
3265 2651
3266 2651
3267 2651
3268 2623
3269 2600
3270 2564
3271 2557
3272 2557
3273 2557
3274 2557
3275 2557
3276 2557
3277 2557
3278 2557
3279 2557
3280 2557
3281 2557
3282 2556
3283 2555
3284 2555
3285 2555
3286 2555
3287 2555
3288 2555
3289 2555
3290 2555
3291 2554
3292 2553
3293 2553
3294 2553
3295 2553
3296 2553
3297 2553
3298 2553
3299 2552
3300 2552
3301 2552
3302 2552
3303 2552
3304 2552
3305 2552
3306 2552
3307 2551
3308 2550
3309 2550
3310 2550
3311 2550
3312 2549
3313 2549
3314 2549
3315 2549
3316 2549
3317 2549
3318 2549
3319 2548
3320 2548
3321 2548
3322 2548
3323 2548
3324 2547
3325 2547
3326 2547
3327 2546
3328 2546
3329 2546
3330 2546
3331 2545
3332 2545
3333 2545
3334 2511
3335 2474
3336 2438
3337 2433
3338 2433
3339 2433
3340 2432
3341 2432
3342 2432
3343 2432
3344 2431
3345 2431
3346 2431
3347 2431
3348 2431
3349 2431
3350 2431
3351 2431
3352 2431
3353 2431
3354 2431
3355 2431
3356 2431
3357 2431
3358 2431
3359 2431
3360 2431
3361 2431
3362 2431
3363 2431
3364 2431
3365 2430
3366 2430
3367 2430
3368 2430
3369 2429
3370 2429
3371 2429
3372 2429
3373 2429
3374 2428
3375 2426
3376 2426
3377 2426
3378 2426
3379 2426
3380 2426
3381 2426
3382 2426
3383 2426
3384 2426
3385 2426
3386 2425
3387 2425
3388 2425
3389 2424
3390 2424
3391 2424
3392 2424
3393 2424
3394 2424
3395 2424
3396 2424
3397 2423
3398 2422
3399 2420
3400 2420
3401 2382
3402 2320
3403 2293
3404 2293
3405 2293
3406 2293
3407 2293
3408 2292
3409 2292
3410 2292
3411 2292
3412 2292
3413 2292
3414 2292
3415 2292
3416 2292
3417 2291
3418 2291
3419 2291
3420 2290
3421 2290
3422 2290
3423 2290
3424 2290
3425 2290
3426 2290
3427 2290
3428 2289
3429 2289
3430 2289
3431 2289
3432 2289
3433 2289
3434 2289
3435 2288
3436 2288
3437 2288
3438 2288
3439 2288
3440 2288
3441 2288
3442 2288
3443 2288
3444 2288
3445 2288
3446 2288
3447 2288
3448 2288
3449 2287
3450 2287
3451 2287
3452 2287
3453 2287
3454 2287
3455 2287
3456 2287
3457 2287
3458 2287
3459 2287
3460 2286
3461 2286
3462 2286
3463 2286
3464 2286
3465 2286
3466 2286
3467 2264
3468 2197
3469 2129
3470 2129
3471 2129
3472 2128
3473 2128
3474 2128
3475 2128
3476 2128
3477 2128
3478 2126
3479 2126
3480 2125
3481 2125
3482 2124
3483 2124
3484 2124
3485 2124
3486 2124
3487 2124
3488 2124
3489 2124
3490 2124
3491 2124
3492 2124
3493 2124
3494 2123
3495 2123
3496 2123
3497 2123
3498 2123
3499 2122
3500 2121
3501 2121
3502 2121
3503 2121
3504 2121
3505 2121
3506 2120
3507 2120
3508 2120
3509 2120
3510 2120
3511 2120
3512 2120
3513 2119
3514 2119
3515 2119
3516 2119
3517 2119
3518 2119
3519 2119
3520 2119
3521 2119
3522 2119
3523 2119
3524 2119
3525 2118
3526 2117
3527 2117
3528 2116
3529 2116
3530 2116
3531 2115
3532 2076
3533 2032
3534 2005
3535 1978
3536 1978
3537 1978
3538 1978
3539 1978
3540 1978
3541 1978
3542 1978
3543 1978
3544 1978
3545 1977
3546 1977
3547 1977
3548 1977
3549 1977
3550 1977
3551 1977
3552 1977
3553 1976
3554 1976
3555 1975
3556 1975
3557 1975
3558 1975
3559 1975
3560 1975
3561 1975
3562 1974
3563 1974
3564 1974
3565 1974
3566 1974
3567 1974
3568 1974
3569 1974
3570 1974
3571 1974
3572 1974
3573 1974
3574 1974
3575 1974
3576 1973
3577 1973
3578 1972
3579 1972
3580 1972
3581 1972
3582 1971
3583 1971
3584 1971
3585 1971
3586 1970
3587 1969
3588 1969
3589 1968
3590 1968
3591 1968
3592 1968
3593 1968
3594 1968
3595 1968
3596 1968
3597 1968
3598 1968
3599 1967
3600 1902
3601 1870
3602 1807
3603 1791
3604 1791
3605 1791
3606 1791
3607 1791
3608 1791
3609 1791
3610 1791
3611 1790
3612 1790
3613 1790
3614 1790
3615 1790
3616 1790
3617 1790
3618 1790
3619 1790
3620 1790
3621 1789
3622 1789
3623 1789
3624 1789
3625 1789
3626 1789
3627 1789
3628 1789
3629 1789
3630 1788
3631 1788
3632 1788
3633 1788
3634 1788
3635 1787
3636 1786
3637 1786
3638 1786
3639 1786
3640 1785
3641 1785
3642 1785
3643 1784
3644 1784
3645 1784
3646 1783
3647 1783
3648 1783
3649 1783
3650 1782
3651 1781
3652 1781
3653 1781
3654 1781
3655 1779
3656 1779
3657 1779
3658 1778
3659 1778
3660 1777
3661 1776
3662 1773
3663 1688
3664 1629
3665 1584
3666 1584
3667 1583
3668 1583
3669 1583
3670 1583
3671 1583
3672 1583
3673 1583
3674 1583
3675 1583
3676 1583
3677 1583
3678 1583
3679 1583
3680 1583
3681 1582
3682 1582
3683 1582
3684 1582
3685 1582
3686 1582
3687 1582
3688 1582
3689 1581
3690 1581
3691 1581
3692 1581
3693 1580
3694 1580
3695 1580
3696 1580
3697 1579
3698 1579
3699 1579
3700 1578
3701 1578
3702 1578
3703 1578
3704 1577
3705 1577
3706 1577
3707 1577
3708 1577
3709 1577
3710 1577
3711 1575
3712 1575
3713 1574
3714 1574
3715 1574
3716 1573
3717 1572
3718 1572
3719 1572
3720 1572
3721 1572
3722 1571
3723 1570
3724 1570
3725 1517
3726 1473
3727 1379
3728 1355
3729 1355
3730 1355
3731 1355
3732 1355
3733 1354
3734 1354
3735 1354
3736 1354
3737 1354
3738 1354
3739 1354
3740 1354
3741 1354
3742 1354
3743 1354
3744 1353
3745 1353
3746 1351
3747 1350
3748 1350
3749 1350
3750 1350
3751 1349
3752 1349
3753 1348
3754 1348
3755 1347
3756 1346
3757 1346
3758 1346
3759 1346
3760 1345
3761 1345
3762 1345
3763 1345
3764 1345
3765 1345
3766 1345
3767 1344
3768 1343
3769 1343
3770 1343
3771 1343
3772 1343
3773 1343
3774 1343
3775 1343
3776 1343
3777 1343
3778 1343
3779 1343
3780 1343
3781 1343
3782 1343
3783 1343
3784 1343
3785 1343
3786 1343
3787 1343
3788 1261
3789 1228
3790 1166
3791 1166
3792 1166
3793 1166
3794 1166
3795 1166
3796 1166
3797 1166
3798 1166
3799 1166
3800 1166
3801 1166
3802 1166
3803 1166
3804 1166
3805 1166
3806 1166
3807 1166
3808 1166
3809 1166
3810 1166
3811 1166
3812 1166
3813 1166
3814 1166
3815 1166
3816 1166
3817 1166
3818 1166
3819 1166
3820 1166
3821 1166
3822 1166
3823 1166
3824 1166
3825 1166
3826 1166
3827 1166
3828 1166
3829 1166
3830 1166
3831 1166
3832 1166
3833 1166
3834 1166
3835 1166
3836 1166
3837 1166
3838 1166
3839 1166
3840 1166
3841 1166
3842 1166
3843 1166
3844 1166
3845 1166
3846 1166
3847 1166
3848 1166
3849 1166
3850 1166
3851 1166
3852 1166
3853 1166
3854 1166
3855 1166
3856 1133
3857 1075
3858 1029
3859 1016
3860 1016
3861 1016
3862 1016
3863 1016
3864 1016
3865 1016
3866 1016
3867 1016
3868 1016
3869 1016
3870 1016
3871 1016
3872 1016
3873 1016
3874 1016
3875 1016
3876 1016
3877 1016
3878 1016
3879 1016
3880 1016
3881 1016
3882 1016
3883 1016
3884 1016
3885 1016
3886 1016
3887 1016
3888 1016
3889 1016
3890 1016
3891 1016
3892 1016
3893 1016
3894 1016
3895 1016
3896 1016
3897 1016
3898 1016
3899 1016
3900 1016
3901 1016
3902 1016
3903 1016
3904 1016
3905 1016
3906 1016
3907 1016
3908 1016
3909 1016
3910 1016
3911 1016
3912 1016
3913 1016
3914 1016
3915 1016
3916 1016
3917 1016
3918 1016
3919 1016
3920 1016
3921 1016
3922 1016
3923 1016
3924 970
3925 935
3926 911
3927 893
3928 893
3929 893
3930 893
3931 893
3932 893
3933 893
3934 893
3935 893
3936 893
3937 893
3938 893
3939 893
3940 893
3941 893
3942 893
3943 893
3944 893
3945 893
3946 893
3947 893
3948 893
3949 893
3950 893
3951 893
3952 893
3953 893
3954 893
3955 893
3956 893
3957 893
3958 893
3959 893
3960 893
3961 893
3962 893
3963 893
3964 893
3965 893
3966 893
3967 893
3968 893
3969 893
3970 893
3971 893
3972 893
3973 893
3974 893
3975 893
3976 893
3977 893
3978 893
3979 893
3980 893
3981 893
3982 893
3983 893
3984 893
3985 893
3986 893
3987 893
3988 893
3989 893
3990 893
3991 893
3992 893
3993 893
3994 880
3995 844
3996 804
3997 775
3998 775
3999 775
4000 775
4001 775
4002 775
4003 775
4004 775
4005 775
4006 775
4007 775
4008 775
4009 775
4010 775
4011 775
4012 775
4013 775
4014 775
4015 775
4016 775
4017 775
4018 775
4019 775
4020 775
4021 775
4022 775
4023 775
4024 775
4025 775
4026 775
4027 775
4028 775
4029 775
4030 775
4031 775
4032 775
4033 775
4034 775
4035 775
4036 775
4037 775
4038 775
4039 775
4040 775
4041 775
4042 775
4043 775
4044 775
4045 775
4046 775
4047 775
4048 775
4049 775
4050 775
4051 775
4052 775
4053 775
4054 775
4055 775
4056 775
4057 775
4058 775
4059 775
4060 775
4061 775
4062 775
4063 775
4064 775
4065 775
4066 775
4067 775
4068 745
4069 720
4070 681
4071 673
4072 673
4073 673
4074 673
4075 673
4076 673
4077 673
4078 673
4079 673
4080 673
4081 673
4082 673
4083 673
4084 673
4085 673
4086 673
4087 673
4088 673
4089 673
4090 673
4091 673
4092 673
4093 673
4094 673
4095 673
4096 673
4097 673
4098 673
4099 673
4100 673
4101 673
4102 673
4103 673
4104 673
4105 673
4106 673
4107 673
4108 673
4109 673
4110 673
4111 673
4112 673
4113 673
4114 673
4115 673
4116 673
4117 673
4118 673
4119 673
4120 673
4121 673
4122 673
4123 673
4124 673
4125 673
4126 673
4127 673
4128 673
4129 673
4130 673
4131 673
4132 673
4133 673
4134 673
4135 673
4136 673
4137 673
4138 673
4139 673
4140 673
4141 673
4142 641
4143 617
4144 586
4145 568
4146 568
4147 568
4148 568
4149 568
4150 568
4151 568
4152 568
4153 568
4154 568
4155 568
4156 568
4157 568
4158 568
4159 568
4160 568
4161 568
4162 568
4163 568
4164 568
4165 568
4166 568
4167 568
4168 568
4169 568
4170 568
4171 568
4172 568
4173 568
4174 568
4175 568
4176 568
4177 568
4178 568
4179 568
4180 568
4181 568
4182 568
4183 568
4184 568
4185 568
4186 568
4187 568
4188 568
4189 568
4190 568
4191 568
4192 568
4193 568
4194 568
4195 568
4196 568
4197 568
4198 568
4199 568
4200 568
4201 568
4202 568
4203 568
4204 568
4205 568
4206 568
4207 568
4208 568
4209 568
4210 568
4211 568
4212 568
4213 568
4214 568
4215 568
4216 560
4217 547
4218 519
4219 510
4220 502
4221 502
4222 502
4223 502
4224 502
4225 502
4226 502
4227 502
4228 502
4229 502
4230 502
4231 502
4232 502
4233 502
4234 502
4235 502
4236 502
4237 502
4238 502
4239 502
4240 502
4241 502
4242 502
4243 502
4244 502
4245 502
4246 502
4247 502
4248 502
4249 502
4250 502
4251 502
4252 502
4253 502
4254 502
4255 502
4256 502
4257 502
4258 502
4259 502
4260 502
4261 502
4262 502
4263 502
4264 502
4265 502
4266 502
4267 502
4268 502
4269 502
4270 502
4271 502
4272 502
4273 502
4274 502
4275 502
4276 502
4277 502
4278 502
4279 502
4280 502
4281 502
4282 502
4283 502
4284 502
4285 502
4286 502
4287 502
4288 502
4289 502
4290 502
4291 482
4292 472
4293 451
4294 445
4295 445
4296 445
4297 445
4298 445
4299 445
4300 445
4301 445
4302 445
4303 445
4304 445
4305 445
4306 445
4307 445
4308 445
4309 445
4310 445
4311 445
4312 445
4313 445
4314 445
4315 445
4316 445
4317 445
4318 445
4319 445
4320 445
4321 445
4322 445
4323 445
4324 445
4325 445
4326 445
4327 445
4328 445
4329 445
4330 445
4331 445
4332 445
4333 445
4334 445
4335 445
4336 445
4337 445
4338 445
4339 445
4340 445
4341 445
4342 445
4343 445
4344 445
4345 445
4346 445
4347 445
4348 445
4349 445
4350 445
4351 445
4352 445
4353 445
4354 445
4355 445
4356 445
4357 445
4358 445
4359 445
4360 445
4361 445
4362 445
4363 445
4364 437
4365 427
4366 411
4367 403
4368 403
4369 403
4370 403
4371 403
4372 403
4373 403
4374 403
4375 403
4376 403
4377 403
4378 403
4379 403
4380 403
4381 403
4382 403
4383 403
4384 403
4385 403
4386 403
4387 403
4388 403
4389 403
4390 403
4391 403
4392 403
4393 403
4394 403
4395 403
4396 403
4397 403
4398 403
4399 403
4400 403
4401 403
4402 403
4403 403
4404 403
4405 403
4406 403
4407 403
4408 403
4409 403
4410 403
4411 403
4412 403
4413 403
4414 403
4415 403
4416 403
4417 403
4418 403
4419 403
4420 403
4421 403
4422 403
4423 403
4424 403
4425 403
4426 403
4427 403
4428 403
4429 403
4430 403
4431 403
4432 403
4433 403
4434 403
4435 403
4436 403
4437 403
4438 396
4439 386
4440 367
4441 357
4442 357
4443 357
4444 357
4445 357
4446 357
4447 357
4448 357
4449 357
4450 357
4451 357
4452 357
4453 357
4454 357
4455 357
4456 357
4457 357
4458 357
4459 357
4460 357
4461 357
4462 357
4463 357
4464 357
4465 357
4466 357
4467 357
4468 357
4469 357
4470 357
4471 357
4472 357
4473 357
4474 357
4475 357
4476 357
4477 357
4478 357
4479 357
4480 357
4481 357
4482 357
4483 357
4484 357
4485 357
4486 357
4487 357
4488 357
4489 357
4490 357
4491 357
4492 357
4493 357
4494 357
4495 357
4496 357
4497 357
4498 357
4499 357
4500 357
4501 357
4502 357
4503 357
4504 357
4505 357
4506 357
4507 357
4508 357
4509 357
4510 357
4511 347
4512 334
4513 318
4514 315
4515 315
4516 315
4517 315
4518 315
4519 315
4520 315
4521 315
4522 315
4523 315
4524 315
4525 315
4526 315
4527 315
4528 315
4529 315
4530 315
4531 315
4532 315
4533 315
4534 315
4535 315
4536 315
4537 315
4538 315
4539 315
4540 315
4541 315
4542 315
4543 315
4544 315
4545 315
4546 315
4547 315
4548 315
4549 315
4550 315
4551 315
4552 315
4553 315
4554 315
4555 315
4556 315
4557 315
4558 315
4559 315
4560 315
4561 315
4562 315
4563 315
4564 315
4565 315
4566 315
4567 315
4568 315
4569 315
4570 315
4571 315
4572 315
4573 315
4574 315
4575 315
4576 315
4577 315
4578 315
4579 315
4580 315
4581 315
4582 315
4583 315
4584 308
4585 297
4586 287
4587 277
4588 277
4589 277
4590 277
4591 277
4592 277
4593 277
4594 277
4595 277
4596 277
4597 277
4598 277
4599 277
4600 277
4601 277
4602 277
4603 277
4604 277
4605 277
4606 277
4607 277
4608 277
4609 277
4610 277
4611 277
4612 277
4613 277
4614 277
4615 277
4616 277
4617 277
4618 277
4619 277
4620 277
4621 277
4622 277
4623 277
4624 277
4625 277
4626 277
4627 277
4628 277
4629 277
4630 277
4631 277
4632 277
4633 277
4634 277
4635 277
4636 277
4637 277
4638 277
4639 277
4640 277
4641 277
4642 277
4643 277
4644 277
4645 277
4646 277
4647 277
4648 277
4649 277
4650 277
4651 277
4652 277
4653 277
4654 277
4655 277
4656 277
4657 274
4658 267
4659 256
4660 247
4661 247
4662 247
4663 247
4664 247
4665 247
4666 247
4667 247
4668 247
4669 247
4670 247
4671 247
4672 247
4673 247
4674 247
4675 247
4676 247
4677 247
4678 247
4679 247
4680 247
4681 247
4682 247
4683 247
4684 247
4685 247
4686 247
4687 247
4688 247
4689 247
4690 247
4691 247
4692 247
4693 247
4694 247
4695 247
4696 247
4697 247
4698 247
4699 247
4700 247
4701 247
4702 247
4703 247
4704 247
4705 247
4706 247
4707 247
4708 247
4709 247
4710 247
4711 247
4712 247
4713 247
4714 247
4715 247
4716 247
4717 247
4718 247
4719 247
4720 247
4721 247
4722 247
4723 247
4724 247
4725 247
4726 247
4727 247
4728 247
4729 247
4730 247
4731 247
4732 243
4733 238
4734 230
4735 224
4736 224
4737 224
4738 224
4739 224
4740 224
4741 224
4742 224
4743 224
4744 224
4745 224
4746 224
4747 224
4748 224
4749 224
4750 224
4751 224
4752 224
4753 224
4754 224
4755 224
4756 224
4757 224
4758 224
4759 224
4760 224
4761 224
4762 224
4763 224
4764 224
4765 224
4766 224
4767 224
4768 224
4769 224
4770 224
4771 224
4772 224
4773 224
4774 224
4775 224
4776 224
4777 224
4778 224
4779 224
4780 224
4781 224
4782 224
4783 224
4784 224
4785 224
4786 224
4787 224
4788 224
4789 224
4790 224
4791 224
4792 224
4793 224
4794 224
4795 224
4796 224
4797 224
4798 224
4799 224
4800 224
4801 224
4802 224
4803 224
4804 224
4805 218
4806 214
4807 208
4808 206
4809 206
4810 206
4811 206
4812 206
4813 206
4814 206
4815 206
4816 206
4817 206
4818 206
4819 206
4820 206
4821 206
4822 206
4823 206
4824 206
4825 206
4826 206
4827 206
4828 206
4829 206
4830 206
4831 206
4832 206
4833 206
4834 206
4835 206
4836 206
4837 206
4838 206
4839 206
4840 206
4841 206
4842 206
4843 206
4844 206
4845 206
4846 206
4847 206
4848 206
4849 206
4850 206
4851 206
4852 206
4853 206
4854 206
4855 206
4856 206
4857 206
4858 206
4859 206
4860 206
4861 206
4862 206
4863 206
4864 206
4865 206
4866 206
4867 206
4868 206
4869 206
4870 206
4871 206
4872 206
4873 206
4874 206
4875 206
4876 206
4877 206
4878 206
4879 200
4880 195
4881 187
4882 187
4883 187
4884 187
4885 187
4886 187
4887 187
4888 187
4889 187
4890 187
4891 187
4892 187
4893 187
4894 187
4895 187
4896 187
4897 187
4898 187
4899 187
4900 187
4901 187
4902 187
4903 187
4904 187
4905 187
4906 187
4907 187
4908 187
4909 187
4910 187
4911 187
4912 187
4913 187
4914 187
4915 187
4916 187
4917 187
4918 187
4919 187
4920 187
4921 187
4922 187
4923 187
4924 187
4925 187
4926 187
4927 187
4928 187
4929 187
4930 187
4931 187
4932 187
4933 187
4934 187
4935 187
4936 187
4937 187
4938 187
4939 187
4940 187
4941 187
4942 187
4943 187
4944 187
4945 187
4946 187
4947 187
4948 187
4949 187
4950 187
4951 187
4952 182
4953 178
4954 174
4955 170
4956 170
4957 170
4958 170
4959 170
4960 170
4961 170
4962 170
4963 170
4964 170
4965 170
4966 170
4967 170
4968 170
4969 170
4970 170
4971 170
4972 170
4973 170
4974 170
4975 170
4976 170
4977 170
4978 170
4979 170
4980 170
4981 170
4982 170
4983 170
4984 170
4985 170
4986 170
4987 170
4988 170
4989 170
4990 170
4991 170
4992 170
4993 170
4994 170
4995 170
4996 170
4997 170
4998 170
4999 170
5000 170
5001 170
5002 170
5003 170
5004 170
5005 170
5006 170
5007 170
5008 170
5009 170
5010 170
5011 170
5012 170
5013 170
5014 170
5015 170
5016 170
5017 170
5018 170
5019 170
5020 170
5021 170
5022 170
5023 170
5024 166
5025 162
5026 155
5027 153
5028 153
5029 153
5030 153
5031 153
5032 153
5033 153
5034 153
5035 153
5036 153
5037 153
5038 153
5039 153
5040 153
5041 153
5042 153
5043 153
5044 153
5045 153
5046 153
5047 153
5048 153
5049 153
5050 153
5051 153
5052 153
5053 153
5054 153
5055 153
5056 153
5057 153
5058 153
5059 153
5060 153
5061 153
5062 153
5063 153
5064 153
5065 153
5066 153
5067 153
5068 153
5069 153
5070 153
5071 153
5072 153
5073 153
5074 153
5075 153
5076 153
5077 153
5078 153
5079 153
5080 153
5081 153
5082 153
5083 153
5084 153
5085 153
5086 153
5087 153
5088 153
5089 153
5090 153
5091 153
5092 153
5093 153
5094 153
5095 153
5096 153
5097 153
5098 152
5099 140
5100 138
5101 131
5102 131
5103 131
5104 131
5105 131
5106 131
5107 131
5108 131
5109 131
5110 131
5111 131
5112 131
5113 131
5114 131
5115 131
5116 131
5117 131
5118 131
5119 131
5120 131
5121 131
5122 131
5123 131
5124 131
5125 131
5126 131
5127 131
5128 131
5129 131
5130 131
5131 131
5132 131
5133 131
5134 131
5135 131
5136 131
5137 131
5138 131
5139 131
5140 131
5141 131
5142 131
5143 131
5144 131
5145 131
5146 131
5147 131
5148 131
5149 131
5150 131
5151 131
5152 131
5153 131
5154 131
5155 131
5156 131
5157 131
5158 131
5159 131
5160 131
5161 131
5162 131
5163 131
5164 131
5165 131
5166 131
5167 131
5168 131
5169 131
5170 131
5171 131
5172 131
5173 131
5174 127
5175 124
5176 124
5177 124
5178 124
5179 124
5180 124
5181 124
5182 124
5183 124
5184 124
5185 124
5186 124
5187 124
5188 124
5189 124
5190 124
5191 124
5192 124
5193 124
5194 124
5195 124
5196 124
5197 124
5198 124
5199 124
5200 124
5201 124
5202 124
5203 124
5204 124
5205 124
5206 124
5207 124
5208 124
5209 124
5210 124
5211 124
5212 124
5213 124
5214 124
5215 124
5216 124
5217 124
5218 124
5219 124
5220 124
5221 124
5222 124
5223 124
5224 124
5225 124
5226 124
5227 124
5228 124
5229 124
5230 124
5231 124
5232 124
5233 124
5234 124
5235 124
5236 124
5237 124
5238 124
5239 124
5240 124
5241 124
5242 124
5243 122
5244 120
5245 116
5246 113
5247 110
5248 110
5249 110
5250 110
5251 110
5252 110
5253 110
5254 110
5255 110
5256 110
5257 110
5258 110
5259 110
5260 110
5261 110
5262 110
5263 110
5264 110
5265 110
5266 110
5267 110
5268 110
5269 110
5270 110
5271 110
5272 110
5273 110
5274 110
5275 110
5276 110
5277 110
5278 110
5279 110
5280 110
5281 110
5282 110
5283 110
5284 110
5285 110
5286 110
5287 110
5288 110
5289 110
5290 110
5291 110
5292 110
5293 110
5294 110
5295 110
5296 110
5297 110
5298 110
5299 110
5300 110
5301 110
5302 110
5303 110
5304 110
5305 110
5306 110
5307 110
5308 110
5309 110
5310 110
5311 110
5312 110
5313 110
5314 110
5315 110
5316 110
5317 106
5318 101
5319 98
5320 94
5321 94
5322 94
5323 94
5324 94
5325 94
5326 94
5327 94
5328 94
5329 94
5330 94
5331 94
5332 94
5333 94
5334 94
5335 94
5336 94
5337 94
5338 94
5339 94
5340 94
5341 94
5342 94
5343 94
5344 94
5345 94
5346 94
5347 94
5348 94
5349 94
5350 94
5351 94
5352 94
5353 94
5354 94
5355 94
5356 94
5357 94
5358 94
5359 94
5360 94
5361 94
5362 94
5363 94
5364 94
5365 94
5366 94
5367 94
5368 94
5369 94
5370 94
5371 94
5372 94
5373 94
5374 94
5375 94
5376 94
5377 94
5378 94
5379 94
5380 94
5381 94
5382 94
5383 94
5384 94
5385 94
5386 94
5387 94
5388 94
5389 94
5390 92
5391 92
5392 92
5393 92
5394 92
5395 92
5396 92
5397 92
5398 92
5399 92
5400 92
5401 92
5402 92
5403 92
5404 92
5405 92
5406 92
5407 92
5408 92
5409 92
5410 92
5411 92
5412 92
5413 92
5414 92
5415 92
5416 92
5417 92
5418 92
5419 92
5420 92
5421 92
5422 92
5423 92
5424 92
5425 92
5426 92
5427 92
5428 92
5429 92
5430 92
5431 92
5432 92
5433 92
5434 92
5435 92
5436 92
5437 92
5438 92
5439 92
5440 92
5441 92
5442 92
5443 92
5444 92
5445 92
5446 92
5447 92
5448 92
5449 92
5450 92
5451 92
5452 92
5453 92
5454 92
5455 92
5456 92
5457 92
5458 92
5459 92
5460 92
5461 92
5462 92
5463 92
5464 92
5465 89
5466 89
5467 87
5468 86
5469 86
5470 86
5471 86
5472 86
5473 86
5474 86
5475 86
5476 86
5477 86
5478 86
5479 86
5480 86
5481 86
5482 86
5483 86
5484 86
5485 86
5486 86
5487 86
5488 86
5489 86
5490 86
5491 86
5492 86
5493 86
5494 86
5495 86
5496 86
5497 86
5498 86
5499 86
5500 86
5501 86
5502 86
5503 86
5504 86
5505 86
5506 86
5507 86
5508 86
5509 86
5510 86
5511 86
5512 86
5513 86
5514 86
5515 86
5516 86
5517 86
5518 86
5519 86
5520 86
5521 86
5522 86
5523 86
5524 86
5525 86
5526 86
5527 86
5528 86
5529 86
5530 86
5531 86
5532 86
5533 86
5534 86
5535 86
5536 86
5537 86
5538 86
5539 86
5540 86
5541 85
5542 83
5543 82
5544 81
5545 81
5546 81
5547 81
5548 81
5549 81
5550 81
5551 81
5552 81
5553 81
5554 81
5555 81
5556 81
5557 81
5558 81
5559 81
5560 81
5561 81
5562 81
5563 81
5564 81
5565 81
5566 81
5567 81
5568 81
5569 81
5570 81
5571 81
5572 81
5573 81
5574 81
5575 81
5576 81
5577 81
5578 81
5579 81
5580 81
5581 81
5582 81
5583 81
5584 81
5585 81
5586 81
5587 81
5588 81
5589 81
5590 81
5591 81
5592 81
5593 81
5594 81
5595 81
5596 81
5597 81
5598 81
5599 81
5600 81
5601 81
5602 81
5603 81
5604 81
5605 81
5606 81
5607 81
5608 81
5609 81
5610 81
5611 81
5612 81
5613 81
5614 81
5615 81
5616 79
5617 77
5618 76
5619 75
5620 75
5621 75
5622 75
5623 75
5624 75
5625 75
5626 75
5627 75
5628 75
5629 75
5630 75
5631 75
5632 75
5633 75
5634 75
5635 75
5636 75
5637 75
5638 75
5639 75
5640 75
5641 75
5642 75
5643 75
5644 75
5645 75
5646 75
5647 75
5648 75
5649 75
5650 75
5651 75
5652 75
5653 75
5654 75
5655 75
5656 75
5657 75
5658 75
5659 75
5660 75
5661 75
5662 75
5663 75
5664 75
5665 75
5666 75
5667 75
5668 75
5669 75
5670 75
5671 75
5672 75
5673 75
5674 75
5675 75
5676 75
5677 75
5678 75
5679 75
5680 75
5681 75
5682 75
5683 75
5684 75
5685 75
5686 75
5687 75
5688 75
5689 75
5690 75
5691 75
5692 75
5693 71
5694 69
5695 69
5696 69
5697 69
5698 69
5699 69
5700 69
5701 69
5702 69
5703 69
5704 69
5705 69
5706 69
5707 69
5708 69
5709 69
5710 69
5711 69
5712 69
5713 69
5714 69
5715 69
5716 69
5717 69
5718 69
5719 69
5720 69
5721 69
5722 69
5723 69
5724 69
5725 69
5726 69
5727 69
5728 69
5729 69
5730 69
5731 69
5732 69
5733 69
5734 69
5735 69
5736 69
5737 69
5738 69
5739 69
5740 69
5741 69
5742 69
5743 69
5744 69
5745 69
5746 69
5747 69
5748 69
5749 69
5750 69
5751 69
5752 69
5753 69
5754 69
5755 69
5756 69
5757 69
5758 69
5759 69
5760 69
5761 69
5762 69
5763 69
5764 69
5765 69
5766 65
5767 63
5768 63
5769 61
5770 61
5771 61
5772 61
5773 61
5774 61
5775 61
5776 61
5777 61
5778 61
5779 61
5780 61
5781 61
5782 61
5783 61
5784 61
5785 61
5786 61
5787 61
5788 61
5789 61
5790 61
5791 61
5792 61
5793 61
5794 61
5795 61
5796 61
5797 61
5798 61
5799 61
5800 61
5801 61
5802 61
5803 61
5804 61
5805 61
5806 61
5807 61
5808 61
5809 61
5810 61
5811 61
5812 61
5813 61
5814 61
5815 61
5816 61
5817 61
5818 61
5819 61
5820 61
5821 61
5822 61
5823 61
5824 61
5825 61
5826 61
5827 61
5828 61
5829 61
5830 61
5831 61
5832 61
5833 61
5834 61
5835 61
5836 61
5837 61
5838 61
5839 60
5840 58
5841 56
5842 55
5843 55
5844 55
5845 55
5846 55
5847 55
5848 55
5849 55
5850 55
5851 55
5852 55
5853 55
5854 55
5855 55
5856 55
5857 55
5858 55
5859 55
5860 55
5861 55
5862 55
5863 55
5864 55
5865 55
5866 55
5867 55
5868 55
5869 55
5870 55
5871 55
5872 55
5873 55
5874 55
5875 55
5876 55
5877 55
5878 55
5879 55
5880 55
5881 55
5882 55
5883 55
5884 55
5885 55
5886 55
5887 55
5888 55
5889 55
5890 55
5891 55
5892 55
5893 55
5894 55
5895 55
5896 55
5897 55
5898 55
5899 55
5900 55
5901 55
5902 55
5903 55
5904 55
5905 55
5906 55
5907 55
5908 55
5909 55
5910 55
5911 55
5912 54
5913 53
5914 51
5915 51
5916 51
5917 51
5918 51
5919 51
5920 51
5921 51
5922 51
5923 51
5924 51
5925 51
5926 51
5927 51
5928 51
5929 51
5930 51
5931 51
5932 51
5933 51
5934 51
5935 51
5936 51
5937 51
5938 51
5939 51
5940 51
5941 51
5942 51
5943 51
5944 51
5945 51
5946 51
5947 51
5948 51
5949 51
5950 51
5951 51
5952 51
5953 51
5954 51
5955 51
5956 51
5957 51
5958 51
5959 51
5960 51
5961 51
5962 51
5963 51
5964 51
5965 51
5966 51
5967 51
5968 51
5969 51
5970 51
5971 51
5972 51
5973 51
5974 51
5975 51
5976 51
5977 51
5978 51
5979 51
5980 51
5981 51
5982 51
5983 51
5984 51
5985 51
5986 50
5987 49
5988 49
5989 49
5990 49
5991 49
5992 49
5993 49
5994 49
5995 49
5996 49
5997 49
5998 49
5999 49
6000 49
6001 49
6002 49
6003 49
6004 49
6005 49
6006 49
6007 49
6008 49
6009 49
6010 49
6011 49
6012 49
6013 49
6014 49
6015 49
6016 49
6017 49
6018 49
6019 49
6020 49
6021 49
6022 49
6023 49
6024 49
6025 49
6026 49
6027 49
6028 49
6029 49
6030 49
6031 49
6032 49
6033 49
6034 49
6035 49
6036 49
6037 49
6038 49
6039 49
6040 49
6041 49
6042 49
6043 49
6044 49
6045 49
6046 49
6047 49
6048 49
6049 49
6050 49
6051 49
6052 49
6053 49
6054 49
6055 49
6056 49
6057 49
6058 49
6059 49
6060 48
6061 47
6062 45
6063 45
6064 45
6065 45
6066 45
6067 45
6068 45
6069 45
6070 45
6071 45
6072 45
6073 45
6074 45
6075 45
6076 45
6077 45
6078 45
6079 45
6080 45
6081 45
6082 45
6083 45
6084 45
6085 45
6086 45
6087 45
6088 45
6089 45
6090 45
6091 45
6092 45
6093 45
6094 45
6095 45
6096 45
6097 45
6098 45
6099 45
6100 45
6101 45
6102 45
6103 45
6104 45
6105 45
6106 45
6107 45
6108 45
6109 45
6110 45
6111 45
6112 45
6113 45
6114 45
6115 45
6116 45
6117 45
6118 45
6119 45
6120 45
6121 45
6122 45
6123 45
6124 45
6125 45
6126 45
6127 45
6128 45
6129 45
6130 45
6131 45
6132 45
6133 45
6134 45
6135 44
6136 43
6137 43
6138 43
6139 43
6140 43
6141 43
6142 43
6143 43
6144 43
6145 43
6146 43
6147 43
6148 43
6149 43
6150 43
6151 43
6152 43
6153 43
6154 43
6155 43
6156 43
6157 43
6158 43
6159 43
6160 43
6161 43
6162 43
6163 43
6164 43
6165 43
6166 43
6167 43
6168 43
6169 43
6170 43
6171 43
6172 43
6173 43
6174 43
6175 43
6176 43
6177 43
6178 43
6179 43
6180 43
6181 43
6182 43
6183 43
6184 43
6185 43
6186 43
6187 43
6188 43
6189 43
6190 43
6191 43
6192 43
6193 43
6194 43
6195 43
6196 43
6197 43
6198 43
6199 43
6200 43
6201 43
6202 43
6203 43
6204 43
6205 43
6206 43
6207 43
6208 42
6209 42
6210 42
6211 42
6212 42
6213 42
6214 42
6215 42
6216 42
6217 42
6218 42
6219 42
6220 42
6221 42
6222 42
6223 42
6224 42
6225 42
6226 42
6227 42
6228 42
6229 42
6230 42
6231 42
6232 42
6233 42
6234 42
6235 42
6236 42
6237 42
6238 42
6239 42
6240 42
6241 42
6242 42
6243 42
6244 42
6245 42
6246 42
6247 42
6248 42
6249 42
6250 42
6251 42
6252 42
6253 42
6254 42
6255 42
6256 42
6257 42
6258 42
6259 42
6260 42
6261 42
6262 42
6263 42
6264 42
6265 42
6266 42
6267 42
6268 42
6269 42
6270 42
6271 42
6272 42
6273 42
6274 42
6275 42
6276 42
6277 42
6278 42
6279 42
6280 42
6281 42
6282 40
6283 39
6284 34
6285 33
6286 33
6287 33
6288 33
6289 33
6290 33
6291 33
6292 33
6293 33
6294 33
6295 33
6296 33
6297 33
6298 33
6299 33
6300 33
6301 33
6302 33
6303 33
6304 33
6305 33
6306 33
6307 33
6308 33
6309 33
6310 33
6311 33
6312 33
6313 33
6314 33
6315 33
6316 33
6317 33
6318 33
6319 33
6320 33
6321 33
6322 33
6323 33
6324 33
6325 33
6326 33
6327 33
6328 33
6329 33
6330 33
6331 33
6332 33
6333 33
6334 33
6335 33
6336 33
6337 33
6338 33
6339 33
6340 33
6341 33
6342 33
6343 33
6344 33
6345 33
6346 33
6347 33
6348 33
6349 33
6350 33
6351 33
6352 33
6353 33
6354 33
6355 33
6356 33
6357 33
6358 32
6359 30
6360 29
6361 29
6362 29
6363 29
6364 29
6365 29
6366 29
6367 29
6368 29
6369 29
6370 29
6371 29
6372 29
6373 29
6374 29
6375 29
6376 29
6377 29
6378 29
6379 29
6380 29
6381 29
6382 29
6383 29
6384 29
6385 29
6386 29
6387 29
6388 29
6389 29
6390 29
6391 29
6392 29
6393 29
6394 29
6395 29
6396 29
6397 29
6398 29
6399 29
6400 29
6401 29
6402 29
6403 29
6404 29
6405 29
6406 29
6407 29
6408 29
6409 29
6410 29
6411 29
6412 29
6413 29
6414 29
6415 29
6416 29
6417 29
6418 29
6419 29
6420 29
6421 29
6422 29
6423 29
6424 29
6425 29
6426 29
6427 29
6428 29
6429 29
6430 27
6431 27
6432 26
6433 26
6434 26
6435 26
6436 26
6437 26
6438 26
6439 26
6440 26
6441 26
6442 26
6443 26
6444 26
6445 26
6446 26
6447 26
6448 26
6449 26
6450 26
6451 26
6452 26
6453 26
6454 26
6455 26
6456 26
6457 26
6458 26
6459 26
6460 26
6461 26
6462 26
6463 26
6464 26
6465 26
6466 26
6467 26
6468 26
6469 26
6470 26
6471 26
6472 26
6473 26
6474 26
6475 26
6476 26
6477 26
6478 26
6479 26
6480 26
6481 26
6482 26
6483 26
6484 26
6485 26
6486 26
6487 26
6488 26
6489 26
6490 26
6491 26
6492 26
6493 26
6494 26
6495 26
6496 26
6497 26
6498 26
6499 26
6500 26
6501 26
6502 26
6503 26
6504 25
6505 25
6506 25
6507 25
6508 25
6509 25
6510 25
6511 25
6512 25
6513 25
6514 25
6515 25
6516 25
6517 25
6518 25
6519 25
6520 25
6521 25
6522 25
6523 25
6524 25
6525 25
6526 25
6527 25
6528 25
6529 25
6530 25
6531 25
6532 25
6533 25
6534 25
6535 25
6536 25
6537 25
6538 25
6539 25
6540 25
6541 25
6542 25
6543 25
6544 25
6545 25
6546 25
6547 25
6548 25
6549 25
6550 25
6551 25
6552 25
6553 25
6554 25
6555 25
6556 25
6557 25
6558 25
6559 25
6560 25
6561 25
6562 25
6563 25
6564 25
6565 25
6566 25
6567 25
6568 25
6569 25
6570 25
6571 25
6572 25
6573 25
6574 25
6575 25
6576 25
6577 25
6578 25
6579 25
6580 25
6581 25
6582 25
6583 25
6584 25
6585 25
6586 25
6587 25
6588 25
6589 25
6590 25
6591 25
6592 25
6593 25
6594 25
6595 25
6596 25
6597 25
6598 25
6599 25
6600 25
6601 25
6602 25
6603 25
6604 25
6605 25
6606 25
6607 25
6608 25
6609 25
6610 25
6611 25
6612 25
6613 25
6614 25
6615 25
6616 25
6617 25
6618 25
6619 25
6620 25
6621 25
6622 25
6623 25
6624 25
6625 25
6626 25
6627 25
6628 25
6629 25
6630 25
6631 25
6632 25
6633 25
6634 25
6635 25
6636 25
6637 25
6638 25
6639 25
6640 25
6641 25
6642 25
6643 25
6644 25
6645 25
6646 25
6647 25
6648 25
6649 25
6650 25
6651 25
6652 25
6653 25
6654 25
6655 25
6656 25
6657 25
6658 25
6659 25
6660 25
6661 25
6662 25
6663 25
6664 25
6665 25
6666 25
6667 25
6668 25
6669 25
6670 25
6671 25
6672 25
6673 25
6674 25
6675 25
6676 25
6677 25
6678 25
6679 25
6680 25
6681 25
6682 25
6683 25
6684 25
6685 25
6686 25
6687 25
6688 25
6689 25
6690 25
6691 25
6692 25
6693 25
6694 25
6695 25
6696 25
6697 25
6698 25
6699 25
6700 25
6701 25
6702 25
6703 25
6704 25
6705 25
6706 25
6707 25
6708 25
6709 25
6710 25
6711 25
6712 25
6713 25
6714 25
6715 21
6716 20
6717 20
6718 20
6719 20
6720 20
6721 20
6722 20
6723 20
6724 20
6725 20
6726 20
6727 20
6728 20
6729 20
6730 20
6731 20
6732 20
6733 20
6734 67
6735 67
6736 67
6737 67
6738 67
6739 67
6740 67
6741 67
6742 67
6743 67
6744 67
6745 67
6746 67
6747 67
6748 67
6749 67
6750 67
6751 67
6752 67
6753 67
6754 67
6755 67
6756 67
6757 67
6758 67
6759 67
6760 67
6761 67
6762 67
6763 67
6764 110
6765 128
6766 128
6767 128
6768 128
6769 128
6770 128
6771 199
6772 219
6773 219
6774 219
6775 219
6776 219
6777 219
6778 219
6779 237
6780 210
6781 207
6782 203
6783 198
6784 198
6785 198
6786 198
6787 212
6788 212
6789 212
6790 212
6791 212
6792 212
6793 212
6794 212
6795 212
6796 212
6797 212
6798 212
6799 212
6800 212
6801 212
6802 212
6803 212
6804 212
6805 212
6806 212
6807 212
6808 212
6809 212
6810 212
6811 212
6812 212
6813 212
6814 212
6815 212
6816 212
6817 212
6818 212
6819 212
6820 212
6821 212
6822 212
6823 212
6824 212
6825 212
6826 212
6827 212
6828 212
6829 212
6830 212
6831 212
6832 212
6833 238
6834 238
6835 238
6836 238
6837 238
6838 238
6839 238
6840 238
6841 238
6842 238
6843 238
6844 238
6845 234
6846 220
6847 218
6848 214
6849 214
6850 214
6851 214
6852 214
6853 214
6854 214
6855 214
6856 214
6857 214
6858 214
6859 214
6860 214
6861 214
6862 214
6863 214
6864 214
6865 214
6866 214
6867 214
6868 214
6869 214
6870 214
6871 214
6872 214
6873 214
6874 214
6875 214
6876 214
6877 214
6878 214
6879 214
6880 214
6881 214
6882 214
6883 214
6884 214
6885 214
6886 214
6887 214
6888 214
6889 214
6890 214
6891 214
6892 214
6893 214
6894 214
6895 214
6896 214
6897 214
6898 214
6899 214
6900 214
6901 214
6902 214
6903 214
6904 214
6905 214
6906 214
6907 214
6908 214
6909 214
6910 214
6911 214
6912 214
6913 214
6914 214
6915 214
6916 214
6917 214
6918 214
6919 209
6920 207
6921 199
6922 194
6923 194
6924 194
6925 194
6926 194
6927 194
6928 194
6929 194
6930 194
6931 194
6932 194
6933 194
6934 194
6935 194
6936 194
6937 194
6938 194
6939 194
6940 194
6941 194
6942 194
6943 194
6944 194
6945 194
6946 194
6947 194
6948 194
6949 194
6950 194
6951 194
6952 194
6953 194
6954 194
6955 194
6956 194
6957 194
6958 194
6959 194
6960 194
6961 194
6962 194
6963 194
6964 194
6965 194
6966 194
6967 194
6968 194
6969 194
6970 194
6971 194
6972 194
6973 194
6974 194
6975 194
6976 194
6977 194
6978 194
6979 194
6980 230
6981 229
6982 229
6983 229
6984 229
6985 229
6986 229
6987 229
6988 229
6989 229
6990 229
6991 229
6992 225
6993 219
6994 214
6995 207
6996 207
6997 207
6998 207
6999 207
7000 207
7001 207
7002 207
7003 207
7004 207
7005 207
7006 207
7007 207
7008 207
7009 207
7010 207
7011 207
7012 207
7013 207
7014 207
7015 207
7016 207
7017 207
7018 207
7019 207
7020 207
7021 207
7022 207
7023 207
7024 207
7025 207
7026 207
7027 207
7028 207
7029 207
7030 207
7031 207
7032 207
7033 207
7034 207
7035 207
7036 207
7037 207
7038 240
7039 276
7040 369
7041 417
7042 489
7043 534
7044 575
7045 575
7046 575
7047 575
7048 575
7049 575
7050 575
7051 575
7052 575
7053 575
7054 575
7055 575
7056 575
7057 575
7058 575
7059 575
7060 575
7061 575
7062 575
7063 575
7064 543
7065 509
7066 493
7067 493
7068 493
7069 493
7070 493
7071 493
7072 493
7073 493
7074 493
7075 493
7076 493
7077 493
7078 493
7079 493
7080 493
7081 493
7082 493
7083 493
7084 493
7085 493
7086 493
7087 493
7088 493
7089 493
7090 493
7091 493
7092 493
7093 493
7094 493
7095 493
7096 493
7097 493
7098 493
7099 493
7100 493
7101 493
7102 493
7103 493
7104 493
7105 493
7106 493
7107 493
7108 493
7109 493
7110 493
7111 493
7112 493
7113 493
7114 493
7115 493
7116 493
7117 493
7118 493
7119 493
7120 493
7121 493
7122 493
7123 493
7124 493
7125 493
7126 493
7127 493
7128 493
7129 493
7130 493
7131 493
7132 493
7133 487
7134 473
7135 454
7136 436
7137 436
7138 436
7139 436
7140 436
7141 436
7142 436
7143 436
7144 436
7145 436
7146 436
7147 436
7148 436
7149 436
7150 436
7151 436
7152 436
7153 436
7154 436
7155 436
7156 436
7157 436
7158 436
7159 436
7160 436
7161 436
7162 436
7163 436
7164 436
7165 436
7166 436
7167 436
7168 436
7169 436
7170 436
7171 436
7172 436
7173 436
7174 436
7175 436
7176 436
7177 436
7178 436
7179 436
7180 436
7181 436
7182 436
7183 436
7184 436
7185 436
7186 452
7187 451
7188 471
7189 470
7190 470
7191 470
7192 470
7193 470
7194 470
7195 470
7196 470
7197 470
7198 470
7199 470
7200 465
7201 445
7202 437
7203 476
7204 522
7205 592
7206 638
7207 697
7208 696
7209 696
7210 696
7211 696
7212 696
7213 696
7214 696
7215 696
7216 696
7217 696
7218 719
7219 718
7220 718
7221 718
7222 718
7223 718
7224 718
7225 718
7226 718
7227 718
7228 718
7229 718
7230 718
7231 718
7232 718
7233 718
7234 718
7235 718
7236 718
7237 718
7238 718
7239 718
7240 718
7241 718
7242 718
7243 718
7244 718
7245 718
7246 718
7247 718
7248 718
7249 718
7250 718
7251 718
7252 718
7253 718
7254 718
7255 718
7256 718
7257 718
7258 718
7259 718
7260 718
7261 718
7262 718
7263 718
7264 718
7265 718
7266 690
7267 650
7268 641
7269 627
7270 627
7271 627
7272 627
7273 627
7274 627
7275 627
7276 645
7277 644
7278 644
7279 644
7280 644
7281 644
7282 644
7283 644
7284 644
7285 644
7286 644
7287 644
7288 650
7289 679
7290 784
7291 830
7292 878
7293 974
7294 1041
7295 1040
7296 1040
7297 1040
7298 1040
7299 1040
7300 1040
7301 1040
7302 1040
7303 1040
7304 1040
7305 1040
7306 1040
7307 1040
7308 1040
7309 1040
7310 1040
7311 1040
7312 1040
7313 1040
7314 1040
7315 1040
7316 1040
7317 1040
7318 1040
7319 1040
7320 1040
7321 1040
7322 1040
7323 1040
7324 1040
7325 1040
7326 1040
7327 1040
7328 1040
7329 1040
7330 992
7331 958
7332 916
7333 906
7334 906
7335 906
7336 906
7337 906
7338 906
7339 906
7340 906
7341 906
7342 906
7343 906
7344 906
7345 906
7346 906
7347 906
7348 906
7349 906
7350 906
7351 951
7352 1046
7353 1094
7354 1166
7355 1189
7356 1189
7357 1189
7358 1189
7359 1189
7360 1189
7361 1189
7362 1189
7363 1189
7364 1189
7365 1189
7366 1189
7367 1189
7368 1189
7369 1189
7370 1189
7371 1189
7372 1189
7373 1189
7374 1189
7375 1189
7376 1189
7377 1189
7378 1189
7379 1189
7380 1189
7381 1189
7382 1189
7383 1189
7384 1189
7385 1189
7386 1189
7387 1189
7388 1189
7389 1189
7390 1210
7391 1209
7392 1209
7393 1182
7394 1130
7395 1068
7396 1028
7397 1028
7398 1028
7399 1028
7400 1028
7401 1028
7402 1028
7403 1028
7404 1028
7405 1028
7406 1028
7407 1028
7408 1028
7409 1028
7410 1028
7411 1028
7412 1028
7413 1028
7414 1028
7415 1028
7416 1028
7417 1028
7418 1028
7419 1028
7420 1028
7421 1028
7422 1028
7423 1028
7424 1028
7425 1028
7426 1028
7427 1028
7428 1028
7429 1028
7430 1028
7431 1028
7432 1028
7433 1028
7434 1028
7435 1028
7436 1028
7437 1028
7438 1028
7439 1028
7440 1028
7441 1028
7442 1028
7443 1028
7444 1028
7445 1028
7446 1028
7447 1028
7448 1028
7449 1028
7450 1028
7451 1028
7452 1028
7453 1028
7454 1028
7455 1028
7456 1028
7457 1028
7458 1028
7459 1028
7460 992
7461 941
7462 897
7463 897
7464 897
7465 897
7466 897
7467 897
7468 897
7469 897
7470 897
7471 897
7472 897
7473 897
7474 897
7475 897
7476 897
7477 897
7478 897
7479 897
7480 897
7481 897
7482 897
7483 897
7484 897
7485 897
7486 897
7487 897
7488 897
7489 897
7490 897
7491 897
7492 897
7493 897
7494 897
7495 897
7496 897
7497 897
7498 897
7499 897
7500 897
7501 897
7502 897
7503 897
7504 897
7505 897
7506 897
7507 897
7508 897
7509 897
7510 897
7511 897
7512 897
7513 897
7514 897
7515 897
7516 897
7517 897
7518 897
7519 897
7520 897
7521 897
7522 897
7523 897
7524 897
7525 897
7526 897
7527 897
7528 868
7529 838
7530 793
7531 768
7532 768
7533 768
7534 768
7535 768
7536 768
7537 768
7538 768
7539 768
7540 768
7541 768
7542 768
7543 768
7544 768
7545 768
7546 768
7547 768
7548 768
7549 768
7550 768
7551 768
7552 768
7553 768
7554 768
7555 768
7556 768
7557 768
7558 768
7559 768
7560 768
7561 768
7562 768
7563 768
7564 768
7565 768
7566 768
7567 768
7568 768
7569 768
7570 768
7571 768
7572 768
7573 768
7574 768
7575 768
7576 768
7577 768
7578 768
7579 768
7580 768
7581 768
7582 768
7583 768
7584 768
7585 768
7586 768
7587 768
7588 768
7589 768
7590 768
7591 768
7592 768
7593 768
7594 768
7595 768
7596 768
7597 768
7598 768
7599 751
7600 719
7601 699
7602 693
7603 693
7604 693
7605 693
7606 693
7607 693
7608 693
7609 693
7610 693
7611 693
7612 693
7613 693
7614 693
7615 693
7616 693
7617 693
7618 693
7619 693
7620 693
7621 693
7622 693
7623 693
7624 693
7625 693
7626 693
7627 693
7628 693
7629 693
7630 693
7631 693
7632 693
7633 693
7634 693
7635 693
7636 693
7637 693
7638 693
7639 693
7640 693
7641 693
7642 693
7643 693
7644 693
7645 693
7646 693
7647 693
7648 693
7649 693
7650 693
7651 693
7652 693
7653 693
7654 693
7655 693
7656 693
7657 693
7658 693
7659 693
7660 693
7661 693
7662 693
7663 693
7664 693
7665 693
7666 693
7667 693
7668 685
7669 657
7670 632
7671 619
7672 610
7673 610
7674 610
7675 610
7676 610
7677 610
7678 610
7679 610
7680 610
7681 610
7682 610
7683 610
7684 610
7685 610
7686 610
7687 610
7688 610
7689 610
7690 610
7691 610
7692 610
7693 610
7694 610
7695 610
7696 610
7697 610
7698 610
7699 610
7700 610
7701 610
7702 610
7703 610
7704 610
7705 610
7706 610
7707 610
7708 610
7709 610
7710 610
7711 610
7712 610
7713 610
7714 610
7715 610
7716 610
7717 610
7718 610
7719 610
7720 610
7721 610
7722 610
7723 610
7724 610
7725 610
7726 610
7727 610
7728 610
7729 610
7730 610
7731 610
7732 610
7733 610
7734 610
7735 610
7736 610
7737 610
7738 610
7739 600
7740 578
7741 558
7742 547
7743 541
7744 541
7745 541
7746 541
7747 541
7748 541
7749 541
7750 541
7751 541
7752 541
7753 541
7754 541
7755 541
7756 541
7757 541
7758 541
7759 541
7760 541
7761 541
7762 541
7763 541
7764 541
7765 541
7766 541
7767 541
7768 541
7769 541
7770 541
7771 541
7772 541
7773 541
7774 541
7775 541
7776 541
7777 541
7778 541
7779 541
7780 541
7781 541
7782 541
7783 541
7784 541
7785 541
7786 541
7787 541
7788 541
7789 541
7790 541
7791 541
7792 541
7793 541
7794 541
7795 541
7796 541
7797 541
7798 541
7799 541
7800 541
7801 541
7802 541
7803 541
7804 541
7805 541
7806 541
7807 541
7808 541
7809 541
7810 541
7811 532
7812 509
7813 487
7814 473
7815 473
7816 473
7817 473
7818 473
7819 473
7820 473
7821 473
7822 473
7823 473
7824 473
7825 473
7826 473
7827 473
7828 473
7829 473
7830 473
7831 473
7832 473
7833 473
7834 473
7835 473
7836 473
7837 473
7838 473
7839 473
7840 473
7841 473
7842 473
7843 473
7844 473
7845 473
7846 473
7847 473
7848 473
7849 473
7850 473
7851 473
7852 473
7853 473
7854 473
7855 473
7856 473
7857 473
7858 473
7859 473
7860 473
7861 473
7862 473
7863 473
7864 473
7865 473
7866 473
7867 473
7868 473
7869 473
7870 473
7871 473
7872 473
7873 473
7874 473
7875 473
7876 473
7877 473
7878 473
7879 473
7880 473
7881 473
7882 473
7883 473
7884 473
7885 452
7886 437
7887 419
7888 414
7889 414
7890 414
7891 414
7892 414
7893 414
7894 414
7895 414
7896 414
7897 414
7898 414
7899 414
7900 414
7901 414
7902 414
7903 414
7904 414
7905 414
7906 414
7907 414
7908 414
7909 414
7910 414
7911 414
7912 414
7913 414
7914 414
7915 414
7916 414
7917 414
7918 414
7919 414
7920 414
7921 414
7922 414
7923 414
7924 414
7925 414
7926 414
7927 414
7928 414
7929 414
7930 414
7931 414
7932 414
7933 414
7934 414
7935 414
7936 414
7937 414
7938 414
7939 414
7940 414
7941 414
7942 414
7943 414
7944 414
7945 414
7946 414
7947 414
7948 414
7949 414
7950 414
7951 414
7952 414
7953 414
7954 414
7955 414
7956 414
7957 408
7958 400
7959 387
7960 379
7961 377
7962 377
7963 377
7964 377
7965 377
7966 377
7967 377
7968 377
7969 377
7970 377
7971 377
7972 377
7973 377
7974 377
7975 377
7976 377
7977 377
7978 377
7979 377
7980 377
7981 377
7982 377
7983 377
7984 377
7985 377
7986 377
7987 377
7988 377
7989 377
7990 377
7991 377
7992 377
7993 377
7994 377
7995 377
7996 377
7997 377
7998 377
7999 377
8000 377
8001 377
8002 377
8003 377
8004 377
8005 377
8006 377
8007 377
8008 377
8009 377
8010 377
8011 377
8012 377
8013 377
8014 377
8015 377
8016 377
8017 377
8018 377
8019 377
8020 377
8021 377
8022 377
8023 377
8024 377
8025 377
8026 377
8027 377
8028 377
8029 377
8030 376
8031 364
8032 345
8033 338
8034 338
8035 338
8036 338
8037 338
8038 338
8039 338
8040 338
8041 338
8042 338
8043 338
8044 338
8045 338
8046 338
8047 338
8048 338
8049 338
8050 338
8051 338
8052 338
8053 338
8054 338
8055 338
8056 338
8057 338
8058 338
8059 338
8060 338
8061 338
8062 338
8063 338
8064 338
8065 338
8066 338
8067 338
8068 338
8069 338
8070 338
8071 338
8072 338
8073 338
8074 338
8075 338
8076 338
8077 338
8078 338
8079 338
8080 338
8081 338
8082 338
8083 338
8084 338
8085 338
8086 338
8087 338
8088 338
8089 338
8090 338
8091 338
8092 338
8093 338
8094 338
8095 338
8096 338
