1 10
2 2568
3 2568
4 2568
5 2568
6 2568
7 2568
8 2568
9 2568
10 2568
11 2568
12 2568
13 2568
14 2568
15 2568
16 2568
17 2568
18 2568
19 2568
20 2568
21 2568
22 2568
23 2568
24 2568
25 2568
26 2568
27 2568
28 2568
29 2568
30 2568
31 2568
32 2568
33 2568
34 2568
35 2568
36 2568
37 2568
38 2568
39 2568
40 2568
41 2568
42 2568
43 2568
44 2568
45 2568
46 2568
47 2568
48 2568
49 2568
50 2568
51 2568
52 2568
53 2568
54 2568
55 2568
56 2568
57 2568
58 2568
59 2568
60 2568
61 2568
62 2568
63 2568
64 2568
65 2568
66 2568
67 2568
68 2568
69 2568
70 2568
71 2568
72 2568
73 2568
74 2568
75 2568
76 2568
77 2568
78 2568
79 2568
80 2568
81 2568
82 2568
83 2568
84 2568
85 2568
86 2568
87 2568
88 2568
89 2568
90 2568
91 2568
92 2568
93 2568
94 2568
95 2568
96 2568
97 2568
98 2568
99 2568
100 2568
101 2568
102 2568
103 2568
104 2568
105 2568
106 2568
107 2568
108 2568
109 2568
110 2568
111 2568
112 2568
113 2568
114 2568
115 2568
116 2568
117 2568
118 2568
119 2568
120 2568
121 2568
122 2568
123 2568
124 2568
125 2568
126 2568
127 2568
128 2568
129 2568
130 2568
131 2568
132 2568
133 2568
134 2568
135 2568
136 2568
137 2568
138 2568
139 2568
140 2568
141 2568
142 2568
143 2568
144 2568
145 2568
146 2568
147 2568
148 2568
149 2568
150 2568
151 2568
152 2568
153 2568
154 2568
155 2568
156 2568
157 2568
158 2568
159 2568
160 2568
161 2568
162 2568
163 2568
164 2568
165 2568
166 2568
167 2568
168 2568
169 2568
170 2568
171 2568
172 2568
173 2568
174 2568
175 2568
176 2568
177 2568
178 2568
179 2568
180 2568
181 2568
182 2568
183 2568
184 2568
185 2568
186 2568
187 2568
188 2568
189 2568
190 2568
191 2568
192 2568
193 2568
194 2568
195 2568
196 2568
197 2568
198 2568
199 2568
200 2568
201 2568
202 2568
203 2568
204 2568
205 2568
206 2568
207 2568
208 2568
209 2568
210 2568
211 2568
212 2568
213 2568
214 2568
215 2568
216 2568
217 2568
218 2568
219 2568
220 2568
221 2568
222 2568
223 2568
224 2568
225 2568
226 2568
227 2568
228 2568
229 2568
230 2568
231 2568
232 2568
233 2568
234 2568
235 2568
236 2568
237 2568
238 2568
239 2568
240 2568
241 2568
242 2568
243 2568
244 2568
245 2568
246 2568
247 2568
248 2568
249 2568
250 2568
251 2568
252 2568
253 2568
254 2568
255 2568
256 2568
257 2568
258 2568
259 2568
260 2568
261 2568
262 2568
263 2568
264 2568
265 2568
266 2568
267 2568
268 2568
269 2568
270 2568
271 2568
272 2568
273 2568
274 2568
275 2568
276 2568
277 2568
278 2568
279 2568
280 2568
281 2568
282 2568
283 2568
284 2568
285 2568
286 2568
287 2568
288 2568
289 2568
290 2568
291 2568
292 2568
293 2568
294 2568
295 2568
296 2568
297 2568
298 2568
299 2568
300 2568
301 2568
302 2568
303 2568
304 2568
305 2568
306 2568
307 2568
308 2568
309 2568
310 2568
311 2568
312 2568
313 2568
314 2568
315 2568
316 2568
317 2568
318 2568
319 2568
320 2568
321 2568
322 2568
323 2568
324 2568
325 2568
326 2568
327 2568
328 2568
329 2568
330 2568
331 2568
332 2568
333 2568
334 2568
335 2568
336 2568
337 2568
338 2568
339 2568
340 2568
341 2568
342 2568
343 2568
344 2568
345 2568
346 2568
347 2568
348 2568
349 2568
350 2568
351 2568
352 2568
353 2568
354 2568
355 2568
356 2568
357 2568
358 2568
359 2568
360 2568
361 2568
362 2568
363 2568
364 2568
365 2568
366 2568
367 2568
368 2568
369 2568
370 2568
371 2568
372 2568
373 2568
374 2568
375 2568
376 2568
377 2568
378 2568
379 2568
380 2568
381 2568
382 2568
383 2568
384 2568
385 2568
386 2568
387 2568
388 2568
389 2568
390 2568
391 2568
392 2568
393 2568
394 2568
395 2568
396 2568
397 2568
398 2568
399 2568
400 2568
401 2568
402 2568
403 2568
404 2568
405 2568
406 2568
407 2568
408 2568
409 2568
410 2568
411 2568
412 2568
413 2568
414 2568
415 2568
416 2568
417 2568
418 2568
419 2568
420 2568
421 2568
422 2568
423 2568
424 2568
425 2568
426 2568
427 2568
428 2568
429 2568
430 2568
431 2568
432 2568
433 2568
434 2568
435 2568
436 2568
437 2568
438 2568
439 2568
440 2568
441 2568
442 2568
443 2568
444 2568
445 2568
446 2568
447 2568
448 2568
449 2568
450 2568
451 2568
452 2568
453 2568
454 2568
455 2568
456 2568
457 2568
458 2568
459 2568
460 2568
461 2568
462 2568
463 2568
464 2568
465 2568
466 2568
467 2568
468 2568
469 2568
470 2568
471 2568
472 2568
473 2568
474 2568
475 2568
476 2568
477 2568
478 2568
479 2568
480 2568
481 2568
482 2568
483 2568
484 2568
485 2568
486 2568
487 2568
488 2568
489 2568
490 2568
491 2568
492 2568
493 2568
494 2568
495 2568
496 2568
497 2568
498 2568
499 2568
500 2568
501 2568
502 2568
503 2568
504 2568
505 2568
506 2568
507 2568
508 2568
509 2568
510 2568
511 2568
512 2568
513 2568
514 2568
515 2568
516 2568
517 2568
518 2568
519 2568
520 2568
521 2568
522 2568
523 2568
524 2568
525 2568
526 2568
527 2568
528 2568
529 2568
530 2568
531 2568
532 2568
533 2568
534 2568
535 2568
536 2568
537 2568
538 2568
539 2568
540 2568
541 2568
542 2568
543 2568
544 2568
545 2568
546 2568
547 2568
548 2568
549 2568
550 2568
551 2568
552 2568
553 2568
554 2568
555 2568
556 2568
557 2568
558 2568
559 2568
560 2568
561 2568
562 2568
563 2568
564 2568
565 2568
566 2568
567 2568
568 2568
569 2568
570 2568
571 2568
572 2568
573 2568
574 2568
575 2568
576 2568
577 2568
578 2568
579 2568
580 2568
581 2568
582 2568
583 2568
584 2568
585 2568
586 2568
587 2568
588 2568
589 2568
590 2568
591 2568
592 2568
593 2568
594 2568
595 2568
596 2568
597 2568
598 2568
599 2568
600 2568
601 2568
602 2568
603 2568
604 2568
605 2568
606 2568
607 2568
608 2568
609 2568
610 2568
611 2568
612 2568
613 2568
614 2568
615 2568
616 2568
617 2568
618 2568
619 2568
620 2568
621 2568
622 2568
623 2568
624 2568
625 2568
626 2568
627 2568
628 2568
629 2568
630 2568
631 2568
632 2568
633 2568
634 2568
635 2568
636 2568
637 2568
638 2568
639 2568
640 2568
641 2568
642 2568
643 2568
644 2568
645 2568
646 2568
647 2568
648 2568
649 2568
650 2568
651 2568
652 2568
653 2568
654 2568
655 2568
656 2568
657 2568
658 2568
659 2568
660 2568
661 2568
662 2568
663 2568
664 2568
665 2568
666 2568
667 2568
668 2568
669 2568
670 2568
671 2568
672 2568
673 2568
674 2568
675 2568
676 2568
677 2568
678 2568
679 2568
680 2568
681 2568
682 2568
683 2568
684 2568
685 2568
686 2568
687 2568
688 2568
689 2568
690 2568
691 2568
692 2568
693 2568
694 2568
695 2568
696 2568
697 2568
698 2568
699 2568
700 2568
701 2568
702 2568
703 2568
704 2568
705 2568
706 2568
707 2568
708 2568
709 2568
710 2568
711 2568
712 2568
713 2568
714 2568
715 2568
716 2568
717 2568
718 2568
719 2568
720 2568
721 2568
722 2568
723 2568
724 2568
725 2568
726 2568
727 2568
728 2568
729 2568
730 2568
731 2568
732 2568
733 2568
734 2568
735 2568
736 2568
737 2568
738 2568
739 2568
740 2568
741 2568
742 2568
743 2568
744 2568
745 2568
746 2568
747 2568
748 2568
749 2568
750 2568
751 2568
752 2568
753 2568
754 2568
755 2568
756 2568
757 2568
758 2568
759 2568
760 2568
761 2568
762 2568
763 2568
764 2568
765 2568
766 2568
767 2568
768 2568
769 2568
770 2568
771 2568
772 2568
773 2568
774 2568
775 2568
776 2568
777 2568
778 2568
779 2568
780 2568
781 2568
782 2568
783 2568
784 2568
785 2568
786 2568
787 2568
788 2568
789 2568
790 2568
791 2568
792 2568
793 2568
794 2568
795 2568
796 2568
797 2568
798 2568
799 2568
800 2568
801 2568
802 2568
803 2568
804 2568
805 2568
806 2568
807 2568
808 2568
809 2568
810 2568
811 2568
812 2568
813 2568
814 2568
815 2568
816 2568
817 2568
818 2568
819 2568
820 2568
821 2568
822 2568
823 2568
824 2568
825 2568
826 2568
827 2568
828 2568
829 2568
830 2568
831 2568
832 2568
833 2568
834 2568
835 2568
836 2568
837 2568
838 2568
839 2568
840 2568
841 2568
842 2568
843 2568
844 2568
845 2568
846 2568
847 2568
848 2568
849 2568
850 2568
851 2568
852 2568
853 2568
854 2568
855 2568
856 2568
857 2568
858 2568
859 2568
860 2568
861 2568
862 2568
863 2568
864 2568
865 2568
866 2568
867 2568
868 2568
869 2568
870 2568
871 2568
872 2568
873 2568
874 2568
875 2568
876 2568
877 2568
878 2568
879 2568
880 2568
881 2568
882 2568
883 2568
884 2568
885 2568
886 2568
887 2568
888 2568
889 2568
890 2568
891 2568
892 2568
893 2568
894 2568
895 2568
896 2568
897 2568
898 2568
899 2568
900 2568
901 2568
902 2568
903 2568
904 2568
905 2568
906 2568
907 2568
908 2568
909 2568
910 2568
911 2568
912 2568
913 2568
914 2568
915 2568
916 2568
917 2568
918 2568
919 2568
920 2568
921 2568
922 2568
923 2568
924 2568
925 2568
926 2568
927 2568
928 2568
929 2568
930 2568
931 2568
932 2568
933 2568
934 2568
935 2568
936 2568
937 2568
938 2568
939 2568
940 2568
941 2568
942 2568
943 2568
944 2568
945 2568
946 2568
947 2568
948 2568
949 2568
950 2568
951 2568
952 2568
953 2568
954 2568
955 2568
956 2568
957 2568
958 2568
959 2568
960 2568
961 2568
962 2568
963 2568
964 2568
965 2568
966 2568
967 2568
968 2568
969 2568
970 2568
971 2568
972 2568
973 2568
974 2568
975 2568
976 2568
977 2568
978 2568
979 2568
980 2568
981 2568
982 2568
983 2568
984 2568
985 2568
986 2568
987 2568
988 2568
989 2568
990 2568
991 2568
992 2568
993 2568
994 2568
995 2568
996 2568
997 2568
998 2568
999 2568
1000 2568
1001 2568
1002 2568
1003 2568
1004 2568
1005 2568
1006 2568
1007 2568
1008 2568
1009 2568
1010 2568
1011 2568
1012 2568
1013 2568
1014 2568
1015 2568
1016 2568
1017 2568
1018 2568
1019 2568
1020 2568
1021 2568
1022 2568
1023 2568
1024 2568
1025 2568
1026 2568
1027 2568
1028 2568
1029 2568
1030 2568
1031 2568
1032 2568
1033 2568
1034 2568
1035 2568
1036 2568
1037 2568
1038 2568
1039 2568
1040 2568
1041 2568
1042 2568
1043 2568
1044 2568
1045 2568
1046 2568
1047 2568
1048 2568
1049 2568
1050 2568
1051 2568
1052 2568
1053 2568
1054 2568
1055 2568
1056 2568
1057 2568
1058 2568
1059 2568
1060 2568
1061 2568
1062 2568
1063 2568
1064 2568
1065 2568
1066 2568
1067 2568
1068 2568
1069 2568
1070 2568
1071 2568
1072 2568
1073 2568
1074 2568
1075 2568
1076 2568
1077 2568
1078 2568
1079 2568
1080 2568
1081 2568
1082 2568
1083 2568
1084 2568
1085 2568
1086 2568
1087 2568
1088 2568
1089 2568
1090 2568
1091 2568
1092 2568
1093 2568
1094 2568
1095 2568
1096 2568
1097 2568
1098 2568
1099 2568
1100 2568
1101 2568
1102 2568
1103 2568
1104 2568
1105 2568
1106 2568
1107 2568
1108 2568
1109 2568
1110 2568
1111 2568
1112 2568
1113 2568
1114 2568
1115 2568
1116 2568
1117 2568
1118 2568
1119 2568
1120 2568
1121 2568
1122 2568
1123 2568
1124 2568
1125 2568
1126 2568
1127 2568
1128 2568
1129 2568
1130 2568
1131 2568
1132 2568
1133 2568
1134 2568
1135 2568
1136 2568
1137 2568
1138 2568
1139 2568
1140 2568
1141 2568
1142 2568
1143 2568
1144 2568
1145 2568
1146 2568
1147 2568
1148 2568
1149 2568
1150 2568
1151 2568
1152 2568
1153 2568
1154 2568
1155 2568
1156 2568
1157 2568
1158 2568
1159 2568
1160 2568
1161 2568
1162 2568
1163 2568
1164 2568
1165 2568
1166 2568
1167 2568
1168 2568
1169 2568
1170 2568
1171 2568
1172 2568
1173 2568
1174 2568
1175 2568
1176 2568
1177 2568
1178 2568
1179 2568
1180 2568
1181 2568
1182 2568
1183 2568
1184 2568
1185 2568
1186 2568
1187 2568
1188 2568
1189 2568
1190 2568
1191 2568
1192 2568
1193 2568
1194 2568
1195 2568
1196 2568
1197 2568
1198 2568
1199 2568
1200 2568
1201 2568
1202 2568
1203 2568
1204 2568
1205 2568
1206 2568
1207 2568
1208 2568
1209 2568
1210 2568
1211 2568
1212 2568
1213 2568
1214 2568
1215 2568
1216 2568
1217 2568
1218 2568
1219 2568
1220 2568
1221 2568
1222 2568
1223 2568
1224 2568
1225 2568
1226 2568
1227 2568
1228 2568
1229 2568
1230 2568
1231 2568
1232 2568
1233 2568
1234 2568
1235 2568
1236 2568
1237 2568
1238 2568
1239 2568
1240 2568
1241 2568
1242 2568
1243 2568
1244 2568
1245 2568
1246 2568
1247 2568
1248 2568
1249 2568
1250 2568
1251 2568
1252 2568
1253 2568
1254 2568
1255 2568
1256 2568
1257 2568
1258 2568
1259 2568
1260 2568
1261 2568
1262 2568
1263 2568
1264 2568
1265 2568
1266 2568
1267 2568
1268 2568
1269 2568
1270 2568
1271 2568
1272 2568
1273 2568
1274 2568
1275 2568
1276 2568
1277 2568
1278 2568
1279 2568
1280 2568
1281 2568
1282 2568
1283 2568
1284 2568
1285 2568
1286 2568
1287 2568
1288 2568
1289 2568
1290 2568
1291 2568
1292 2568
1293 2568
1294 2568
1295 2568
1296 2568
1297 2568
1298 2568
1299 2568
1300 2568
1301 2568
1302 2568
1303 2568
1304 2568
1305 2568
1306 2568
1307 2568
1308 2568
1309 2568
1310 2568
1311 2568
1312 2568
1313 2568
1314 2568
1315 2568
1316 2568
1317 2568
1318 2568
1319 2568
1320 2568
1321 2568
1322 2568
1323 2568
1324 2568
1325 2568
1326 2568
1327 2568
1328 2568
1329 2568
1330 2568
1331 2568
1332 2568
1333 2568
1334 2568
1335 2568
1336 2568
1337 2568
1338 2568
1339 2568
1340 2568
1341 2568
1342 2568
1343 2568
1344 2568
1345 2568
1346 2568
1347 2568
1348 2568
1349 2568
1350 2568
1351 2568
1352 2568
1353 2568
1354 2568
1355 2568
1356 2568
1357 2568
1358 2568
1359 2568
1360 2568
1361 2568
1362 2568
1363 2568
1364 2568
1365 2568
1366 2568
1367 2568
1368 2568
1369 2568
1370 2568
1371 2568
1372 2568
1373 2568
1374 2568
1375 2568
1376 2568
1377 2568
1378 2568
1379 2568
1380 2568
1381 2568
1382 2568
1383 2568
1384 2568
1385 2568
1386 2568
1387 2568
1388 2568
1389 2568
1390 2568
1391 2568
1392 2568
1393 2568
1394 2568
1395 2568
1396 2568
1397 2568
1398 2568
1399 2568
1400 2568
1401 2568
1402 2568
1403 2568
1404 2568
1405 2568
1406 2568
1407 2568
1408 2568
1409 2568
1410 2568
1411 2568
1412 2568
1413 2568
1414 2568
1415 2568
1416 2568
1417 2568
1418 2568
1419 2568
1420 2568
1421 2568
1422 2568
1423 2568
1424 2568
1425 2568
1426 2568
1427 2568
1428 2568
1429 2568
1430 2568
1431 2568
1432 2568
1433 2568
1434 2568
1435 2568
1436 2568
1437 2568
1438 2568
1439 2568
1440 2568
1441 2568
1442 2568
1443 2568
1444 2568
1445 2568
1446 2568
1447 2568
1448 2568
1449 2568
1450 2568
1451 2568
1452 2568
1453 2568
1454 2568
1455 2568
1456 2568
1457 2568
1458 2568
1459 2568
1460 2568
1461 2568
1462 2568
1463 2568
1464 2568
1465 2568
1466 2568
1467 2568
1468 2568
1469 2568
1470 2568
1471 2568
1472 2568
1473 2568
1474 2568
1475 2568
1476 2568
1477 2568
1478 2568
1479 2568
1480 2568
1481 2568
1482 2568
1483 2568
1484 2568
1485 2568
1486 2568
1487 2568
1488 2568
1489 2568
1490 2568
1491 2568
1492 2568
1493 2568
1494 2568
1495 2568
1496 2568
1497 2568
1498 2568
1499 2568
1500 2568
1501 2568
1502 2568
1503 2568
1504 2568
1505 2568
1506 2568
1507 2568
1508 2568
1509 2568
1510 2568
1511 2568
1512 2568
1513 2568
1514 2568
1515 2568
1516 2568
1517 2568
1518 2568
1519 2568
1520 2568
1521 2568
1522 2568
1523 2568
1524 2568
1525 2568
1526 2568
1527 2568
1528 2568
1529 2568
1530 2568
1531 2568
1532 2568
1533 2568
1534 2568
1535 2568
1536 2568
1537 2568
1538 2568
1539 2568
1540 2568
1541 2568
1542 2568
1543 2568
1544 2568
1545 2568
1546 2568
1547 2568
1548 2568
1549 2568
1550 2568
1551 2568
1552 2568
1553 2568
1554 2568
1555 2568
1556 2568
1557 2568
1558 2568
1559 2568
1560 2568
1561 2568
1562 2568
1563 2568
1564 2568
1565 2568
1566 2568
1567 2568
1568 2568
1569 2568
1570 2568
1571 2568
1572 2568
1573 2568
1574 2568
1575 2568
1576 2568
1577 2568
1578 2568
1579 2568
1580 2568
1581 2568
1582 2568
1583 2568
1584 2568
1585 2568
1586 2568
1587 2568
1588 2568
1589 2568
1590 2568
1591 2568
1592 2568
1593 2568
1594 2568
1595 2568
1596 2568
1597 2568
1598 2568
1599 2568
1600 2568
1601 2568
1602 2568
1603 2568
1604 2568
1605 2568
1606 2568
1607 2568
1608 2568
1609 2568
1610 2568
1611 2568
1612 2568
1613 2568
1614 2568
1615 2568
1616 2568
1617 2568
1618 2568
1619 2568
1620 2568
1621 2568
1622 2568
1623 2568
1624 2568
1625 2568
1626 2568
1627 2568
1628 2568
1629 2568
1630 2568
1631 2568
1632 2568
1633 2568
1634 2568
1635 2568
1636 2568
1637 2568
1638 2568
1639 2568
1640 2568
1641 2568
1642 2568
1643 2568
1644 2568
1645 2568
1646 2568
1647 2568
1648 2568
1649 2568
1650 2568
1651 2568
1652 2568
1653 2568
1654 2568
1655 2568
1656 2568
1657 2568
1658 2568
1659 2568
1660 2568
1661 2568
1662 2568
1663 2568
1664 2568
1665 2568
1666 2568
1667 2568
1668 2568
1669 2568
1670 2568
1671 2568
1672 2568
1673 2568
1674 2568
1675 2568
1676 2568
1677 2568
1678 2568
1679 2568
1680 2568
1681 2568
1682 2568
1683 2568
1684 2568
1685 2568
1686 2568
1687 2568
1688 2568
1689 2568
1690 2568
1691 2568
1692 2568
1693 2568
1694 2568
1695 2568
1696 2568
1697 2568
1698 2568
1699 2568
1700 2568
1701 2568
1702 2568
1703 2568
1704 2568
1705 2568
1706 2568
1707 2568
1708 2568
1709 2568
1710 2568
1711 2568
1712 2568
1713 2568
1714 2568
1715 2568
1716 2568
1717 2568
1718 2568
1719 2568
1720 2568
1721 2568
1722 2568
1723 2568
1724 2568
1725 2568
1726 2568
1727 2568
1728 2568
1729 2568
1730 2568
1731 2568
1732 2568
1733 2568
1734 2568
1735 2568
1736 2568
1737 2568
1738 2568
1739 2568
1740 2568
1741 2568
1742 2568
1743 2568
1744 2568
1745 2568
1746 2568
1747 2568
1748 2568
1749 2568
1750 2568
1751 2568
1752 2568
1753 2568
1754 2568
1755 2568
1756 2568
1757 2568
1758 2568
1759 2568
1760 2568
1761 2568
1762 2568
1763 2568
1764 2568
1765 2568
1766 2568
1767 2568
1768 2568
1769 2568
1770 2568
1771 2568
1772 2568
1773 2568
1774 2568
1775 2568
1776 2568
1777 2568
1778 2568
1779 2568
1780 2568
1781 2568
1782 2568
1783 2568
1784 2568
1785 2568
1786 2568
1787 2568
1788 2568
1789 2568
1790 2568
1791 2568
1792 2568
1793 2568
1794 2568
1795 2568
1796 2568
1797 2568
1798 2568
1799 2568
1800 2568
1801 2568
1802 2568
1803 2568
1804 2568
1805 2568
1806 2568
1807 2568
1808 2568
1809 2568
1810 2568
1811 2568
1812 2568
1813 2568
1814 2568
1815 2568
1816 2568
1817 2568
1818 2568
1819 2568
1820 2568
1821 2568
1822 2568
1823 2568
1824 2568
1825 2568
1826 2568
1827 2568
1828 2568
1829 2568
1830 2568
1831 2568
1832 2568
1833 2568
1834 2568
1835 2568
1836 2568
1837 2568
1838 2568
1839 2568
1840 2568
1841 2568
1842 2568
1843 2568
1844 2568
1845 2568
1846 2568
1847 2568
1848 2568
1849 2568
1850 2568
1851 2568
1852 2568
1853 2568
1854 2568
1855 2568
1856 2568
1857 2568
1858 2568
1859 2568
1860 2568
1861 2568
1862 2568
1863 2568
1864 2568
1865 2568
1866 2568
1867 2568
1868 2568
1869 2568
1870 2568
1871 2568
1872 2568
1873 2568
1874 2568
1875 2568
1876 2568
1877 2568
1878 2568
1879 2568
1880 2568
1881 2568
1882 2568
1883 2568
1884 2568
1885 2568
1886 2568
1887 2568
1888 2568
1889 2568
1890 2568
1891 2568
1892 2568
1893 2568
1894 2568
1895 2568
1896 2568
1897 2568
1898 2568
1899 2568
1900 2568
1901 2568
1902 2568
1903 2568
1904 2568
1905 2568
1906 2568
1907 2568
1908 2568
1909 2568
1910 2568
1911 2568
1912 2568
1913 2568
1914 2568
1915 2568
1916 2568
1917 2568
1918 2568
1919 2568
1920 2568
1921 2568
1922 2568
1923 2568
1924 2568
1925 2568
1926 2568
1927 2568
1928 2568
1929 2568
1930 2568
1931 2568
1932 2568
1933 2568
1934 2568
1935 2568
1936 2568
1937 2568
1938 2568
1939 2568
1940 2568
1941 2568
1942 2568
1943 2568
1944 2568
1945 2568
1946 2568
1947 2568
1948 2568
1949 2568
1950 2568
1951 2568
1952 2568
1953 2568
1954 2568
1955 2568
1956 2568
1957 2568
1958 2568
1959 2568
1960 2568
1961 2568
1962 2568
1963 2568
1964 2568
1965 2568
1966 2568
1967 2568
1968 2568
1969 2568
1970 2568
1971 2568
1972 2568
1973 2568
1974 2568
1975 2568
1976 2568
1977 2568
1978 2568
1979 2568
1980 2568
1981 2568
1982 2568
1983 2568
1984 2568
1985 2568
1986 2568
1987 2568
1988 2568
1989 2568
1990 2568
1991 2568
1992 2568
1993 2568
1994 2568
1995 2568
1996 2568
1997 2568
1998 2568
1999 2568
2000 2568
2001 2568
2002 2568
2003 2568
2004 2568
2005 2568
2006 2568
2007 2568
2008 2568
2009 2568
2010 2568
2011 2568
2012 2568
2013 2568
2014 2568
2015 2568
2016 2568
2017 2568
2018 2568
2019 2568
2020 2568
2021 2568
2022 2568
2023 2568
2024 2568
2025 2568
2026 2568
2027 2568
2028 2568
2029 2568
2030 2568
2031 2568
2032 2568
2033 2568
2034 2568
2035 2568
2036 2568
2037 2568
2038 2568
2039 2568
2040 2568
2041 2568
2042 2568
2043 2568
2044 2568
2045 2568
2046 2568
2047 2568
2048 2568
2049 2568
2050 2568
2051 2568
2052 2568
2053 2568
2054 2568
2055 2568
2056 2568
2057 2568
2058 2568
2059 2568
2060 2568
2061 2568
2062 2568
2063 2568
2064 2568
2065 2568
2066 2568
2067 2568
2068 2568
2069 2568
2070 2568
2071 2568
2072 2568
2073 2568
2074 2568
2075 2568
2076 2568
2077 2568
2078 2568
2079 2568
2080 2568
2081 2568
2082 2568
2083 2568
2084 2568
2085 2568
2086 2568
2087 2568
2088 2568
2089 2568
2090 2568
2091 2568
2092 2568
2093 2568
2094 2568
2095 2568
2096 2568
2097 2568
2098 2568
2099 2568
2100 2568
2101 2568
2102 2568
2103 2568
2104 2568
2105 2568
2106 2568
2107 2568
2108 2568
2109 2568
2110 2568
2111 2568
2112 2568
2113 2568
2114 2568
2115 2568
2116 2568
2117 2568
2118 2568
2119 2568
2120 2568
2121 2568
2122 2568
2123 2568
2124 2568
2125 2568
2126 2568
2127 2568
2128 2568
2129 2568
2130 2568
2131 2568
2132 2568
2133 2568
2134 2568
2135 2568
2136 2568
2137 2568
2138 2568
2139 2568
2140 2568
2141 2568
2142 2568
2143 2568
2144 2568
2145 2568
2146 2568
2147 2568
2148 2568
2149 2568
2150 2568
2151 2568
2152 2568
2153 2568
2154 2568
2155 2568
2156 2568
2157 2568
2158 2568
2159 2568
2160 2568
2161 2568
2162 2568
2163 2568
2164 2568
2165 2568
2166 2568
2167 2568
2168 2568
2169 2568
2170 2568
2171 2568
2172 2568
2173 2568
2174 2568
2175 2568
2176 2568
2177 2568
2178 2568
2179 2568
2180 2568
2181 2568
2182 2568
2183 2568
2184 2568
2185 2568
2186 2568
2187 2568
2188 2568
2189 2568
2190 2568
2191 2568
2192 2568
2193 2568
2194 2568
2195 2568
2196 2568
2197 2568
2198 2568
2199 2568
2200 2568
2201 2568
2202 2568
2203 2568
2204 2568
2205 2568
2206 2568
2207 2568
2208 2568
2209 2568
2210 2568
2211 2568
2212 2568
2213 2568
2214 2568
2215 2568
2216 2568
2217 2568
2218 2568
2219 2568
2220 2568
2221 2568
2222 2568
2223 2568
2224 2568
2225 2568
2226 2568
2227 2568
2228 2568
2229 2568
2230 2568
2231 2568
2232 2568
2233 2568
2234 2568
2235 2568
2236 2568
2237 2568
2238 2568
2239 2568
2240 2568
2241 2568
2242 2568
2243 2568
2244 2568
2245 2568
2246 2568
2247 2568
2248 2568
2249 2568
2250 2568
2251 2568
2252 2568
2253 2568
2254 2568
2255 2568
2256 2568
2257 2568
2258 2568
2259 2568
2260 2568
2261 2568
2262 2568
2263 2568
2264 2568
2265 2568
2266 2568
2267 2568
2268 2568
2269 2568
2270 2568
2271 2568
2272 2568
2273 2568
2274 2568
2275 2568
2276 2568
2277 2568
2278 2568
2279 2568
2280 2568
2281 2568
2282 2568
2283 2568
2284 2568
2285 2568
2286 2568
2287 2568
2288 2568
2289 2568
2290 2568
2291 2568
2292 2568
2293 2568
2294 2568
2295 2568
2296 2568
2297 2568
2298 2568
2299 2568
2300 2568
2301 2568
2302 2568
2303 2568
2304 2568
2305 2568
2306 2568
2307 2568
2308 2568
2309 2568
2310 2568
2311 2568
2312 2568
2313 2568
2314 2568
2315 2568
2316 2568
2317 2568
2318 2568
2319 2568
2320 2568
2321 2568
2322 2568
2323 2568
2324 2568
2325 2568
2326 2568
2327 2568
2328 2568
2329 2568
2330 2568
2331 2568
2332 2568
2333 2568
2334 2568
2335 2568
2336 2568
2337 2568
2338 2568
2339 2568
2340 2568
2341 2568
2342 2568
2343 2568
2344 2568
2345 2568
2346 2568
2347 2568
2348 2568
2349 2568
2350 2568
2351 2568
2352 2568
2353 2568
2354 2568
2355 2568
2356 2568
2357 2568
2358 2568
2359 2568
2360 2568
2361 2568
2362 2568
2363 2568
2364 2568
2365 2568
2366 2568
2367 2568
2368 2568
2369 2568
2370 2568
2371 2568
2372 2568
2373 2568
2374 2568
2375 2568
2376 2568
2377 2568
2378 2568
2379 2568
2380 2568
2381 2568
2382 2568
2383 2568
2384 2568
2385 2568
2386 2568
2387 2568
2388 2568
2389 2568
2390 2568
2391 2568
2392 2568
2393 2568
2394 2568
2395 2568
2396 2568
2397 2568
2398 2568
2399 2568
2400 2568
2401 2568
2402 2568
2403 2568
2404 2568
2405 2568
2406 2568
2407 2568
2408 2568
2409 2568
2410 2568
2411 2568
2412 2568
2413 2568
2414 2568
2415 2568
2416 2568
2417 2568
2418 2568
2419 2568
2420 2568
2421 2568
2422 2568
2423 2568
2424 2568
2425 2568
2426 2568
2427 2568
2428 2568
2429 2568
2430 2568
2431 2568
2432 2568
2433 2568
2434 2568
2435 2568
2436 2568
2437 2568
2438 2568
2439 2568
2440 2568
2441 2568
2442 2568
2443 2568
2444 2568
2445 2568
2446 2568
2447 2568
2448 2568
2449 2568
2450 2568
2451 2568
2452 2568
2453 2568
2454 2568
2455 2568
2456 2568
2457 2568
2458 2568
2459 2568
2460 2568
2461 2568
2462 2568
2463 2568
2464 2568
2465 2568
2466 2568
2467 2568
2468 2568
2469 2568
2470 2568
2471 2568
2472 2568
2473 2568
2474 2568
2475 2568
2476 2568
2477 2568
2478 2568
2479 2568
2480 2568
2481 2568
2482 2568
2483 2568
2484 2568
2485 2568
2486 2568
2487 2568
2488 2568
2489 2568
2490 2568
2491 2568
2492 2568
2493 2568
2494 2568
2495 2568
2496 2568
2497 2568
2498 2568
2499 2568
2500 2568
2501 2568
2502 2568
2503 2568
2504 2568
2505 2568
2506 2568
2507 2568
2508 2568
2509 2568
2510 2568
2511 2568
2512 2568
2513 2568
2514 2568
2515 2568
2516 2568
2517 2568
2518 2568
2519 2568
2520 2568
2521 2568
2522 2568
2523 2568
2524 2568
2525 2568
2526 2568
2527 2568
2528 2568
2529 2568
2530 2568
2531 2568
2532 2568
2533 2568
2534 2568
2535 2568
2536 2568
2537 2568
2538 2568
2539 2568
2540 2568
2541 2568
2542 2568
2543 2568
2544 2568
2545 2568
2546 2568
2547 2568
2548 2568
2549 2568
2550 2568
2551 2568
2552 2568
2553 2568
2554 2568
2555 2568
2556 2568
2557 2568
2558 2568
2559 2568
2560 2568
2561 2568
2562 2568
2563 2568
2564 2568
2565 2568
2566 2568
2567 2568
2568 2568
2569 2568
2570 2568
2571 2568
2572 2568
2573 2568
2574 2568
2575 2568
2576 2568
2577 2568
2578 2568
2579 2568
2580 2568
2581 2568
2582 2568
2583 2568
2584 2568
2585 2568
2586 2568
2587 2568
2588 2568
2589 2568
2590 2568
2591 2568
2592 2568
2593 2568
2594 2568
2595 2568
2596 2568
2597 2568
2598 2568
2599 2568
2600 2568
2601 2568
2602 2568
2603 2568
2604 2568
2605 2568
2606 2568
2607 2568
2608 2568
2609 2568
2610 2568
2611 2568
2612 2568
2613 2568
2614 2568
2615 2568
2616 2568
2617 2568
2618 2568
2619 2568
2620 2568
2621 2568
2622 2568
2623 2568
2624 2568
2625 2568
2626 2568
2627 2568
2628 2568
2629 2568
2630 2568
2631 2568
2632 2568
2633 2568
2634 2568
2635 2568
2636 2568
2637 2568
2638 2568
2639 2568
2640 2568
2641 2568
2642 2568
2643 2568
2644 2568
2645 2568
2646 2568
2647 2568
2648 2568
2649 2568
2650 2568
2651 2568
2652 2568
2653 2568
2654 2568
2655 2568
2656 2568
2657 2568
2658 2568
2659 2568
2660 2568
2661 2568
2662 2568
2663 2568
2664 2568
2665 2568
2666 2568
2667 2568
2668 2568
2669 2568
2670 2568
2671 2568
2672 2568
2673 2568
2674 2568
2675 2568
2676 2568
2677 2568
2678 2568
2679 2568
2680 2568
2681 2568
2682 2568
2683 2568
2684 2568
2685 2568
2686 2568
2687 2568
2688 2568
2689 2568
2690 2568
2691 2568
2692 2568
2693 2568
2694 2568
2695 2568
2696 2568
2697 2568
2698 2568
2699 2568
2700 2568
2701 2568
2702 2568
2703 2568
2704 2568
2705 2568
2706 2568
2707 2568
2708 2568
2709 2568
2710 2568
2711 2568
2712 2568
2713 2568
2714 2568
2715 2568
2716 2568
2717 2568
2718 2568
2719 2568
2720 2568
2721 2568
2722 2568
2723 2568
2724 2568
2725 2568
2726 2568
2727 2568
2728 2568
2729 2568
2730 2568
2731 2568
2732 2568
2733 2568
2734 2568
2735 2568
2736 2568
2737 2568
2738 2568
2739 2568
2740 2568
2741 2568
2742 2568
2743 2568
2744 2568
2745 2568
2746 2568
2747 2568
2748 2568
2749 2568
2750 2568
2751 2568
2752 2568
2753 2568
2754 2568
2755 2568
2756 2568
2757 2568
2758 2568
2759 2568
2760 2568
2761 2568
2762 2568
2763 2568
2764 2568
2765 2568
2766 2568
2767 2568
2768 2568
2769 2568
2770 2568
2771 2568
2772 2568
2773 2568
2774 2568
2775 2568
2776 2568
2777 2568
2778 2568
2779 2568
2780 2568
2781 2568
2782 2568
2783 2568
2784 2568
2785 2568
2786 2568
2787 2568
2788 2568
2789 2568
2790 2568
2791 2568
2792 2568
2793 2568
2794 2568
2795 2568
2796 2568
2797 2568
2798 2568
2799 2568
2800 2568
2801 2568
2802 2568
2803 2568
2804 2568
2805 2568
2806 2568
2807 2568
2808 2568
2809 2568
2810 2568
2811 2568
2812 2568
2813 2568
2814 2568
2815 2568
2816 2568
2817 2568
2818 2568
2819 2568
2820 2568
2821 2568
2822 2568
2823 2568
2824 2568
2825 2568
2826 2568
2827 2568
2828 2568
2829 2568
2830 2568
2831 2568
2832 2568
2833 2568
2834 2568
2835 2568
2836 2568
2837 2568
2838 2568
2839 2568
2840 2568
2841 2568
2842 2568
2843 2568
2844 2568
2845 2568
2846 2568
2847 2568
2848 2568
2849 2568
2850 2568
2851 2568
2852 2568
2853 2568
2854 2568
2855 2568
2856 2568
2857 2568
2858 2568
2859 2568
2860 2568
2861 2568
2862 2568
2863 2568
2864 2568
2865 2568
2866 2568
2867 2568
2868 2568
2869 2568
2870 2568
2871 2568
2872 2568
2873 2568
2874 2568
2875 2568
2876 2568
2877 2568
2878 2568
2879 2568
2880 2568
2881 2568
2882 2568
2883 2568
2884 2568
2885 2568
2886 2568
2887 2568
2888 2568
2889 2568
2890 2568
2891 2568
2892 2568
2893 2568
2894 2568
2895 2568
2896 2568
2897 2568
2898 2568
2899 2568
2900 2568
2901 2568
2902 2568
2903 2568
2904 2568
2905 2568
2906 2568
2907 2568
2908 2568
2909 2568
2910 2568
2911 2568
2912 2568
2913 2568
2914 2568
2915 2568
2916 2568
2917 2568
2918 2568
2919 2568
2920 2568
2921 2568
2922 2568
2923 2568
2924 2568
2925 2568
2926 2568
2927 2568
2928 2568
2929 2568
2930 2568
2931 2568
2932 2568
2933 2568
2934 2568
2935 2568
2936 2568
2937 2568
2938 2568
2939 2568
2940 2568
2941 2568
2942 2568
2943 2568
2944 2568
2945 2568
2946 2568
2947 2568
2948 2568
2949 2568
2950 2568
2951 2568
2952 2568
2953 2568
2954 2568
2955 2568
2956 2568
2957 2568
2958 2568
2959 2568
2960 2568
2961 2568
2962 2568
2963 2568
2964 2568
2965 2568
2966 2568
2967 2568
2968 2568
2969 2568
2970 2568
2971 2568
2972 2568
2973 2568
2974 2568
2975 2568
2976 2568
2977 2568
2978 2568
2979 2568
2980 2568
2981 2568
2982 2568
2983 2568
2984 2568
2985 2568
2986 2568
2987 2568
2988 2568
2989 2568
2990 2568
2991 2568
2992 2568
2993 2568
2994 2568
2995 2568
2996 2568
2997 2568
2998 2568
2999 2568
3000 2568
3001 2568
3002 2568
3003 2568
3004 2568
3005 2568
3006 2568
3007 2568
3008 2568
3009 2568
3010 2568
3011 2568
3012 2568
3013 2568
3014 2568
3015 2568
3016 2568
3017 2568
3018 2568
3019 2568
3020 2568
3021 2568
3022 2568
3023 2568
3024 2568
3025 2568
3026 2568
3027 2568
3028 2568
3029 2568
3030 2568
3031 2568
3032 2568
3033 2568
3034 2568
3035 2568
3036 2568
3037 2568
3038 2568
3039 2568
3040 2568
3041 2568
3042 2568
3043 2568
3044 2568
3045 2568
3046 2568
3047 2568
3048 2568
3049 2568
3050 2568
3051 2568
3052 2568
3053 2568
3054 2568
3055 2568
3056 2568
3057 2568
3058 2568
3059 2568
3060 2568
3061 2568
3062 2568
3063 2568
3064 2568
3065 2568
3066 2568
3067 2568
3068 2568
3069 2568
3070 2567
3071 2566
3072 2566
3073 2566
3074 2566
3075 2566
3076 2565
3077 2565
3078 2565
3079 2565
3080 2565
3081 2564
3082 2564
3083 2564
3084 2564
3085 2564
3086 2563
3087 2563
3088 2563
3089 2563
3090 2563
3091 2562
3092 2561
3093 2561
3094 2561
3095 2561
3096 2557
3097 2555
3098 2554
3099 2554
3100 2554
3101 2554
3102 2554
3103 2553
3104 2551
3105 2550
3106 2550
3107 2550
3108 2550
3109 2549
3110 2549
3111 2548
3112 2548
3113 2546
3114 2546
3115 2546
3116 2545
3117 2544
3118 2544
3119 2544
3120 2543
3121 2543
3122 2543
3123 2543
3124 2543
3125 2543
3126 2542
3127 2542
3128 2542
3129 2541
3130 2541
3131 2541
3132 2541
3133 2541
3134 2539
3135 2539
3136 2539
3137 2539
3138 2539
3139 2537
3140 2537
3141 2536
3142 2536
3143 2536
3144 2534
3145 2534
3146 2534
3147 2534
3148 2534
3149 2534
3150 2534
3151 2534
3152 2534
3153 2534
3154 2534
3155 2534
3156 2534
3157 2534
3158 2533
3159 2533
3160 2529
3161 2528
3162 2524
3163 2523
3164 2521
3165 2520
3166 2520
3167 2520
3168 2520
3169 2520
3170 2520
3171 2520
3172 2520
3173 2520
3174 2520
3175 2520
3176 2520
3177 2520
3178 2520
3179 2520
3180 2520
3181 2519
3182 2519
3183 2519
3184 2519
3185 2519
3186 2519
3187 2518
3188 2518
3189 2518
3190 2518
3191 2518
3192 2518
3193 2518
3194 2518
3195 2518
3196 2518
3197 2517
3198 2517
3199 2516
3200 2515
3201 2513
3202 2513
3203 2513
3204 2513
3205 2513
3206 2513
3207 2513
3208 2512
3209 2509
3210 2509
3211 2509
3212 2509
3213 2509
3214 2509
3215 2508
3216 2508
3217 2506
3218 2506
3219 2506
3220 2506
3221 2505
3222 2505
3223 2505
3224 2505
3225 2504
3226 2496
3227 2491
3228 2486
3229 2481
3230 2480
3231 2480
3232 2479
3233 2479
3234 2478
3235 2478
3236 2478
3237 2478
3238 2477
3239 2477
3240 2477
3241 2477
3242 2477
3243 2477
3244 2477
3245 2475
3246 2475
3247 2475
3248 2474
3249 2473
3250 2473
3251 2472
3252 2470
3253 2470
3254 2470
3255 2469
3256 2469
3257 2468
3258 2468
3259 2468
3260 2468
3261 2468
3262 2468
3263 2468
3264 2468
3265 2468
3266 2468
3267 2468
3268 2467
3269 2466
3270 2466
3271 2466
3272 2466
3273 2465
3274 2463
3275 2463
3276 2463
3277 2463
3278 2463
3279 2461
3280 2461
3281 2461
3282 2461
3283 2461
3284 2461
3285 2461
3286 2461
3287 2460
3288 2460
3289 2460
3290 2460
3291 2452
3292 2440
3293 2436
3294 2427
3295 2426
3296 2426
3297 2426
3298 2426
3299 2426
3300 2426
3301 2426
3302 2426
3303 2426
3304 2425
3305 2425
3306 2425
3307 2425
3308 2425
3309 2425
3310 2425
3311 2424
3312 2423
3313 2422
3314 2422
3315 2421
3316 2421
3317 2421
3318 2421
3319 2421
3320 2420
3321 2420
3322 2420
3323 2419
3324 2419
3325 2419
3326 2419
3327 2419
3328 2419
3329 2419
3330 2419
3331 2418
3332 2418
3333 2418
3334 2418
3335 2418
3336 2417
3337 2417
3338 2417
3339 2417
3340 2417
3341 2417
3342 2417
3343 2417
3344 2417
3345 2417
3346 2417
3347 2417
3348 2415
3349 2415
3350 2415
3351 2414
3352 2414
3353 2414
3354 2414
3355 2414
3356 2413
3357 2413
3358 2403
3359 2395
3360 2385
3361 2379
3362 2379
3363 2379
3364 2379
3365 2379
3366 2377
3367 2377
3368 2377
3369 2377
3370 2377
3371 2376
3372 2376
3373 2376
3374 2374
3375 2374
3376 2374
3377 2374
3378 2374
3379 2373
3380 2373
3381 2372
3382 2372
3383 2372
3384 2372
3385 2372
3386 2372
3387 2371
3388 2371
3389 2371
3390 2369
3391 2367
3392 2367
3393 2367
3394 2367
3395 2367
3396 2367
3397 2367
3398 2367
3399 2366
3400 2366
3401 2366
3402 2366
3403 2366
3404 2365
3405 2365
3406 2365
3407 2365
3408 2365
3409 2365
3410 2365
3411 2365
3412 2364
3413 2364
3414 2364
3415 2364
3416 2364
3417 2364
3418 2364
3419 2364
3420 2364
3421 2363
3422 2363
3423 2363
3424 2363
3425 2363
3426 2362
3427 2353
3428 2335
3429 2319
3430 2315
3431 2315
3432 2315
3433 2315
3434 2315
3435 2315
3436 2315
3437 2315
3438 2314
3439 2314
3440 2314
3441 2314
3442 2314
3443 2314
3444 2314
3445 2314
3446 2313
3447 2313
3448 2313
3449 2313
3450 2313
3451 2312
3452 2312
3453 2312
3454 2312
3455 2312
3456 2312
3457 2312
3458 2312
3459 2312
3460 2311
3461 2311
3462 2311
3463 2311
3464 2311
3465 2311
3466 2311
3467 2311
3468 2311
3469 2311
3470 2310
3471 2309
3472 2309
3473 2309
3474 2309
3475 2309
3476 2309
3477 2308
3478 2308
3479 2308
3480 2308
3481 2308
3482 2308
3483 2307
3484 2307
3485 2307
3486 2307
3487 2307
3488 2307
3489 2306
3490 2306
3491 2306
3492 2306
3493 2306
3494 2295
3495 2265
3496 2254
3497 2248
3498 2247
3499 2246
3500 2246
3501 2245
3502 2245
3503 2245
3504 2245
3505 2245
3506 2243
3507 2243
3508 2241
3509 2240
3510 2239
3511 2239
3512 2239
3513 2239
3514 2238
3515 2238
3516 2237
3517 2237
3518 2236
3519 2236
3520 2235
3521 2235
3522 2234
3523 2232
3524 2232
3525 2232
3526 2232
3527 2231
3528 2230
3529 2230
3530 2230
3531 2230
3532 2230
3533 2230
3534 2230
3535 2229
3536 2228
3537 2227
3538 2227
3539 2227
3540 2226
3541 2226
3542 2226
3543 2225
3544 2224
3545 2224
3546 2224
3547 2223
3548 2223
3549 2223
3550 2223
3551 2223
3552 2222
3553 2221
3554 2220
3555 2220
3556 2219
3557 2219
3558 2219
3559 2218
3560 2213
3561 2194
3562 2183
3563 2165
3564 2165
3565 2165
3566 2164
3567 2164
3568 2164
3569 2164
3570 2164
3571 2163
3572 2163
3573 2163
3574 2163
3575 2163
3576 2161
3577 2161
3578 2161
3579 2161
3580 2161
3581 2161
3582 2160
3583 2160
3584 2160
3585 2160
3586 2159
3587 2159
3588 2159
3589 2159
3590 2159
3591 2159
3592 2159
3593 2159
3594 2158
3595 2158
3596 2158
3597 2158
3598 2158
3599 2158
3600 2158
3601 2158
3602 2158
3603 2158
3604 2158
3605 2158
3606 2158
3607 2158
3608 2158
3609 2156
3610 2156
3611 2156
3612 2155
3613 2155
3614 2155
3615 2155
3616 2155
3617 2155
3618 2154
3619 2154
3620 2154
3621 2153
3622 2153
3623 2153
3624 2153
3625 2153
3626 2153
3627 2142
3628 2126
3629 2098
3630 2089
3631 2089
3632 2089
3633 2089
3634 2089
3635 2089
3636 2089
3637 2089
3638 2089
3639 2089
3640 2089
3641 2089
3642 2089
3643 2088
3644 2088
3645 2088
3646 2088
3647 2088
3648 2088
3649 2087
3650 2086
3651 2086
3652 2086
3653 2086
3654 2086
3655 2086
3656 2085
3657 2083
3658 2083
3659 2083
3660 2082
3661 2082
3662 2081
3663 2081
3664 2081
3665 2081
3666 2081
3667 2081
3668 2081
3669 2081
3670 2081
3671 2081
3672 2081
3673 2081
3674 2081
3675 2081
3676 2081
3677 2081
3678 2081
3679 2081
3680 2081
3681 2081
3682 2080
3683 2080
3684 2080
3685 2080
3686 2079
3687 2078
3688 2078
3689 2078
3690 2072
3691 2064
3692 2040
3693 2019
3694 2019
3695 2019
3696 2019
3697 2017
3698 2017
3699 2017
3700 2015
3701 2013
3702 2013
3703 2013
3704 2012
3705 2012
3706 2012
3707 2012
3708 2011
3709 2010
3710 2010
3711 2010
3712 2010
3713 2010
3714 2010
3715 2010
3716 2010
3717 2010
3718 2010
3719 2010
3720 2010
3721 2009
3722 2009
3723 2009
3724 2009
3725 2008
3726 2007
3727 2007
3728 2007
3729 2007
3730 2007
3731 2007
3732 2007
3733 2007
3734 2007
3735 2007
3736 2007
3737 2007
3738 2007
3739 2007
3740 2007
3741 2007
3742 2007
3743 2007
3744 2007
3745 2007
3746 2007
3747 2007
3748 2007
3749 2007
3750 2007
3751 1980
3752 1957
3753 1946
3754 1946
3755 1946
3756 1946
3757 1946
3758 1946
3759 1946
3760 1946
3761 1946
3762 1946
3763 1946
3764 1946
3765 1946
3766 1946
3767 1946
3768 1946
3769 1946
3770 1946
3771 1946
3772 1946
3773 1946
3774 1946
3775 1946
3776 1946
3777 1946
3778 1946
3779 1946
3780 1946
3781 1946
3782 1946
3783 1946
3784 1946
3785 1946
3786 1946
3787 1946
3788 1946
3789 1946
3790 1946
3791 1946
3792 1946
3793 1946
3794 1946
3795 1946
3796 1946
3797 1946
3798 1946
3799 1946
3800 1946
3801 1946
3802 1946
3803 1946
3804 1946
3805 1946
3806 1946
3807 1946
3808 1946
3809 1946
3810 1946
3811 1946
3812 1946
3813 1929
3814 1908
3815 1878
3816 1858
3817 1858
3818 1858
3819 1858
3820 1858
3821 1858
3822 1858
3823 1858
3824 1858
3825 1858
3826 1858
3827 1858
3828 1858
3829 1858
3830 1858
3831 1858
3832 1858
3833 1858
3834 1858
3835 1858
3836 1858
3837 1858
3838 1858
3839 1858
3840 1858
3841 1858
3842 1858
3843 1858
3844 1858
3845 1858
3846 1858
3847 1858
3848 1858
3849 1858
3850 1858
3851 1858
3852 1858
3853 1858
3854 1858
3855 1858
3856 1858
3857 1858
3858 1858
3859 1858
3860 1858
3861 1858
3862 1858
3863 1858
3864 1858
3865 1858
3866 1858
3867 1858
3868 1858
3869 1858
3870 1852
3871 1832
3872 1803
3873 1796
3874 1796
3875 1796
3876 1796
3877 1796
3878 1796
3879 1796
3880 1796
3881 1796
3882 1796
3883 1796
3884 1796
3885 1796
3886 1796
3887 1796
3888 1796
3889 1796
3890 1796
3891 1796
3892 1796
3893 1796
3894 1796
3895 1796
3896 1796
3897 1796
3898 1796
3899 1796
3900 1796
3901 1796
3902 1796
3903 1796
3904 1796
3905 1796
3906 1796
3907 1796
3908 1796
3909 1796
3910 1796
3911 1796
3912 1796
3913 1796
3914 1796
3915 1796
3916 1796
3917 1796
3918 1796
3919 1796
3920 1796
3921 1796
3922 1796
3923 1796
3924 1796
3925 1796
3926 1796
3927 1796
3928 1796
3929 1796
3930 1796
3931 1796
3932 1788
3933 1765
3934 1735
3935 1718
3936 1718
3937 1718
3938 1718
3939 1718
3940 1718
3941 1718
3942 1718
3943 1718
3944 1718
3945 1718
3946 1718
3947 1718
3948 1718
3949 1718
3950 1718
3951 1718
3952 1718
3953 1718
3954 1718
3955 1718
3956 1718
3957 1718
3958 1718
3959 1718
3960 1718
3961 1718
3962 1718
3963 1718
3964 1718
3965 1718
3966 1718
3967 1718
3968 1718
3969 1718
3970 1718
3971 1718
3972 1718
3973 1718
3974 1718
3975 1718
3976 1718
3977 1718
3978 1718
3979 1718
3980 1718
3981 1718
3982 1718
3983 1718
3984 1718
3985 1718
3986 1718
3987 1718
3988 1718
3989 1718
3990 1718
3991 1718
3992 1718
3993 1718
3994 1718
3995 1718
3996 1718
3997 1718
3998 1718
3999 1718
4000 1718
4001 1718
4002 1718
4003 1718
4004 1718
4005 1702
4006 1676
4007 1659
4008 1659
4009 1659
4010 1659
4011 1659
4012 1659
4013 1659
4014 1659
4015 1659
4016 1659
4017 1659
4018 1659
4019 1659
4020 1659
4021 1659
4022 1659
4023 1659
4024 1659
4025 1659
4026 1659
4027 1659
4028 1659
4029 1659
4030 1659
4031 1659
4032 1659
4033 1659
4034 1659
4035 1659
4036 1659
4037 1659
4038 1659
4039 1659
4040 1659
4041 1659
4042 1659
4043 1659
4044 1659
4045 1659
4046 1659
4047 1659
4048 1659
4049 1659
4050 1659
4051 1659
4052 1659
4053 1659
4054 1659
4055 1659
4056 1659
4057 1659
4058 1659
4059 1659
4060 1659
4061 1659
4062 1659
4063 1659
4064 1659
4065 1659
4066 1659
4067 1659
4068 1659
4069 1659
4070 1659
4071 1659
4072 1659
4073 1659
4074 1659
4075 1659
4076 1650
4077 1643
4078 1624
4079 1607
4080 1607
4081 1607
4082 1607
4083 1607
4084 1607
4085 1607
4086 1607
4087 1607
4088 1607
4089 1607
4090 1607
4091 1607
4092 1607
4093 1607
4094 1607
4095 1607
4096 1607
4097 1607
4098 1607
4099 1607
4100 1607
4101 1607
4102 1607
4103 1607
4104 1607
4105 1607
4106 1607
4107 1607
4108 1607
4109 1607
4110 1607
4111 1607
4112 1607
4113 1607
4114 1607
4115 1607
4116 1607
4117 1607
4118 1607
4119 1607
4120 1607
4121 1607
4122 1607
4123 1607
4124 1607
4125 1607
4126 1607
4127 1607
4128 1607
4129 1607
4130 1607
4131 1607
4132 1607
4133 1607
4134 1607
4135 1607
4136 1607
4137 1607
4138 1607
4139 1607
4140 1607
4141 1607
4142 1607
4143 1607
4144 1607
4145 1607
4146 1607
4147 1607
4148 1607
4149 1596
4150 1579
4151 1556
4152 1552
4153 1552
4154 1552
4155 1552
4156 1552
4157 1552
4158 1552
4159 1552
4160 1552
4161 1552
4162 1552
4163 1552
4164 1552
4165 1552
4166 1552
4167 1552
4168 1552
4169 1552
4170 1552
4171 1552
4172 1552
4173 1552
4174 1552
4175 1552
4176 1552
4177 1552
4178 1552
4179 1552
4180 1552
4181 1552
4182 1552
4183 1552
4184 1552
4185 1552
4186 1552
4187 1552
4188 1552
4189 1552
4190 1552
4191 1552
4192 1552
4193 1552
4194 1552
4195 1552
4196 1552
4197 1552
4198 1552
4199 1552
4200 1552
4201 1552
4202 1552
4203 1552
4204 1552
4205 1552
4206 1552
4207 1552
4208 1552
4209 1552
4210 1552
4211 1552
4212 1552
4213 1552
4214 1552
4215 1552
4216 1552
4217 1552
4218 1552
4219 1552
4220 1548
4221 1535
4222 1512
4223 1503
4224 1503
4225 1503
4226 1503
4227 1503
4228 1503
4229 1503
4230 1503
4231 1503
4232 1503
4233 1503
4234 1503
4235 1503
4236 1503
4237 1503
4238 1503
4239 1503
4240 1503
4241 1503
4242 1503
4243 1503
4244 1503
4245 1503
4246 1503
4247 1503
4248 1503
4249 1503
4250 1503
4251 1503
4252 1503
4253 1503
4254 1503
4255 1503
4256 1503
4257 1503
4258 1503
4259 1503
4260 1503
4261 1503
4262 1503
4263 1503
4264 1503
4265 1503
4266 1503
4267 1503
4268 1503
4269 1503
4270 1503
4271 1503
4272 1503
4273 1503
4274 1503
4275 1503
4276 1503
4277 1503
4278 1503
4279 1503
4280 1503
4281 1503
4282 1503
4283 1503
4284 1503
4285 1503
4286 1503
4287 1503
4288 1503
4289 1499
4290 1482
4291 1455
4292 1454
4293 1454
4294 1454
4295 1454
4296 1454
4297 1454
4298 1454
4299 1454
4300 1454
4301 1454
4302 1454
4303 1454
4304 1454
4305 1454
4306 1454
4307 1454
4308 1454
4309 1454
4310 1454
4311 1454
4312 1454
4313 1454
4314 1454
4315 1454
4316 1454
4317 1454
4318 1454
4319 1454
4320 1454
4321 1454
4322 1454
4323 1454
4324 1454
4325 1454
4326 1454
4327 1454
4328 1454
4329 1454
4330 1454
4331 1454
4332 1454
4333 1454
4334 1454
4335 1454
4336 1454
4337 1454
4338 1454
4339 1454
4340 1454
4341 1454
4342 1454
4343 1454
4344 1454
4345 1454
4346 1454
4347 1454
4348 1454
4349 1454
4350 1454
4351 1454
4352 1454
4353 1454
4354 1454
4355 1454
4356 1454
4357 1454
4358 1439
4359 1422
4360 1404
4361 1404
4362 1404
4363 1404
4364 1404
4365 1404
4366 1404
4367 1404
4368 1404
4369 1404
4370 1404
4371 1404
4372 1404
4373 1404
4374 1404
4375 1404
4376 1404
4377 1404
4378 1404
4379 1404
4380 1404
4381 1404
4382 1404
4383 1404
4384 1404
4385 1404
4386 1404
4387 1404
4388 1404
4389 1404
4390 1404
4391 1404
4392 1404
4393 1404
4394 1404
4395 1404
4396 1404
4397 1404
4398 1404
4399 1404
4400 1404
4401 1404
4402 1404
4403 1404
4404 1404
4405 1404
4406 1404
4407 1404
4408 1404
4409 1404
4410 1404
4411 1404
4412 1404
4413 1404
4414 1404
4415 1404
4416 1404
4417 1404
4418 1404
4419 1404
4420 1404
4421 1404
4422 1404
4423 1404
4424 1404
4425 1404
4426 1404
4427 1386
4428 1380
4429 1365
4430 1349
4431 1349
4432 1349
4433 1349
4434 1349
4435 1349
4436 1349
4437 1349
4438 1349
4439 1349
4440 1349
4441 1349
4442 1349
4443 1349
4444 1349
4445 1349
4446 1349
4447 1349
4448 1349
4449 1349
4450 1349
4451 1349
4452 1349
4453 1349
4454 1349
4455 1349
4456 1349
4457 1349
4458 1349
4459 1349
4460 1349
4461 1349
4462 1349
4463 1349
4464 1349
4465 1349
4466 1349
4467 1349
4468 1349
4469 1349
4470 1349
4471 1349
4472 1349
4473 1349
4474 1349
4475 1349
4476 1349
4477 1349
4478 1349
4479 1349
4480 1349
4481 1349
4482 1349
4483 1349
4484 1349
4485 1349
4486 1349
4487 1349
4488 1349
4489 1349
4490 1349
4491 1349
4492 1349
4493 1349
4494 1349
4495 1349
4496 1349
4497 1340
4498 1328
4499 1316
4500 1309
4501 1309
4502 1309
4503 1309
4504 1309
4505 1309
4506 1309
4507 1309
4508 1309
4509 1309
4510 1309
4511 1309
4512 1309
4513 1309
4514 1309
4515 1309
4516 1309
4517 1309
4518 1309
4519 1309
4520 1309
4521 1309
4522 1309
4523 1309
4524 1309
4525 1309
4526 1309
4527 1309
4528 1309
4529 1309
4530 1309
4531 1309
4532 1309
4533 1309
4534 1309
4535 1309
4536 1309
4537 1309
4538 1309
4539 1309
4540 1309
4541 1309
4542 1309
4543 1309
4544 1309
4545 1309
4546 1309
4547 1309
4548 1309
4549 1309
4550 1309
4551 1309
4552 1309
4553 1309
4554 1309
4555 1309
4556 1309
4557 1309
4558 1309
4559 1309
4560 1309
4561 1309
4562 1309
4563 1309
4564 1309
4565 1309
4566 1299
4567 1287
4568 1270
4569 1267
4570 1267
4571 1267
4572 1267
4573 1267
4574 1267
4575 1267
4576 1267
4577 1267
4578 1267
4579 1267
4580 1267
4581 1267
4582 1267
4583 1267
4584 1267
4585 1267
4586 1267
4587 1267
4588 1267
4589 1267
4590 1267
4591 1267
4592 1267
4593 1267
4594 1267
4595 1267
4596 1267
4597 1267
4598 1267
4599 1267
4600 1267
4601 1267
4602 1267
4603 1267
4604 1267
4605 1267
4606 1267
4607 1267
4608 1267
4609 1267
4610 1267
4611 1267
4612 1267
4613 1267
4614 1267
4615 1267
4616 1267
4617 1267
4618 1267
4619 1267
4620 1267
4621 1267
4622 1267
4623 1267
4624 1267
4625 1267
4626 1267
4627 1267
4628 1267
4629 1267
4630 1267
4631 1267
4632 1267
4633 1267
4634 1267
4635 1267
4636 1259
4637 1246
4638 1232
4639 1232
4640 1232
4641 1232
4642 1232
4643 1232
4644 1232
4645 1232
4646 1232
4647 1232
4648 1232
4649 1232
4650 1232
4651 1232
4652 1232
4653 1232
4654 1232
4655 1232
4656 1232
4657 1232
4658 1232
4659 1232
4660 1232
4661 1232
4662 1232
4663 1232
4664 1232
4665 1232
4666 1232
4667 1232
4668 1232
4669 1232
4670 1232
4671 1232
4672 1232
4673 1232
4674 1232
4675 1232
4676 1232
4677 1232
4678 1232
4679 1232
4680 1232
4681 1232
4682 1232
4683 1232
4684 1232
4685 1232
4686 1232
4687 1232
4688 1232
4689 1232
4690 1232
4691 1232
4692 1232
4693 1232
4694 1232
4695 1232
4696 1232
4697 1232
4698 1232
4699 1232
4700 1232
4701 1232
4702 1232
4703 1232
4704 1232
4705 1232
4706 1217
4707 1214
4708 1205
4709 1200
4710 1200
4711 1200
4712 1200
4713 1200
4714 1200
4715 1200
4716 1200
4717 1200
4718 1200
4719 1200
4720 1200
4721 1200
4722 1200
4723 1200
4724 1200
4725 1200
4726 1200
4727 1200
4728 1200
4729 1200
4730 1200
4731 1200
4732 1200
4733 1200
4734 1200
4735 1200
4736 1200
4737 1200
4738 1200
4739 1200
4740 1200
4741 1200
4742 1200
4743 1200
4744 1200
4745 1200
4746 1200
4747 1200
4748 1200
4749 1200
4750 1200
4751 1200
4752 1200
4753 1200
4754 1200
4755 1200
4756 1200
4757 1200
4758 1200
4759 1200
4760 1200
4761 1200
4762 1200
4763 1200
4764 1200
4765 1200
4766 1200
4767 1200
4768 1200
4769 1200
4770 1200
4771 1200
4772 1200
4773 1200
4774 1200
4775 1188
4776 1175
4777 1156
4778 1156
4779 1156
4780 1156
4781 1156
4782 1156
4783 1156
4784 1156
4785 1156
4786 1156
4787 1156
4788 1156
4789 1156
4790 1156
4791 1156
4792 1156
4793 1156
4794 1156
4795 1156
4796 1156
4797 1156
4798 1156
4799 1156
4800 1156
4801 1156
4802 1156
4803 1156
4804 1156
4805 1156
4806 1156
4807 1156
4808 1156
4809 1156
4810 1156
4811 1156
4812 1156
4813 1156
4814 1156
4815 1156
4816 1156
4817 1156
4818 1156
4819 1156
4820 1156
4821 1156
4822 1156
4823 1156
4824 1156
4825 1156
4826 1156
4827 1156
4828 1156
4829 1156
4830 1156
4831 1156
4832 1156
4833 1156
4834 1156
4835 1156
4836 1156
4837 1156
4838 1156
4839 1156
4840 1156
4841 1156
4842 1156
4843 1156
4844 1145
4845 1138
4846 1125
4847 1119
4848 1119
4849 1119
4850 1119
4851 1119
4852 1119
4853 1119
4854 1119
4855 1119
4856 1119
4857 1119
4858 1119
4859 1119
4860 1119
4861 1119
4862 1119
4863 1119
4864 1119
4865 1119
4866 1119
4867 1119
4868 1119
4869 1119
4870 1119
4871 1119
4872 1119
4873 1119
4874 1119
4875 1119
4876 1119
4877 1119
4878 1119
4879 1119
4880 1119
4881 1119
4882 1119
4883 1119
4884 1119
4885 1119
4886 1119
4887 1119
4888 1119
4889 1119
4890 1119
4891 1119
4892 1119
4893 1119
4894 1119
4895 1119
4896 1119
4897 1119
4898 1119
4899 1119
4900 1119
4901 1119
4902 1119
4903 1119
4904 1119
4905 1119
4906 1119
4907 1119
4908 1119
4909 1119
4910 1119
4911 1119
4912 1119
4913 1119
4914 1119
4915 1106
4916 1099
4917 1085
4918 1085
4919 1085
4920 1085
4921 1085
4922 1085
4923 1085
4924 1085
4925 1085
4926 1085
4927 1085
4928 1085
4929 1085
4930 1085
4931 1085
4932 1085
4933 1085
4934 1085
4935 1085
4936 1085
4937 1085
4938 1085
4939 1085
4940 1085
4941 1085
4942 1085
4943 1085
4944 1085
4945 1085
4946 1085
4947 1085
4948 1085
4949 1085
4950 1085
4951 1085
4952 1085
4953 1085
4954 1085
4955 1085
4956 1085
4957 1085
4958 1085
4959 1085
4960 1085
4961 1085
4962 1085
4963 1085
4964 1085
4965 1085
4966 1085
4967 1085
4968 1085
4969 1085
4970 1085
4971 1085
4972 1085
4973 1085
4974 1085
4975 1085
4976 1085
4977 1085
4978 1085
4979 1085
4980 1085
4981 1070
4982 1062
4983 1048
4984 1046
4985 1046
4986 1046
4987 1046
4988 1046
4989 1046
4990 1046
4991 1046
4992 1046
4993 1046
4994 1046
4995 1046
4996 1046
4997 1046
4998 1046
4999 1046
5000 1046
5001 1046
5002 1046
5003 1046
5004 1046
5005 1046
5006 1046
5007 1046
5008 1046
5009 1046
5010 1046
5011 1046
5012 1046
5013 1046
5014 1046
5015 1046
5016 1046
5017 1046
5018 1046
5019 1046
5020 1046
5021 1046
5022 1046
5023 1046
5024 1046
5025 1046
5026 1046
5027 1046
5028 1046
5029 1046
5030 1046
5031 1046
5032 1046
5033 1046
5034 1046
5035 1046
5036 1046
5037 1046
5038 1046
5039 1046
5040 1046
5041 1046
5042 1046
5043 1046
5044 1046
5045 1046
5046 1046
5047 1046
5048 1046
5049 1046
5050 1046
5051 1035
5052 1032
5053 1020
5054 1011
5055 1011
5056 1011
5057 1011
5058 1011
5059 1011
5060 1011
5061 1011
5062 1011
5063 1011
5064 1011
5065 1011
5066 1011
5067 1011
5068 1011
5069 1011
5070 1011
5071 1011
5072 1011
5073 1011
5074 1011
5075 1011
5076 1011
5077 1011
5078 1011
5079 1011
5080 1011
5081 1011
5082 1011
5083 1011
5084 1011
5085 1011
5086 1011
5087 1011
5088 1011
5089 1011
5090 1011
5091 1011
5092 1011
5093 1011
5094 1011
5095 1011
5096 1011
5097 1011
5098 1011
5099 1011
5100 1011
5101 1011
5102 1011
5103 1011
5104 1011
5105 1011
5106 1011
5107 1011
5108 1011
5109 1011
5110 1011
5111 1011
5112 1011
5113 1011
5114 1011
5115 1011
5116 1011
5117 1011
5118 1011
5119 1011
5120 1011
5121 1011
5122 1004
5123 992
5124 985
5125 979
5126 979
5127 979
5128 979
5129 979
5130 979
5131 979
5132 979
5133 979
5134 979
5135 979
5136 979
5137 979
5138 979
5139 979
5140 979
5141 979
5142 979
5143 979
5144 979
5145 979
5146 979
5147 979
5148 979
5149 979
5150 979
5151 979
5152 979
5153 979
5154 979
5155 979
5156 979
5157 979
5158 979
5159 979
5160 979
5161 979
5162 979
5163 979
5164 979
5165 979
5166 979
5167 979
5168 979
5169 979
5170 979
5171 979
5172 979
5173 979
5174 979
5175 979
5176 979
5177 979
5178 979
5179 979
5180 979
5181 979
5182 979
5183 979
5184 979
5185 979
5186 979
5187 979
5188 979
5189 979
5190 979
5191 979
5192 979
5193 979
5194 979
5195 979
5196 971
5197 962
5198 945
5199 941
5200 941
5201 941
5202 941
5203 941
5204 941
5205 941
5206 941
5207 941
5208 941
5209 941
5210 941
5211 941
5212 941
5213 941
5214 941
5215 941
5216 941
5217 941
5218 941
5219 941
5220 941
5221 941
5222 941
5223 941
5224 941
5225 941
5226 941
5227 941
5228 941
5229 941
5230 941
5231 941
5232 941
5233 941
5234 941
5235 941
5236 941
5237 941
5238 941
5239 941
5240 941
5241 941
5242 941
5243 941
5244 941
5245 941
5246 941
5247 941
5248 941
5249 941
5250 941
5251 941
5252 941
5253 941
5254 941
5255 941
5256 941
5257 941
5258 941
5259 941
5260 941
5261 941
5262 941
5263 941
5264 941
5265 941
5266 941
5267 941
5268 941
5269 941
5270 933
5271 918
5272 912
5273 912
5274 912
5275 912
5276 912
5277 912
5278 912
5279 912
5280 912
5281 912
5282 912
5283 912
5284 912
5285 912
5286 912
5287 912
5288 912
5289 912
5290 912
5291 912
5292 912
5293 912
5294 912
5295 912
5296 912
5297 912
5298 912
5299 912
5300 912
5301 912
5302 912
5303 912
5304 912
5305 912
5306 912
5307 912
5308 912
5309 912
5310 912
5311 912
5312 912
5313 912
5314 912
5315 912
5316 912
5317 912
5318 912
5319 912
5320 912
5321 912
5322 912
5323 912
5324 912
5325 912
5326 912
5327 912
5328 912
5329 912
5330 912
5331 912
5332 912
5333 912
5334 912
5335 912
5336 912
5337 912
5338 912
5339 912
5340 912
5341 912
5342 911
5343 907
5344 901
5345 896
5346 891
5347 891
5348 891
5349 891
5350 891
5351 891
5352 891
5353 891
5354 891
5355 891
5356 891
5357 891
5358 891
5359 891
5360 891
5361 891
5362 891
5363 891
5364 891
5365 891
5366 891
5367 891
5368 891
5369 891
5370 891
5371 891
5372 891
5373 891
5374 891
5375 891
5376 891
5377 891
5378 891
5379 891
5380 891
5381 891
5382 891
5383 891
5384 891
5385 891
5386 891
5387 891
5388 891
5389 891
5390 891
5391 891
5392 891
5393 891
5394 891
5395 891
5396 891
5397 891
5398 891
5399 891
5400 891
5401 891
5402 891
5403 891
5404 891
5405 891
5406 891
5407 891
5408 891
5409 891
5410 891
5411 891
5412 891
5413 891
5414 891
5415 891
5416 887
5417 882
5418 873
5419 866
5420 863
5421 863
5422 863
5423 863
5424 863
5425 863
5426 863
5427 863
5428 863
5429 863
5430 863
5431 863
5432 863
5433 863
5434 863
5435 863
5436 863
5437 863
5438 863
5439 863
5440 863
5441 863
5442 863
5443 863
5444 863
5445 863
5446 863
5447 863
5448 863
5449 863
5450 863
5451 863
5452 863
5453 863
5454 863
5455 863
5456 863
5457 863
5458 863
5459 863
5460 863
5461 863
5462 863
5463 863
5464 863
5465 863
5466 863
5467 863
5468 863
5469 863
5470 863
5471 863
5472 863
5473 863
5474 863
5475 863
5476 863
5477 863
5478 863
5479 863
5480 863
5481 863
5482 863
5483 863
5484 863
5485 863
5486 863
5487 863
5488 863
5489 863
5490 858
5491 850
5492 844
5493 835
5494 835
5495 835
5496 835
5497 835
5498 835
5499 835
5500 835
5501 835
5502 835
5503 835
5504 835
5505 835
5506 835
5507 835
5508 835
5509 835
5510 835
5511 835
5512 835
5513 835
5514 835
5515 835
5516 835
5517 835
5518 835
5519 835
5520 835
5521 835
5522 835
5523 835
5524 835
5525 835
5526 835
5527 835
5528 835
5529 835
5530 835
5531 835
5532 835
5533 835
5534 835
5535 835
5536 835
5537 835
5538 835
5539 835
5540 835
5541 835
5542 835
5543 835
5544 835
5545 835
5546 835
5547 835
5548 835
5549 835
5550 835
5551 835
5552 835
5553 835
5554 835
5555 835
5556 835
5557 835
5558 835
5559 835
5560 835
5561 835
5562 835
5563 835
5564 835
5565 828
5566 820
5567 813
5568 809
5569 809
5570 809
5571 809
5572 809
5573 809
5574 809
5575 809
5576 809
5577 809
5578 809
5579 809
5580 809
5581 809
5582 809
5583 809
5584 809
5585 809
5586 809
5587 809
5588 809
5589 809
5590 809
5591 809
5592 809
5593 809
5594 809
5595 809
5596 809
5597 809
5598 809
5599 809
5600 809
5601 809
5602 809
5603 809
5604 809
5605 809
5606 809
5607 809
5608 809
5609 809
5610 809
5611 809
5612 809
5613 809
5614 809
5615 809
5616 809
5617 809
5618 809
5619 809
5620 809
5621 809
5622 809
5623 809
5624 809
5625 809
5626 809
5627 809
5628 809
5629 809
5630 809
5631 809
5632 809
5633 809
5634 809
5635 809
5636 809
5637 809
5638 809
5639 806
5640 799
5641 792
5642 783
5643 783
5644 783
5645 783
5646 783
5647 783
5648 783
5649 783
5650 783
5651 783
5652 783
5653 783
5654 783
5655 783
5656 783
5657 783
5658 783
5659 783
5660 783
5661 783
5662 783
5663 783
5664 783
5665 783
5666 783
5667 783
5668 783
5669 783
5670 783
5671 783
5672 783
5673 783
5674 783
5675 783
5676 783
5677 783
5678 783
5679 783
5680 783
5681 783
5682 783
5683 783
5684 783
5685 783
5686 783
5687 783
5688 783
5689 783
5690 783
5691 783
5692 783
5693 783
5694 783
5695 783
5696 783
5697 783
5698 783
5699 783
5700 783
5701 783
5702 783
5703 783
5704 783
5705 783
5706 783
5707 783
5708 783
5709 783
5710 783
5711 783
5712 783
5713 783
5714 780
5715 774
5716 769
5717 764
5718 764
5719 764
5720 764
5721 764
5722 764
5723 764
5724 764
5725 764
5726 764
5727 764
5728 764
5729 764
5730 764
5731 764
5732 764
5733 764
5734 764
5735 764
5736 764
5737 764
5738 764
5739 764
5740 764
5741 764
5742 764
5743 764
5744 764
5745 764
5746 764
5747 764
5748 764
5749 764
5750 764
5751 764
5752 764
5753 764
5754 764
5755 764
5756 764
5757 764
5758 764
5759 764
5760 764
5761 764
5762 764
5763 764
5764 764
5765 764
5766 764
5767 764
5768 764
5769 764
5770 764
5771 764
5772 764
5773 764
5774 764
5775 764
5776 764
5777 764
5778 764
5779 764
5780 764
5781 764
5782 764
5783 764
5784 764
5785 764
5786 764
5787 764
5788 759
5789 753
5790 749
5791 733
5792 733
5793 733
5794 733
5795 733
5796 733
5797 733
5798 733
5799 733
5800 733
5801 733
5802 733
5803 733
5804 733
5805 733
5806 733
5807 733
5808 733
5809 733
5810 733
5811 733
5812 733
5813 733
5814 733
5815 733
5816 733
5817 733
5818 733
5819 733
5820 733
5821 733
5822 733
5823 733
5824 733
5825 733
5826 733
5827 733
5828 733
5829 733
5830 733
5831 733
5832 733
5833 733
5834 733
5835 733
5836 733
5837 733
5838 733
5839 733
5840 733
5841 733
5842 733
5843 733
5844 733
5845 733
5846 733
5847 733
5848 733
5849 733
5850 733
5851 733
5852 733
5853 733
5854 733
5855 733
5856 733
5857 733
5858 733
5859 733
5860 733
5861 733
5862 733
5863 733
5864 727
5865 721
5866 713
5867 713
5868 713
5869 713
5870 713
5871 713
5872 713
5873 713
5874 713
5875 713
5876 713
5877 713
5878 713
5879 713
5880 713
5881 713
5882 713
5883 713
5884 713
5885 713
5886 713
5887 713
5888 713
5889 713
5890 713
5891 713
5892 713
5893 713
5894 713
5895 713
5896 713
5897 713
5898 713
5899 713
5900 713
5901 713
5902 713
5903 713
5904 713
5905 713
5906 713
5907 713
5908 713
5909 713
5910 713
5911 713
5912 713
5913 713
5914 713
5915 713
5916 713
5917 713
5918 713
5919 713
5920 713
5921 713
5922 713
5923 713
5924 713
5925 713
5926 713
5927 713
5928 713
5929 713
5930 713
5931 713
5932 713
5933 713
5934 713
5935 713
5936 713
5937 713
5938 710
5939 701
5940 696
5941 694
5942 694
5943 694
5944 694
5945 694
5946 694
5947 694
5948 694
5949 694
5950 694
5951 694
5952 694
5953 694
5954 694
5955 694
5956 694
5957 694
5958 694
5959 694
5960 694
5961 694
5962 694
5963 694
5964 694
5965 694
5966 694
5967 694
5968 694
5969 694
5970 694
5971 694
5972 694
5973 694
5974 694
5975 694
5976 694
5977 694
5978 694
5979 694
5980 694
5981 694
5982 694
5983 694
5984 694
5985 694
5986 694
5987 694
5988 694
5989 694
5990 694
5991 694
5992 694
5993 694
5994 694
5995 694
5996 694
5997 694
5998 694
5999 694
6000 694
6001 694
6002 694
6003 694
6004 694
6005 694
6006 694
6007 694
6008 694
6009 694
6010 694
6011 694
6012 694
6013 691
6014 685
6015 680
6016 677
6017 677
6018 677
6019 677
6020 677
6021 677
6022 677
6023 677
6024 677
6025 677
6026 677
6027 677
6028 677
6029 677
6030 677
6031 677
6032 677
6033 677
6034 677
6035 677
6036 677
6037 677
6038 677
6039 677
6040 677
6041 677
6042 677
6043 677
6044 677
6045 677
6046 677
6047 677
6048 677
6049 677
6050 677
6051 677
6052 677
6053 677
6054 677
6055 677
6056 677
6057 677
6058 677
6059 677
6060 677
6061 677
6062 677
6063 677
6064 677
6065 677
6066 677
6067 677
6068 677
6069 677
6070 677
6071 677
6072 677
6073 677
6074 677
6075 677
6076 677
6077 677
6078 677
6079 677
6080 677
6081 677
6082 677
6083 677
6084 677
6085 677
6086 677
6087 677
6088 677
6089 670
6090 665
6091 656
6092 653
6093 653
6094 653
6095 653
6096 653
6097 653
6098 653
6099 653
6100 653
6101 653
6102 653
6103 653
6104 653
6105 653
6106 653
6107 653
6108 653
6109 653
6110 653
6111 653
6112 653
6113 653
6114 653
6115 653
6116 653
6117 653
6118 653
6119 653
6120 653
6121 653
6122 653
6123 653
6124 653
6125 653
6126 653
6127 653
6128 653
6129 653
6130 653
6131 653
6132 653
6133 653
6134 653
6135 653
6136 653
6137 653
6138 653
6139 653
6140 653
6141 653
6142 653
6143 653
6144 653
6145 653
6146 653
6147 653
6148 653
6149 653
6150 653
6151 653
6152 653
6153 653
6154 653
6155 653
6156 653
6157 653
6158 653
6159 653
6160 653
6161 653
6162 653
6163 652
6164 648
6165 643
6166 637
6167 637
6168 637
6169 637
6170 637
6171 637
6172 637
6173 637
6174 637
6175 637
6176 637
6177 637
6178 637
6179 637
6180 637
6181 637
6182 637
6183 637
6184 637
6185 637
6186 637
6187 637
6188 637
6189 637
6190 637
6191 637
6192 637
6193 637
6194 637
6195 637
6196 637
6197 637
6198 637
6199 637
6200 637
6201 637
6202 637
6203 637
6204 637
6205 637
6206 637
6207 637
6208 637
6209 637
6210 637
6211 637
6212 637
6213 637
6214 637
6215 637
6216 637
6217 637
6218 637
6219 637
6220 637
6221 637
6222 637
6223 637
6224 637
6225 637
6226 637
6227 637
6228 637
6229 637
6230 637
6231 637
6232 637
6233 637
6234 637
6235 637
6236 637
6237 637
6238 631
6239 624
6240 620
6241 618
6242 618
6243 618
6244 618
6245 618
6246 618
6247 618
6248 618
6249 618
6250 618
6251 618
6252 618
6253 618
6254 618
6255 618
6256 618
6257 618
6258 618
6259 618
6260 618
6261 618
6262 618
6263 618
6264 618
6265 618
6266 618
6267 618
6268 618
6269 618
6270 618
6271 618
6272 618
6273 618
6274 618
6275 618
6276 618
6277 618
6278 618
6279 618
6280 618
6281 618
6282 618
6283 618
6284 618
6285 618
6286 618
6287 618
6288 618
6289 618
6290 618
6291 618
6292 618
6293 618
6294 618
6295 618
6296 618
6297 618
6298 618
6299 618
6300 618
6301 618
6302 618
6303 618
6304 618
6305 618
6306 618
6307 618
6308 618
6309 618
6310 618
6311 614
6312 611
6313 604
6314 594
6315 594
6316 594
6317 594
6318 594
6319 594
6320 594
6321 594
6322 594
6323 594
6324 594
6325 594
6326 594
6327 594
6328 594
6329 594
6330 594
6331 594
6332 594
6333 594
6334 594
6335 594
6336 594
6337 594
6338 594
6339 594
6340 594
6341 594
6342 594
6343 594
6344 594
6345 594
6346 594
6347 594
6348 594
6349 594
6350 594
6351 594
6352 594
6353 594
6354 594
6355 594
6356 594
6357 594
6358 594
6359 594
6360 594
6361 594
6362 594
6363 594
6364 594
6365 594
6366 594
6367 594
6368 594
6369 594
6370 594
6371 594
6372 594
6373 594
6374 594
6375 594
6376 594
6377 594
6378 594
6379 594
6380 594
6381 594
6382 592
6383 587
6384 579
6385 577
6386 577
6387 577
6388 577
6389 577
6390 577
6391 577
6392 577
6393 577
6394 577
6395 577
6396 577
6397 577
6398 577
6399 577
6400 577
6401 577
6402 577
6403 577
6404 577
6405 577
6406 577
6407 577
6408 577
6409 577
6410 577
6411 577
6412 577
6413 577
6414 577
6415 577
6416 577
6417 577
6418 577
6419 577
6420 577
6421 577
6422 577
6423 577
6424 577
6425 577
6426 577
6427 577
6428 577
6429 577
6430 577
6431 577
6432 577
6433 577
6434 577
6435 577
6436 577
6437 577
6438 577
6439 577
6440 577
6441 577
6442 577
6443 577
6444 577
6445 577
6446 577
6447 577
6448 577
6449 577
6450 577
6451 577
6452 577
6453 577
6454 577
6455 577
6456 577
6457 574
6458 571
6459 566
6460 562
6461 562
6462 562
6463 562
6464 562
6465 562
6466 562
6467 562
6468 562
6469 562
6470 562
6471 562
6472 562
6473 562
6474 562
6475 562
6476 562
6477 562
6478 562
6479 562
6480 562
6481 562
6482 562
6483 562
6484 562
6485 562
6486 562
6487 562
6488 562
6489 562
6490 562
6491 562
6492 562
6493 562
6494 562
6495 562
6496 562
6497 562
6498 562
6499 562
6500 562
6501 562
6502 562
6503 562
6504 562
6505 562
6506 562
6507 562
6508 562
6509 562
6510 562
6511 562
6512 562
6513 562
6514 562
6515 562
6516 562
6517 562
6518 562
6519 562
6520 562
6521 562
6522 562
6523 562
6524 562
6525 562
6526 562
6527 562
6528 562
6529 562
6530 562
6531 556
6532 555
6533 551
6534 545
6535 545
6536 545
6537 545
6538 545
6539 545
6540 545
6541 545
6542 545
6543 545
6544 545
6545 545
6546 545
6547 545
6548 545
6549 545
6550 545
6551 545
6552 545
6553 545
6554 545
6555 545
6556 545
6557 545
6558 545
6559 545
6560 545
6561 545
6562 545
6563 545
6564 545
6565 545
6566 545
6567 545
6568 545
6569 545
6570 545
6571 545
6572 545
6573 545
6574 545
6575 545
6576 545
6577 545
6578 545
6579 545
6580 545
6581 545
6582 545
6583 545
6584 545
6585 545
6586 545
6587 545
6588 545
6589 545
6590 545
6591 545
6592 545
6593 545
6594 545
6595 545
6596 545
6597 545
6598 545
6599 545
6600 545
6601 545
6602 545
6603 545
6604 545
6605 543
6606 538
6607 531
6608 530
6609 530
6610 530
6611 530
6612 530
6613 530
6614 530
6615 530
6616 530
6617 530
6618 530
6619 530
6620 530
6621 530
6622 530
6623 530
6624 530
6625 581
6626 690
6627 806
6628 923
6629 1006
6630 1101
6631 1118
6632 1147
6633 1195
6634 1275
6635 1337
6636 1336
6637 1430
6638 1485
6639 1512
6640 1669
6641 1846
6642 1997
6643 2182
6644 2235
6645 2354
6646 2493
6647 2606
6648 2750
6649 2966
6650 3396
6651 3659
6652 3872
6653 4301
6654 4754
6655 5542
6656 6425
6657 7192
6658 7510
6659 8417
6660 8727
6661 9062
6662 9204
6663 9536
6664 9894
6665 10586
6666 10823
6667 11440
6668 12541
6669 12512
6670 12939
6671 13581
6672 13771
6673 14245
6674 15153
6675 15609
6676 16062
6677 16466
6678 17761
6679 18911
6680 19617
6681 20356
6682 20426
6683 20950
6684 21021
6685 21787
6686 21837
6687 22985
6688 24128
6689 25253
6690 26104
6691 26794
6692 27030
6693 27435
6694 28080
6695 28365
6696 29460
6697 30155
6698 30791
6699 31626
6700 31842
6701 31848
6702 32369
6703 32638
6704 33259
6705 33738
6706 34574
6707 35123
6708 35362
6709 36174
6710 36679
6711 37600
6712 38280
6713 38925
6714 40196
6715 40627
6716 40913
6717 41297
6718 42472
6719 42903
6720 43547
6721 43736
6722 44378
6723 45024
6724 45402
6725 46342
6726 46839
6727 47148
6728 47778
6729 47968
6730 48503
6731 49364
6732 49810
6733 50544
6734 51070
6735 51838
6736 52338
6737 52584
6738 53086
6739 53575
6740 53934
6741 54755
6742 55211
6743 55431
6744 55840
6745 56410
6746 56912
6747 57486
6748 57817
6749 58676
6750 59345
6751 59656
6752 60102
6753 60543
6754 60756
6755 61234
6756 61522
6757 62041
6758 62111
6759 62111
6760 62111
6761 62111
6762 62111
6763 62111
6764 62048
6765 62048
6766 62048
6767 62048
6768 62048
6769 62048
6770 62048
6771 62048
6772 62048
6773 62048
6774 62037
6775 61990
6776 61990
6777 61990
6778 61990
6779 61990
6780 61990
6781 61990
6782 61990
6783 61990
6784 61990
6785 61922
6786 61922
6787 61922
6788 61922
6789 61922
6790 61922
6791 61922
6792 61922
6793 61922
6794 61922
6795 61902
6796 61842
6797 61842
6798 61842
6799 61842
6800 61842
6801 61842
6802 61842
6803 61842
6804 61842
6805 61842
6806 61775
6807 61775
6808 61775
6809 61775
6810 61775
6811 61775
6812 61775
6813 61775
6814 61775
6815 61775
6816 61766
6817 61722
6818 61722
6819 61722
6820 61722
6821 61722
6822 61722
6823 61722
6824 61722
6825 61722
6826 61722
6827 61660
6828 61660
6829 61660
6830 61660
6831 61660
6832 61660
6833 61660
6834 61660
6835 61660
6836 61660
6837 61644
6838 61597
6839 61597
6840 61597
6841 61597
6842 61597
6843 61597
6844 61597
6845 61597
6846 61597
6847 61597
6848 61541
6849 61541
6850 61541
6851 61541
6852 61541
6853 61541
6854 61541
6855 61541
6856 61541
6857 61541
6858 61531
6859 61490
6860 61490
6861 61490
6862 61490
6863 61490
6864 61490
6865 61490
6866 61490
6867 61490
6868 61490
6869 61449
6870 61449
6871 61449
6872 61449
6873 61449
6874 61449
6875 61449
6876 61449
6877 61449
6878 61449
6879 61440
6880 61407
6881 61407
6882 61407
6883 61407
6884 61407
6885 61407
6886 61407
6887 61407
6888 61407
6889 61407
6890 61370
6891 61370
6892 61370
6893 61370
6894 61370
6895 61370
6896 61370
6897 61370
6898 61370
6899 61370
6900 61358
6901 61316
6902 61316
6903 61316
6904 61316
6905 61316
6906 61316
6907 61316
6908 61316
6909 61316
6910 61316
6911 61277
6912 61277
6913 61277
6914 61277
6915 61277
6916 61277
6917 61277
6918 61277
6919 61277
6920 61277
6921 61271
6922 61240
6923 61240
6924 61240
6925 61240
6926 61240
6927 61240
6928 61240
6929 61240
6930 61240
6931 61240
6932 61192
6933 61192
6934 61192
6935 61192
6936 61192
6937 61192
6938 61192
6939 61192
6940 61192
6941 61192
6942 61187
6943 61153
6944 61153
6945 61153
6946 61153
6947 61153
6948 61153
6949 61153
6950 61153
6951 61153
6952 61153
6953 61101
6954 61101
6955 61101
6956 61101
6957 61101
6958 61101
6959 61101
6960 61101
6961 61101
6962 61101
6963 61098
6964 61068
6965 61068
6966 61068
6967 61068
6968 61068
6969 61068
6970 61068
6971 61068
6972 61068
6973 61068
6974 61032
6975 61032
6976 61032
6977 61032
6978 61032
6979 61032
6980 61032
6981 61032
6982 61032
6983 61032
6984 61021
6985 60977
6986 60977
6987 60977
6988 60977
6989 60977
6990 60977
6991 60977
6992 60977
6993 60977
6994 60977
6995 60938
6996 60938
6997 60938
6998 60938
6999 60938
7000 60938
7001 60938
7002 60938
7003 60938
7004 60938
7005 60928
7006 60893
7007 60893
7008 60893
7009 60893
7010 60893
7011 60893
7012 60893
7013 60893
7014 60893
7015 60893
7016 60851
7017 60851
7018 60851
7019 60851
7020 60851
7021 60851
7022 60851
7023 60851
7024 60851
7025 60851
7026 60846
7027 60821
7028 60821
7029 60821
7030 60821
7031 60821
7032 60821
7033 60821
7034 60821
7035 60821
7036 60821
7037 60792
7038 60792
7039 60792
7040 60792
7041 60792
7042 60792
7043 60792
7044 60792
7045 60792
7046 60792
7047 60785
7048 60761
7049 60761
7050 60761
7051 60761
7052 60761
7053 60761
7054 60761
7055 60761
7056 60761
7057 60761
7058 60727
7059 60727
7060 60727
7061 60727
7062 60727
7063 60727
7064 60727
7065 60727
7066 60727
7067 60727
7068 60720
7069 60693
7070 60693
7071 60693
7072 60693
7073 60693
7074 60693
7075 60693
7076 60693
7077 60693
7078 60693
7079 60671
7080 60671
7081 60671
7082 60671
7083 60671
7084 60671
7085 60671
7086 60671
7087 60671
7088 60671
7089 60662
7090 60632
7091 60632
7092 60632
7093 60632
7094 60632
7095 60632
7096 60632
7097 60632
7098 60632
7099 60632
7100 60601
7101 60601
7102 60601
7103 60601
7104 60601
7105 60601
7106 60601
7107 60601
7108 60601
7109 60601
7110 60592
7111 60575
7112 60575
7113 60575
7114 60575
7115 60575
7116 60575
7117 60575
7118 60575
7119 60575
7120 60575
7121 60552
7122 60552
7123 60552
7124 60552
7125 60552
7126 60552
7127 60552
7128 60552
7129 60552
7130 60552
7131 60548
7132 60524
7133 60524
7134 60524
7135 60524
7136 60519
7137 60513
7138 60504
7139 60498
7140 60489
7141 60486
7142 60445
