1 10
2 1777
3 1776
4 1776
5 1776
6 1776
7 1776
8 1776
9 1776
10 1776
11 1776
12 1776
13 1776
14 1776
15 1776
16 1776
17 1776
18 1776
19 1776
20 1776
21 1776
22 1776
23 1776
24 1776
25 1776
26 1776
27 1776
28 1776
29 1776
30 1776
31 1776
32 1776
33 1776
34 1776
35 1776
36 1776
37 1776
38 1776
39 1776
40 1776
41 1776
42 1776
43 1776
44 1776
45 1776
46 1776
47 1776
48 1776
49 1776
50 1776
51 1776
52 1776
53 1776
54 1776
55 1776
56 1776
57 1776
58 1776
59 1776
60 1776
61 1776
62 1776
63 1776
64 1776
65 1776
66 1776
67 1776
68 1776
69 1776
70 1776
71 1776
72 1776
73 1776
74 1776
75 1776
76 1776
77 1776
78 1776
79 1776
80 1776
81 1776
82 1776
83 1776
84 1776
85 1776
86 1776
87 1776
88 1776
89 1776
90 1776
91 1776
92 1776
93 1776
94 1776
95 1776
96 1776
97 1776
98 1776
99 1776
100 1776
101 1776
102 1776
103 1776
104 1776
105 1776
106 1776
107 1776
108 1776
109 1776
110 1776
111 1776
112 1776
113 1776
114 1776
115 1776
116 1776
117 1776
118 1776
119 1776
120 1776
121 1776
122 1776
123 1776
124 1776
125 1776
126 1776
127 1776
128 1776
129 1776
130 1776
131 1776
132 1776
133 1776
134 1776
135 1776
136 1776
137 1776
138 1776
139 1776
140 1776
141 1776
142 1776
143 1776
144 1776
145 1776
146 1776
147 1776
148 1776
149 1776
150 1776
151 1776
152 1776
153 1776
154 1776
155 1776
156 1776
157 1776
158 1776
159 1776
160 1776
161 1776
162 1776
163 1776
164 1776
165 1776
166 1776
167 1776
168 1776
169 1776
170 1776
171 1776
172 1776
173 1776
174 1776
175 1776
176 1776
177 1776
178 1776
179 1776
180 1776
181 1776
182 1776
183 1776
184 1776
185 1776
186 1776
187 1776
188 1776
189 1776
190 1776
191 1776
192 1776
193 1776
194 1776
195 1776
196 1776
197 1776
198 1776
199 1776
200 1776
201 1776
202 1776
203 1776
204 1776
205 1776
206 1776
207 1776
208 1776
209 1776
210 1776
211 1776
212 1776
213 1776
214 1776
215 1776
216 1776
217 1776
218 1776
219 1776
220 1776
221 1776
222 1776
223 1776
224 1776
225 1776
226 1776
227 1776
228 1776
229 1776
230 1776
231 1776
232 1776
233 1776
234 1776
235 1776
236 1776
237 1776
238 1776
239 1776
240 1776
241 1776
242 1776
243 1776
244 1776
245 1776
246 1776
247 1776
248 1776
249 1776
250 1776
251 1776
252 1776
253 1776
254 1776
255 1776
256 1776
257 1776
258 1776
259 1776
260 1776
261 1776
262 1776
263 1776
264 1776
265 1776
266 1776
267 1776
268 1776
269 1776
270 1776
271 1776
272 1776
273 1776
274 1776
275 1776
276 1776
277 1776
278 1776
279 1776
280 1776
281 1776
282 1776
283 1776
284 1776
285 1776
286 1776
287 1776
288 1776
289 1776
290 1776
291 1776
292 1776
293 1776
294 1776
295 1776
296 1776
297 1776
298 1776
299 1776
300 1776
301 1776
302 1776
303 1776
304 1776
305 1776
306 1776
307 1776
308 1776
309 1776
310 1776
311 1776
312 1776
313 1776
314 1776
315 1776
316 1776
317 1776
318 1776
319 1776
320 1776
321 1776
322 1776
323 1776
324 1776
325 1776
326 1776
327 1776
328 1776
329 1776
330 1776
331 1776
332 1776
333 1776
334 1776
335 1776
336 1776
337 1776
338 1776
339 1776
340 1776
341 1776
342 1776
343 1776
344 1776
345 1776
346 1776
347 1776
348 1776
349 1776
350 1776
351 1776
352 1776
353 1776
354 1776
355 1776
356 1776
357 1776
358 1776
359 1776
360 1776
361 1776
362 1776
363 1776
364 1776
365 1776
366 1776
367 1776
368 1776
369 1776
370 1776
371 1776
372 1776
373 1776
374 1776
375 1776
376 1776
377 1776
378 1776
379 1776
380 1776
381 1776
382 1776
383 1776
384 1776
385 1776
386 1776
387 1776
388 1776
389 1776
390 1776
391 1776
392 1776
393 1776
394 1776
395 1776
396 1776
397 1776
398 1776
399 1776
400 1776
401 1776
402 1776
403 1776
404 1776
405 1776
406 1776
407 1776
408 1776
409 1776
410 1776
411 1776
412 1776
413 1776
414 1776
415 1776
416 1776
417 1776
418 1776
419 1776
420 1776
421 1776
422 1776
423 1776
424 1776
425 1776
426 1776
427 1776
428 1776
429 1776
430 1776
431 1776
432 1776
433 1776
434 1776
435 1776
436 1776
437 1776
438 1776
439 1776
440 1776
441 1776
442 1776
443 1776
444 1776
445 1776
446 1776
447 1776
448 1776
449 1776
450 1776
451 1776
452 1776
453 1776
454 1776
455 1776
456 1776
457 1776
458 1776
459 1776
460 1776
461 1776
462 1776
463 1776
464 1776
465 1776
466 1776
467 1776
468 1776
469 1776
470 1776
471 1776
472 1776
473 1776
474 1776
475 1776
476 1776
477 1776
478 1776
479 1776
480 1776
481 1776
482 1776
483 1776
484 1776
485 1776
486 1776
487 1776
488 1776
489 1776
490 1776
491 1776
492 1776
493 1776
494 1776
495 1776
496 1776
497 1776
498 1776
499 1776
500 1776
501 1776
502 1776
503 1776
504 1776
505 1776
506 1776
507 1776
508 1776
509 1776
510 1776
511 1776
512 1776
513 1776
514 1776
515 1776
516 1776
517 1776
518 1776
519 1776
520 1776
521 1776
522 1776
523 1776
524 1776
525 1776
526 1776
527 1776
528 1776
529 1776
530 1776
531 1776
532 1776
533 1776
534 1776
535 1776
536 1776
537 1776
538 1776
539 1776
540 1776
541 1776
542 1776
543 1776
544 1776
545 1776
546 1776
547 1776
548 1776
549 1776
550 1776
551 1776
552 1776
553 1776
554 1776
555 1776
556 1776
557 1776
558 1776
559 1776
560 1776
561 1776
562 1776
563 1776
564 1776
565 1776
566 1776
567 1776
568 1776
569 1776
570 1776
571 1776
572 1776
573 1776
574 1776
575 1776
576 1776
577 1776
578 1776
579 1776
580 1776
581 1776
582 1776
583 1776
584 1776
585 1776
586 1776
587 1776
588 1776
589 1776
590 1776
591 1776
592 1776
593 1776
594 1776
595 1776
596 1776
597 1776
598 1776
599 1776
600 1776
601 1776
602 1776
603 1776
604 1776
605 1776
606 1776
607 1776
608 1776
609 1776
610 1776
611 1776
612 1776
613 1776
614 1776
615 1776
616 1776
617 1776
618 1776
619 1776
620 1776
621 1776
622 1776
623 1776
624 1776
625 1776
626 1776
627 1776
628 1776
629 1776
630 1776
631 1776
632 1776
633 1776
634 1776
635 1776
636 1776
637 1776
638 1776
639 1776
640 1776
641 1776
642 1776
643 1776
644 1776
645 1776
646 1776
647 1776
648 1776
649 1776
650 1776
651 1776
652 1776
653 1776
654 1776
655 1776
656 1776
657 1776
658 1776
659 1776
660 1776
661 1776
662 1776
663 1776
664 1776
665 1776
666 1776
667 1776
668 1776
669 1776
670 1776
671 1776
672 1776
673 1776
674 1776
675 1776
676 1776
677 1776
678 1776
679 1776
680 1776
681 1776
682 1776
683 1776
684 1776
685 1776
686 1776
687 1776
688 1776
689 1776
690 1776
691 1776
692 1776
693 1776
694 1776
695 1776
696 1776
697 1776
698 1776
699 1776
700 1776
701 1776
702 1776
703 1776
704 1776
705 1776
706 1776
707 1776
708 1776
709 1776
710 1776
711 1776
712 1776
713 1776
714 1776
715 1776
716 1776
717 1776
718 1776
719 1776
720 1776
721 1776
722 1776
723 1776
724 1776
725 1776
726 1776
727 1776
728 1776
729 1776
730 1776
731 1776
732 1776
733 1776
734 1776
735 1776
736 1776
737 1776
738 1776
739 1776
740 1776
741 1776
742 1776
743 1776
744 1776
745 1776
746 1776
747 1776
748 1776
749 1776
750 1776
751 1776
752 1776
753 1776
754 1776
755 1776
756 1776
757 1776
758 1776
759 1776
760 1776
761 1776
762 1776
763 1776
764 1776
765 1776
766 1776
767 1776
768 1776
769 1776
770 1776
771 1776
772 1776
773 1776
774 1776
775 1776
776 1776
777 1776
778 1776
779 1776
780 1776
781 1776
782 1776
783 1776
784 1776
785 1776
786 1776
787 1776
788 1776
789 1776
790 1776
791 1776
792 1776
793 1776
794 1776
795 1776
796 1776
797 1776
798 1776
799 1776
800 1776
801 1776
802 1776
803 1776
804 1776
805 1776
806 1776
807 1776
808 1776
809 1776
810 1776
811 1776
812 1776
813 1776
814 1776
815 1776
816 1776
817 1776
818 1776
819 1776
820 1776
821 1776
822 1776
823 1776
824 1776
825 1776
826 1776
827 1776
828 1776
829 1776
830 1776
831 1776
832 1776
833 1776
834 1776
835 1776
836 1776
837 1776
838 1776
839 1776
840 1776
841 1776
842 1776
843 1776
844 1776
845 1776
846 1776
847 1776
848 1776
849 1776
850 1776
851 1776
852 1776
853 1776
854 1776
855 1776
856 1776
857 1776
858 1776
859 1776
860 1776
861 1776
862 1776
863 1776
864 1776
865 1776
866 1776
867 1776
868 1776
869 1776
870 1776
871 1776
872 1776
873 1776
874 1776
875 1776
876 1776
877 1776
878 1776
879 1776
880 1776
881 1776
882 1776
883 1776
884 1776
885 1776
886 1776
887 1776
888 1776
889 1776
890 1776
891 1776
892 1776
893 1776
894 1776
895 1776
896 1776
897 1776
898 1776
899 1776
900 1776
901 1776
902 1776
903 1776
904 1776
905 1776
906 1776
907 1776
908 1776
909 1776
910 1776
911 1776
912 1776
913 1776
914 1776
915 1776
916 1776
917 1776
918 1776
919 1776
920 1776
921 1776
922 1776
923 1776
924 1776
925 1776
926 1776
927 1776
928 1776
929 1776
930 1776
931 1776
932 1776
933 1776
934 1776
935 1776
936 1776
937 1776
938 1776
939 1776
940 1776
941 1776
942 1776
943 1776
944 1776
945 1776
946 1776
947 1776
948 1776
949 1776
950 1776
951 1776
952 1776
953 1776
954 1776
955 1776
956 1776
957 1776
958 1776
959 1776
960 1776
961 1776
962 1776
963 1776
964 1776
965 1776
966 1776
967 1776
968 1776
969 1776
970 1776
971 1776
972 1776
973 1776
974 1776
975 1776
976 1776
977 1776
978 1776
979 1776
980 1776
981 1776
982 1776
983 1776
984 1776
985 1776
986 1776
987 1776
988 1776
989 1776
990 1776
991 1776
992 1776
993 1776
994 1776
995 1776
996 1776
997 1776
998 1776
999 1776
1000 1776
1001 1776
1002 1776
1003 1776
1004 1776
1005 1776
1006 1776
1007 1776
1008 1776
1009 1776
1010 1776
1011 1776
1012 1776
1013 1776
1014 1776
1015 1776
1016 1776
1017 1776
1018 1776
1019 1776
1020 1776
1021 1776
1022 1776
1023 1776
1024 1776
1025 1776
1026 1776
1027 1776
1028 1776
1029 1776
1030 1776
1031 1776
1032 1776
1033 1776
1034 1776
1035 1776
1036 1776
1037 1776
1038 1776
1039 1776
1040 1776
1041 1776
1042 1776
1043 1776
1044 1776
1045 1776
1046 1776
1047 1776
1048 1776
1049 1776
1050 1776
1051 1776
1052 1776
1053 1776
1054 1776
1055 1776
1056 1776
1057 1776
1058 1776
1059 1776
1060 1776
1061 1776
1062 1776
1063 1776
1064 1776
1065 1776
1066 1776
1067 1776
1068 1776
1069 1776
1070 1776
1071 1776
1072 1776
1073 1776
1074 1776
1075 1776
1076 1776
1077 1776
1078 1776
1079 1776
1080 1776
1081 1776
1082 1776
1083 1776
1084 1776
1085 1776
1086 1776
1087 1776
1088 1776
1089 1776
1090 1776
1091 1776
1092 1776
1093 1776
1094 1776
1095 1776
1096 1776
1097 1776
1098 1776
1099 1776
1100 1776
1101 1776
1102 1776
1103 1776
1104 1776
1105 1776
1106 1776
1107 1776
1108 1776
1109 1776
1110 1776
1111 1776
1112 1776
1113 1776
1114 1776
1115 1776
1116 1776
1117 1776
1118 1776
1119 1776
1120 1776
1121 1776
1122 1776
1123 1776
1124 1776
1125 1776
1126 1776
1127 1776
1128 1776
1129 1776
1130 1776
1131 1776
1132 1776
1133 1776
1134 1776
1135 1776
1136 1776
1137 1776
1138 1776
1139 1776
1140 1776
1141 1776
1142 1776
1143 1776
1144 1776
1145 1776
1146 1776
1147 1776
1148 1776
1149 1776
1150 1776
1151 1776
1152 1776
1153 1776
1154 1776
1155 1776
1156 1776
1157 1776
1158 1776
1159 1776
1160 1776
1161 1776
1162 1776
1163 1776
1164 1776
1165 1776
1166 1776
1167 1776
1168 1776
1169 1776
1170 1776
1171 1776
1172 1776
1173 1776
1174 1776
1175 1776
1176 1776
1177 1776
1178 1776
1179 1776
1180 1776
1181 1776
1182 1776
1183 1776
1184 1776
1185 1776
1186 1776
1187 1776
1188 1776
1189 1776
1190 1776
1191 1776
1192 1776
1193 1776
1194 1776
1195 1776
1196 1776
1197 1776
1198 1776
1199 1776
1200 1776
1201 1776
1202 1776
1203 1776
1204 1776
1205 1776
1206 1776
1207 1776
1208 1776
1209 1776
1210 1776
1211 1776
1212 1776
1213 1776
1214 1776
1215 1776
1216 1776
1217 1776
1218 1776
1219 1776
1220 1776
1221 1776
1222 1776
1223 1776
1224 1776
1225 1776
1226 1776
1227 1776
1228 1776
1229 1776
1230 1776
1231 1776
1232 1776
1233 1776
1234 1776
1235 1776
1236 1776
1237 1776
1238 1776
1239 1776
1240 1776
1241 1776
1242 1776
1243 1776
1244 1776
1245 1776
1246 1776
1247 1776
1248 1776
1249 1776
1250 1776
1251 1776
1252 1776
1253 1776
1254 1776
1255 1776
1256 1776
1257 1776
1258 1776
1259 1776
1260 1776
1261 1776
1262 1776
1263 1776
1264 1776
1265 1776
1266 1776
1267 1776
1268 1776
1269 1776
1270 1776
1271 1776
1272 1776
1273 1776
1274 1776
1275 1776
1276 1776
1277 1776
1278 1776
1279 1776
1280 1776
1281 1776
1282 1776
1283 1776
1284 1776
1285 1776
1286 1776
1287 1776
1288 1776
1289 1776
1290 1776
1291 1776
1292 1776
1293 1776
1294 1776
1295 1776
1296 1776
1297 1776
1298 1776
1299 1776
1300 1776
1301 1776
1302 1776
1303 1776
1304 1776
1305 1776
1306 1776
1307 1776
1308 1776
1309 1776
1310 1776
1311 1776
1312 1776
1313 1776
1314 1776
1315 1776
1316 1776
1317 1776
1318 1776
1319 1776
1320 1776
1321 1776
1322 1776
1323 1776
1324 1776
1325 1776
1326 1776
1327 1776
1328 1776
1329 1776
1330 1776
1331 1776
1332 1776
1333 1776
1334 1776
1335 1776
1336 1776
1337 1776
1338 1776
1339 1776
1340 1776
1341 1776
1342 1776
1343 1776
1344 1776
1345 1776
1346 1776
1347 1776
1348 1776
1349 1776
1350 1776
1351 1776
1352 1776
1353 1776
1354 1776
1355 1776
1356 1776
1357 1776
1358 1776
1359 1776
1360 1776
1361 1776
1362 1776
1363 1776
1364 1776
1365 1776
1366 1776
1367 1776
1368 1776
1369 1776
1370 1776
1371 1776
1372 1776
1373 1776
1374 1776
1375 1776
1376 1776
1377 1776
1378 1776
1379 1776
1380 1776
1381 1776
1382 1776
1383 1776
1384 1776
1385 1776
1386 1776
1387 1776
1388 1776
1389 1776
1390 1776
1391 1776
1392 1776
1393 1776
1394 1776
1395 1776
1396 1776
1397 1776
1398 1776
1399 1776
1400 1776
1401 1776
1402 1776
1403 1776
1404 1776
1405 1776
1406 1776
1407 1776
1408 1776
1409 1776
1410 1776
1411 1776
1412 1776
1413 1776
1414 1776
1415 1776
1416 1776
1417 1776
1418 1776
1419 1776
1420 1776
1421 1776
1422 1776
1423 1776
1424 1776
1425 1776
1426 1776
1427 1776
1428 1776
1429 1776
1430 1776
1431 1776
1432 1776
1433 1776
1434 1776
1435 1776
1436 1776
1437 1776
1438 1776
1439 1776
1440 1776
1441 1776
1442 1776
1443 1776
1444 1776
1445 1776
1446 1776
1447 1776
1448 1776
1449 1776
1450 1776
1451 1776
1452 1776
1453 1776
1454 1776
1455 1776
1456 1776
1457 1776
1458 1776
1459 1776
1460 1776
1461 1776
1462 1776
1463 1776
1464 1776
1465 1776
1466 1776
1467 1776
1468 1776
1469 1776
1470 1776
1471 1776
1472 1776
1473 1776
1474 1776
1475 1776
1476 1776
1477 1776
1478 1776
1479 1776
1480 1776
1481 1776
1482 1776
1483 1776
1484 1776
1485 1776
1486 1776
1487 1776
1488 1776
1489 1776
1490 1776
1491 1776
1492 1776
1493 1776
1494 1776
1495 1776
1496 1776
1497 1776
1498 1776
1499 1776
1500 1776
1501 1776
1502 1776
1503 1776
1504 1776
1505 1776
1506 1776
1507 1776
1508 1776
1509 1776
1510 1776
1511 1776
1512 1776
1513 1776
1514 1776
1515 1776
1516 1776
1517 1776
1518 1776
1519 1776
1520 1776
1521 1776
1522 1776
1523 1776
1524 1776
1525 1776
1526 1776
1527 1776
1528 1776
1529 1776
1530 1776
1531 1776
1532 1776
1533 1776
1534 1776
1535 1776
1536 1776
1537 1776
1538 1776
1539 1776
1540 1776
1541 1776
1542 1776
1543 1776
1544 1776
1545 1776
1546 1776
1547 1776
1548 1776
1549 1776
1550 1776
1551 1776
1552 1776
1553 1776
1554 1776
1555 1776
1556 1776
1557 1776
1558 1776
1559 1776
1560 1776
1561 1776
1562 1776
1563 1776
1564 1776
1565 1776
1566 1776
1567 1776
1568 1776
1569 1776
1570 1776
1571 1776
1572 1776
1573 1776
1574 1776
1575 1776
1576 1776
1577 1776
1578 1776
1579 1776
1580 1776
1581 1776
1582 1776
1583 1776
1584 1776
1585 1776
1586 1776
1587 1776
1588 1776
1589 1776
1590 1776
1591 1776
1592 1776
1593 1776
1594 1776
1595 1776
1596 1776
1597 1776
1598 1776
1599 1776
1600 1776
1601 1776
1602 1776
1603 1776
1604 1776
1605 1776
1606 1776
1607 1776
1608 1776
1609 1776
1610 1776
1611 1776
1612 1776
1613 1776
1614 1776
1615 1776
1616 1776
1617 1776
1618 1776
1619 1776
1620 1776
1621 1776
1622 1776
1623 1776
1624 1776
1625 1776
1626 1776
1627 1776
1628 1776
1629 1776
1630 1776
1631 1776
1632 1776
1633 1776
1634 1776
1635 1776
1636 1776
1637 1776
1638 1776
1639 1776
1640 1776
1641 1776
1642 1776
1643 1776
1644 1776
1645 1776
1646 1776
1647 1776
1648 1776
1649 1776
1650 1776
1651 1776
1652 1776
1653 1776
1654 1776
1655 1776
1656 1776
1657 1776
1658 1776
1659 1776
1660 1776
1661 1776
1662 1776
1663 1776
1664 1776
1665 1776
1666 1776
1667 1776
1668 1776
1669 1776
1670 1776
1671 1776
1672 1776
1673 1776
1674 1776
1675 1776
1676 1776
1677 1776
1678 1776
1679 1776
1680 1776
1681 1776
1682 1776
1683 1776
1684 1776
1685 1776
1686 1776
1687 1776
1688 1776
1689 1776
1690 1776
1691 1776
1692 1776
1693 1776
1694 1776
1695 1776
1696 1776
1697 1776
1698 1776
1699 1776
1700 1776
1701 1776
1702 1776
1703 1776
1704 1776
1705 1776
1706 1776
1707 1776
1708 1776
1709 1776
1710 1776
1711 1776
1712 1776
1713 1776
1714 1776
1715 1776
1716 1776
1717 1776
1718 1776
1719 1776
1720 1776
1721 1776
1722 1776
1723 1776
1724 1776
1725 1776
1726 1776
1727 1776
1728 1776
1729 1776
1730 1776
1731 1776
1732 1776
1733 1776
1734 1776
1735 1776
1736 1776
1737 1776
1738 1776
1739 1776
1740 1776
1741 1776
1742 1776
1743 1776
1744 1776
1745 1776
1746 1776
1747 1776
1748 1776
1749 1776
1750 1776
1751 1776
1752 1776
1753 1776
1754 1776
1755 1776
1756 1776
1757 1776
1758 1776
1759 1776
1760 1776
1761 1776
1762 1776
1763 1776
1764 1776
1765 1776
1766 1776
1767 1776
1768 1776
1769 1776
1770 1776
1771 1776
1772 1776
1773 1776
1774 1776
1775 1776
1776 1776
1777 1776
1778 1776
1779 1776
1780 1776
1781 1776
1782 1776
1783 1776
1784 1776
1785 1776
1786 1776
1787 1776
1788 1776
1789 1776
1790 1776
1791 1776
1792 1776
1793 1776
1794 1776
1795 1776
1796 1776
1797 1776
1798 1776
1799 1776
1800 1776
1801 1776
1802 1776
1803 1776
1804 1776
1805 1776
1806 1776
1807 1776
1808 1776
1809 1776
1810 1776
1811 1776
1812 1776
1813 1776
1814 1776
1815 1776
1816 1776
1817 1776
1818 1776
1819 1776
1820 1776
1821 1776
1822 1776
1823 1776
1824 1776
1825 1776
1826 1776
1827 1776
1828 1776
1829 1776
1830 1776
1831 1776
1832 1776
1833 1776
1834 1776
1835 1776
1836 1776
1837 1776
1838 1776
1839 1776
1840 1776
1841 1776
1842 1776
1843 1776
1844 1776
1845 1776
1846 1776
1847 1776
1848 1776
1849 1776
1850 1776
1851 1776
1852 1776
1853 1776
1854 1776
1855 1776
1856 1776
1857 1776
1858 1776
1859 1776
1860 1776
1861 1776
1862 1776
1863 1776
1864 1776
1865 1776
1866 1776
1867 1776
1868 1776
1869 1776
1870 1776
1871 1776
1872 1776
1873 1776
1874 1776
1875 1776
1876 1776
1877 1776
1878 1776
1879 1776
1880 1776
1881 1776
1882 1776
1883 1776
1884 1776
1885 1776
1886 1776
1887 1776
1888 1776
1889 1776
1890 1776
1891 1776
1892 1776
1893 1776
1894 1776
1895 1776
1896 1776
1897 1776
1898 1776
1899 1776
1900 1776
1901 1776
1902 1776
1903 1776
1904 1776
1905 1776
1906 1776
1907 1776
1908 1776
1909 1776
1910 1776
1911 1776
1912 1776
1913 1776
1914 1776
1915 1776
1916 1776
1917 1776
1918 1776
1919 1776
1920 1776
1921 1776
1922 1776
1923 1776
1924 1776
1925 1776
1926 1776
1927 1776
1928 1776
1929 1776
1930 1776
1931 1776
1932 1776
1933 1776
1934 1776
1935 1776
1936 1776
1937 1776
1938 1776
1939 1776
1940 1776
1941 1776
1942 1776
1943 1776
1944 1776
1945 1776
1946 1776
1947 1776
1948 1776
1949 1776
1950 1776
1951 1776
1952 1776
1953 1776
1954 1776
1955 1776
1956 1776
1957 1776
1958 1776
1959 1776
1960 1776
1961 1776
1962 1776
1963 1776
1964 1776
1965 1776
1966 1776
1967 1776
1968 1776
1969 1776
1970 1776
1971 1776
1972 1776
1973 1776
1974 1776
1975 1776
1976 1776
1977 1776
1978 1776
1979 1776
1980 1776
1981 1776
1982 1776
1983 1776
1984 1776
1985 1776
1986 1776
1987 1776
1988 1776
1989 1776
1990 1776
1991 1776
1992 1776
1993 1776
1994 1776
1995 1776
1996 1776
1997 1776
1998 1776
1999 1776
2000 1776
2001 1776
2002 1776
2003 1776
2004 1776
2005 1776
2006 1776
2007 1776
2008 1776
2009 1776
2010 1776
2011 1776
2012 1776
2013 1776
2014 1776
2015 1776
2016 1776
2017 1776
2018 1776
2019 1776
2020 1776
2021 1776
2022 1776
2023 1776
2024 1776
2025 1776
2026 1776
2027 1776
2028 1776
2029 1776
2030 1776
2031 1776
2032 1776
2033 1776
2034 1776
2035 1776
2036 1776
2037 1776
2038 1776
2039 1776
2040 1776
2041 1776
2042 1776
2043 1776
2044 1776
2045 1776
2046 1776
2047 1776
2048 1776
2049 1776
2050 1776
2051 1776
2052 1776
2053 1776
2054 1776
2055 1776
2056 1776
2057 1776
2058 1776
2059 1776
2060 1776
2061 1776
2062 1776
2063 1776
2064 1776
2065 1776
2066 1776
2067 1776
2068 1776
2069 1776
2070 1776
2071 1776
2072 1776
2073 1776
2074 1776
2075 1776
2076 1776
2077 1776
2078 1776
2079 1776
2080 1776
2081 1776
2082 1776
2083 1776
2084 1776
2085 1776
2086 1776
2087 1776
2088 1776
2089 1776
2090 1776
2091 1776
2092 1776
2093 1776
2094 1776
2095 1776
2096 1776
2097 1776
2098 1776
2099 1776
2100 1776
2101 1776
2102 1776
2103 1776
2104 1776
2105 1776
2106 1776
2107 1776
2108 1776
2109 1776
2110 1776
2111 1776
2112 1776
2113 1776
2114 1776
2115 1776
2116 1776
2117 1776
2118 1776
2119 1776
2120 1776
2121 1776
2122 1776
2123 1776
2124 1776
2125 1776
2126 1776
2127 1776
2128 1776
2129 1776
2130 1776
2131 1776
2132 1776
2133 1776
2134 1776
2135 1776
2136 1776
2137 1776
2138 1776
2139 1776
2140 1776
2141 1776
2142 1776
2143 1776
2144 1776
2145 1776
2146 1776
2147 1776
2148 1776
2149 1776
2150 1776
2151 1776
2152 1776
2153 1776
2154 1776
2155 1776
2156 1776
2157 1776
2158 1776
2159 1776
2160 1776
2161 1776
2162 1776
2163 1776
2164 1776
2165 1776
2166 1776
2167 1776
2168 1776
2169 1776
2170 1776
2171 1776
2172 1776
2173 1776
2174 1776
2175 1776
2176 1776
2177 1776
2178 1776
2179 1776
2180 1776
2181 1776
2182 1776
2183 1776
2184 1776
2185 1776
2186 1776
2187 1776
2188 1776
2189 1776
2190 1776
2191 1776
2192 1776
2193 1776
2194 1776
2195 1776
2196 1776
2197 1776
2198 1776
2199 1776
2200 1776
2201 1776
2202 1776
2203 1776
2204 1776
2205 1776
2206 1776
2207 1776
2208 1776
2209 1776
2210 1776
2211 1776
2212 1776
2213 1776
2214 1776
2215 1776
2216 1776
2217 1776
2218 1776
2219 1776
2220 1776
2221 1776
2222 1776
2223 1776
2224 1776
2225 1776
2226 1776
2227 1776
2228 1776
2229 1776
2230 1776
2231 1776
2232 1776
2233 1776
2234 1776
2235 1776
2236 1776
2237 1776
2238 1776
2239 1776
2240 1776
2241 1776
2242 1776
2243 1776
2244 1776
2245 1776
2246 1776
2247 1776
2248 1776
2249 1776
2250 1776
2251 1776
2252 1776
2253 1776
2254 1776
2255 1776
2256 1776
2257 1776
2258 1776
2259 1776
2260 1776
2261 1776
2262 1776
2263 1776
2264 1776
2265 1776
2266 1776
2267 1776
2268 1776
2269 1776
2270 1776
2271 1776
2272 1776
2273 1776
2274 1776
2275 1776
2276 1776
2277 1776
2278 1776
2279 1776
2280 1776
2281 1776
2282 1776
2283 1776
2284 1776
2285 1776
2286 1776
2287 1776
2288 1776
2289 1776
2290 1776
2291 1776
2292 1776
2293 1776
2294 1776
2295 1776
2296 1776
2297 1776
2298 1776
2299 1776
2300 1776
2301 1776
2302 1776
2303 1776
2304 1776
2305 1776
2306 1776
2307 1776
2308 1776
2309 1776
2310 1776
2311 1776
2312 1776
2313 1776
2314 1776
2315 1776
2316 1776
2317 1776
2318 1776
2319 1776
2320 1776
2321 1776
2322 1776
2323 1776
2324 1776
2325 1776
2326 1776
2327 1776
2328 1776
2329 1776
2330 1776
2331 1776
2332 1776
2333 1776
2334 1776
2335 1776
2336 1776
2337 1776
2338 1776
2339 1776
2340 1776
2341 1776
2342 1776
2343 1776
2344 1776
2345 1776
2346 1776
2347 1776
2348 1776
2349 1776
2350 1776
2351 1776
2352 1776
2353 1776
2354 1776
2355 1776
2356 1776
2357 1776
2358 1776
2359 1776
2360 1776
2361 1776
2362 1776
2363 1776
2364 1776
2365 1776
2366 1776
2367 1776
2368 1776
2369 1776
2370 1776
2371 1776
2372 1776
2373 1776
2374 1776
2375 1776
2376 1776
2377 1776
2378 1776
2379 1776
2380 1776
2381 1776
2382 1776
2383 1776
2384 1776
2385 1776
2386 1776
2387 1776
2388 1776
2389 1776
2390 1776
2391 1776
2392 1776
2393 1776
2394 1776
2395 1776
2396 1776
2397 1776
2398 1776
2399 1776
2400 1776
2401 1776
2402 1776
2403 1776
2404 1776
2405 1776
2406 1776
2407 1776
2408 1776
2409 1776
2410 1776
2411 1776
2412 1776
2413 1776
2414 1776
2415 1776
2416 1776
2417 1776
2418 1776
2419 1776
2420 1776
2421 1776
2422 1776
2423 1776
2424 1776
2425 1776
2426 1776
2427 1776
2428 1776
2429 1776
2430 1776
2431 1776
2432 1776
2433 1776
2434 1776
2435 1776
2436 1776
2437 1776
2438 1776
2439 1776
2440 1776
2441 1776
2442 1776
2443 1776
2444 1776
2445 1776
2446 1776
2447 1776
2448 1776
2449 1776
2450 1776
2451 1776
2452 1776
2453 1776
2454 1776
2455 1776
2456 1776
2457 1776
2458 1776
2459 1776
2460 1776
2461 1776
2462 1776
2463 1776
2464 1776
2465 1776
2466 1776
2467 1776
2468 1776
2469 1776
2470 1776
2471 1776
2472 1776
2473 1776
2474 1776
2475 1776
2476 1776
2477 1776
2478 1776
2479 1776
2480 1776
2481 1776
2482 1776
2483 1776
2484 1776
2485 1776
2486 1776
2487 1776
2488 1776
2489 1776
2490 1776
2491 1776
2492 1776
2493 1776
2494 1776
2495 1776
2496 1776
2497 1776
2498 1776
2499 1776
2500 1776
2501 1776
2502 1776
2503 1776
2504 1776
2505 1776
2506 1776
2507 1776
2508 1776
2509 1776
2510 1776
2511 1776
2512 1776
2513 1776
2514 1776
2515 1776
2516 1776
2517 1776
2518 1776
2519 1776
2520 1776
2521 1776
2522 1776
2523 1776
2524 1776
2525 1776
2526 1776
2527 1776
2528 1776
2529 1776
2530 1776
2531 1776
2532 1776
2533 1776
2534 1776
2535 1776
2536 1776
2537 1776
2538 1776
2539 1776
2540 1776
2541 1776
2542 1776
2543 1776
2544 1776
2545 1776
2546 1776
2547 1776
2548 1776
2549 1776
2550 1776
2551 1776
2552 1776
2553 1776
2554 1776
2555 1776
2556 1776
2557 1776
2558 1776
2559 1776
2560 1776
2561 1776
2562 1776
2563 1776
2564 1776
2565 1776
2566 1776
2567 1776
2568 1776
2569 1776
2570 1776
2571 1776
2572 1776
2573 1776
2574 1776
2575 1776
2576 1776
2577 1776
2578 1776
2579 1776
2580 1776
2581 1776
2582 1776
2583 1776
2584 1776
2585 1776
2586 1776
2587 1776
2588 1776
2589 1776
2590 1776
2591 1776
2592 1776
2593 1776
2594 1776
2595 1776
2596 1776
2597 1776
2598 1776
2599 1776
2600 1776
2601 1776
2602 1776
2603 1776
2604 1776
2605 1776
2606 1776
2607 1776
2608 1776
2609 1776
2610 1776
2611 1776
2612 1776
2613 1776
2614 1776
2615 1776
2616 1776
2617 1776
2618 1776
2619 1776
2620 1776
2621 1776
2622 1776
2623 1776
2624 1776
2625 1776
2626 1776
2627 1776
2628 1776
2629 1776
2630 1776
2631 1776
2632 1776
2633 1776
2634 1776
2635 1776
2636 1776
2637 1776
2638 1776
2639 1776
2640 1776
2641 1776
2642 1776
2643 1776
2644 1776
2645 1776
2646 1776
2647 1776
2648 1776
2649 1776
2650 1776
2651 1776
2652 1776
2653 1776
2654 1776
2655 1776
2656 1776
2657 1776
2658 1776
2659 1776
2660 1776
2661 1776
2662 1776
2663 1776
2664 1776
2665 1776
2666 1776
2667 1776
2668 1776
2669 1776
2670 1776
2671 1776
2672 1776
2673 1776
2674 1776
2675 1776
2676 1776
2677 1776
2678 1776
2679 1776
2680 1776
2681 1776
2682 1776
2683 1776
2684 1776
2685 1776
2686 1776
2687 1776
2688 1776
2689 1776
2690 1776
2691 1776
2692 1776
2693 1776
2694 1776
2695 1776
2696 1776
2697 1776
2698 1776
2699 1776
2700 1776
2701 1776
2702 1776
2703 1776
2704 1776
2705 1776
2706 1776
2707 1776
2708 1776
2709 1776
2710 1776
2711 1776
2712 1776
2713 1776
2714 1776
2715 1776
2716 1776
2717 1776
2718 1776
2719 1776
2720 1776
2721 1776
2722 1776
2723 1776
2724 1776
2725 1776
2726 1776
2727 1776
2728 1776
2729 1776
2730 1776
2731 1776
2732 1776
2733 1776
2734 1776
2735 1776
2736 1776
2737 1776
2738 1776
2739 1776
2740 1776
2741 1776
2742 1776
2743 1776
2744 1776
2745 1776
2746 1776
2747 1776
2748 1776
2749 1776
2750 1776
2751 1776
2752 1776
2753 1776
2754 1776
2755 1776
2756 1776
2757 1776
2758 1776
2759 1776
2760 1776
2761 1776
2762 1776
2763 1776
2764 1776
2765 1776
2766 1776
2767 1776
2768 1776
2769 1776
2770 1776
2771 1776
2772 1776
2773 1776
2774 1776
2775 1776
2776 1776
2777 1776
2778 1776
2779 1776
2780 1776
2781 1776
2782 1776
2783 1776
2784 1776
2785 1776
2786 1776
2787 1776
2788 1776
2789 1776
2790 1776
2791 1776
2792 1776
2793 1776
2794 1776
2795 1776
2796 1776
2797 1776
2798 1776
2799 1776
2800 1776
2801 1776
2802 1776
2803 1776
2804 1776
2805 1776
2806 1776
2807 1776
2808 1776
2809 1776
2810 1776
2811 1776
2812 1776
2813 1776
2814 1776
2815 1776
2816 1776
2817 1776
2818 1776
2819 1776
2820 1776
2821 1776
2822 1776
2823 1776
2824 1776
2825 1776
2826 1776
2827 1776
2828 1776
2829 1776
2830 1776
2831 1776
2832 1776
2833 1776
2834 1776
2835 1776
2836 1776
2837 1776
2838 1776
2839 1776
2840 1776
2841 1776
2842 1776
2843 1776
2844 1776
2845 1776
2846 1776
2847 1776
2848 1776
2849 1776
2850 1776
2851 1776
2852 1776
2853 1776
2854 1776
2855 1776
2856 1776
2857 1776
2858 1776
2859 1776
2860 1776
2861 1776
2862 1776
2863 1776
2864 1776
2865 1776
2866 1776
2867 1776
2868 1776
2869 1776
2870 1776
2871 1776
2872 1776
2873 1776
2874 1776
2875 1776
2876 1776
2877 1776
2878 1776
2879 1776
2880 1776
2881 1776
2882 1776
2883 1776
2884 1776
2885 1776
2886 1776
2887 1776
2888 1776
2889 1776
2890 1776
2891 1776
2892 1776
2893 1776
2894 1776
2895 1776
2896 1776
2897 1776
2898 1776
2899 1776
2900 1776
2901 1776
2902 1776
2903 1776
2904 1776
2905 1776
2906 1776
2907 1776
2908 1776
2909 1776
2910 1776
2911 1776
2912 1776
2913 1776
2914 1776
2915 1776
2916 1776
2917 1776
2918 1776
2919 1776
2920 1776
2921 1776
2922 1776
2923 1776
2924 1776
2925 1776
2926 1776
2927 1776
2928 1776
2929 1776
2930 1776
2931 1776
2932 1776
2933 1776
2934 1776
2935 1776
2936 1776
2937 1776
2938 1776
2939 1776
2940 1776
2941 1776
2942 1776
2943 1776
2944 1776
2945 1776
2946 1776
2947 1776
2948 1776
2949 1776
2950 1776
2951 1776
2952 1776
2953 1776
2954 1776
2955 1776
2956 1776
2957 1776
2958 1776
2959 1776
2960 1776
2961 1776
2962 1776
2963 1776
2964 1776
2965 1776
2966 1776
2967 1776
2968 1776
2969 1776
2970 1776
2971 1776
2972 1776
2973 1776
2974 1776
2975 1776
2976 1776
2977 1776
2978 1776
2979 1776
2980 1776
2981 1776
2982 1776
2983 1776
2984 1776
2985 1776
2986 1776
2987 1776
2988 1776
2989 1776
2990 1776
2991 1776
2992 1776
2993 1776
2994 1776
2995 1776
2996 1776
2997 1776
2998 1776
2999 1776
3000 1776
3001 1776
3002 1776
3003 1776
3004 1776
3005 1776
3006 1776
3007 1776
3008 1776
3009 1776
3010 1776
3011 1776
3012 1776
3013 1776
3014 1776
3015 1776
3016 1776
3017 1776
3018 1776
3019 1776
3020 1776
3021 1776
3022 1776
3023 1776
3024 1776
3025 1776
3026 1776
3027 1776
3028 1776
3029 1776
3030 1776
3031 1776
3032 1776
3033 1776
3034 1776
3035 1776
3036 1776
3037 1776
3038 1776
3039 1776
3040 1776
3041 1776
3042 1776
3043 1776
3044 1776
3045 1776
3046 1776
3047 1776
3048 1776
3049 1776
3050 1776
3051 1776
3052 1776
3053 1776
3054 1776
3055 1776
3056 1776
3057 1776
3058 1776
3059 1776
3060 1776
3061 1776
3062 1776
3063 1776
3064 1776
3065 1776
3066 1776
3067 1776
3068 1776
3069 1776
3070 1776
3071 1776
3072 1776
3073 1776
3074 1776
3075 1776
3076 1776
3077 1776
3078 1776
3079 1776
3080 1776
3081 1776
3082 1776
3083 1776
3084 1776
3085 1776
3086 1776
3087 1776
3088 1776
3089 1776
3090 1776
3091 1776
3092 1776
3093 1776
3094 1776
3095 1776
3096 1776
3097 1776
3098 1776
3099 1776
3100 1776
3101 1776
3102 1776
3103 1776
3104 1776
3105 1776
3106 1776
3107 1776
3108 1776
3109 1776
3110 1776
3111 1776
3112 1776
3113 1776
3114 1776
3115 1776
3116 1776
3117 1776
3118 1776
3119 1776
3120 1776
3121 1776
3122 1776
3123 1776
3124 1776
3125 1776
3126 1776
3127 1776
3128 1776
3129 1776
3130 1776
3131 1776
3132 1776
3133 1776
3134 1776
3135 1776
3136 1776
3137 1776
3138 1776
3139 1776
3140 1776
3141 1776
3142 1776
3143 1776
3144 1776
3145 1776
3146 1776
3147 1776
3148 1776
3149 1776
3150 1776
3151 1776
3152 1776
3153 1776
3154 1776
3155 1776
3156 1776
3157 1776
3158 1776
3159 1776
3160 1776
3161 1776
3162 1776
3163 1776
3164 1776
3165 1776
3166 1776
3167 1776
3168 1776
3169 1776
3170 1776
3171 1776
3172 1776
3173 1776
3174 1776
3175 1776
3176 1776
3177 1776
3178 1776
3179 1776
3180 1776
3181 1776
3182 1776
3183 1776
3184 1776
3185 1776
3186 1776
3187 1776
3188 1776
3189 1776
3190 1776
3191 1776
3192 1776
3193 1776
3194 1776
3195 1776
3196 1776
3197 1776
3198 1776
3199 1776
3200 1776
3201 1776
3202 1776
3203 1776
3204 1776
3205 1776
3206 1776
3207 1776
3208 1776
3209 1776
3210 1776
3211 1776
3212 1776
3213 1776
3214 1776
3215 1776
3216 1776
3217 1776
3218 1776
3219 1776
3220 1776
3221 1776
3222 1776
3223 1776
3224 1776
3225 1776
3226 1776
3227 1776
3228 1776
3229 1776
3230 1776
3231 1776
3232 1776
3233 1776
3234 1776
3235 1776
3236 1776
3237 1776
3238 1776
3239 1776
3240 1776
3241 1776
3242 1776
3243 1776
3244 1776
3245 1776
3246 1776
3247 1776
3248 1776
3249 1776
3250 1776
3251 1776
3252 1776
3253 1776
3254 1776
3255 1776
3256 1776
3257 1776
3258 1776
3259 1776
3260 1776
3261 1776
3262 1776
3263 1776
3264 1776
3265 1776
3266 1776
3267 1776
3268 1776
3269 1776
3270 1776
3271 1776
3272 1776
3273 1776
3274 1776
3275 1776
3276 1775
3277 1775
3278 1775
3279 1775
3280 1775
3281 1775
3282 1775
3283 1774
3284 1774
3285 1773
3286 1772
3287 1772
3288 1772
3289 1771
3290 1771
3291 1770
3292 1769
3293 1769
3294 1769
3295 1769
3296 1769
3297 1769
3298 1769
3299 1767
3300 1766
3301 1765
3302 1763
3303 1763
3304 1763
3305 1763
3306 1763
3307 1762
3308 1762
3309 1762
3310 1762
3311 1762
3312 1762
3313 1762
3314 1762
3315 1762
3316 1762
3317 1762
3318 1762
3319 1762
3320 1762
3321 1762
3322 1762
3323 1762
3324 1762
3325 1762
3326 1762
3327 1762
3328 1762
3329 1762
3330 1762
3331 1762
3332 1762
3333 1762
3334 1762
3335 1762
3336 1761
3337 1761
3338 1761
3339 1761
3340 1761
3341 1761
3342 1761
3343 1761
3344 1761
3345 1761
3346 1760
3347 1760
3348 1759
3349 1759
3350 1759
3351 1759
3352 1759
3353 1759
3354 1759
3355 1759
3356 1759
3357 1759
3358 1759
3359 1759
3360 1759
3361 1758
3362 1758
3363 1758
3364 1758
3365 1758
3366 1758
3367 1758
3368 1758
3369 1755
3370 1753
3371 1749
3372 1744
3373 1744
3374 1744
3375 1744
3376 1744
3377 1743
3378 1743
3379 1743
3380 1743
3381 1743
3382 1743
3383 1743
3384 1742
3385 1742
3386 1742
3387 1742
3388 1741
3389 1741
3390 1741
3391 1741
3392 1741
3393 1741
3394 1741
3395 1741
3396 1741
3397 1741
3398 1741
3399 1741
3400 1741
3401 1741
3402 1741
3403 1741
3404 1741
3405 1741
3406 1741
3407 1740
3408 1740
3409 1740
3410 1740
3411 1740
3412 1740
3413 1740
3414 1740
3415 1739
3416 1739
3417 1738
3418 1738
3419 1738
3420 1738
3421 1738
3422 1738
3423 1738
3424 1738
3425 1738
3426 1738
3427 1738
3428 1738
3429 1738
3430 1738
3431 1738
3432 1738
3433 1738
3434 1738
3435 1738
3436 1738
3437 1738
3438 1738
3439 1729
3440 1725
3441 1719
3442 1717
3443 1716
3444 1716
3445 1716
3446 1716
3447 1716
3448 1716
3449 1716
3450 1716
3451 1716
3452 1716
3453 1716
3454 1716
3455 1716
3456 1716
3457 1716
3458 1716
3459 1716
3460 1716
3461 1716
3462 1715
3463 1715
3464 1715
3465 1714
3466 1714
3467 1714
3468 1713
3469 1712
3470 1712
3471 1712
3472 1712
3473 1712
3474 1712
3475 1712
3476 1711
3477 1711
3478 1711
3479 1711
3480 1710
3481 1710
3482 1710
3483 1710
3484 1709
3485 1709
3486 1709
3487 1708
3488 1708
3489 1708
3490 1708
3491 1708
3492 1708
3493 1708
3494 1708
3495 1708
3496 1708
3497 1708
3498 1707
3499 1707
3500 1707
3501 1707
3502 1707
3503 1707
3504 1707
3505 1707
3506 1707
3507 1707
3508 1696
3509 1692
3510 1683
3511 1679
3512 1675
3513 1675
3514 1675
3515 1674
3516 1674
3517 1674
3518 1674
3519 1673
3520 1673
3521 1671
3522 1671
3523 1671
3524 1671
3525 1670
3526 1670
3527 1670
3528 1670
3529 1669
3530 1669
3531 1667
3532 1667
3533 1666
3534 1666
3535 1666
3536 1665
3537 1665
3538 1665
3539 1665
3540 1665
3541 1664
3542 1664
3543 1664
3544 1663
3545 1663
3546 1663
3547 1663
3548 1663
3549 1663
3550 1663
3551 1663
3552 1663
3553 1663
3554 1663
3555 1663
3556 1662
3557 1662
3558 1661
3559 1661
3560 1661
3561 1661
3562 1661
3563 1661
3564 1661
3565 1661
3566 1661
3567 1661
3568 1661
3569 1661
3570 1660
3571 1659
3572 1659
3573 1658
3574 1658
3575 1658
3576 1658
3577 1652
3578 1644
3579 1635
3580 1625
3581 1625
3582 1623
3583 1623
3584 1623
3585 1623
3586 1623
3587 1623
3588 1623
3589 1623
3590 1623
3591 1623
3592 1623
3593 1623
3594 1623
3595 1622
3596 1622
3597 1622
3598 1622
3599 1622
3600 1622
3601 1622
3602 1622
3603 1621
3604 1621
3605 1621
3606 1621
3607 1621
3608 1621
3609 1621
3610 1621
3611 1621
3612 1621
3613 1621
3614 1621
3615 1621
3616 1621
3617 1621
3618 1620
3619 1620
3620 1620
3621 1620
3622 1619
3623 1619
3624 1616
3625 1616
3626 1616
3627 1616
3628 1616
3629 1616
3630 1616
3631 1616
3632 1616
3633 1616
3634 1616
3635 1616
3636 1616
3637 1616
3638 1616
3639 1615
3640 1615
3641 1615
3642 1615
3643 1615
3644 1611
3645 1603
3646 1589
3647 1583
3648 1581
3649 1581
3650 1581
3651 1581
3652 1581
3653 1581
3654 1581
3655 1581
3656 1581
3657 1580
3658 1580
3659 1580
3660 1580
3661 1580
3662 1580
3663 1580
3664 1580
3665 1580
3666 1580
3667 1580
3668 1580
3669 1580
3670 1580
3671 1580
3672 1580
3673 1579
3674 1579
3675 1579
3676 1579
3677 1579
3678 1579
3679 1579
3680 1579
3681 1579
3682 1579
3683 1579
3684 1579
3685 1579
3686 1579
3687 1579
3688 1579
3689 1578
3690 1578
3691 1578
3692 1578
3693 1578
3694 1578
3695 1578
3696 1578
3697 1577
3698 1577
3699 1577
3700 1576
3701 1576
3702 1576
3703 1576
3704 1576
3705 1576
3706 1576
3707 1576
3708 1576
3709 1570
3710 1553
3711 1540
3712 1533
3713 1533
3714 1532
3715 1532
3716 1532
3717 1532
3718 1532
3719 1532
3720 1532
3721 1531
3722 1531
3723 1531
3724 1531
3725 1531
3726 1531
3727 1531
3728 1531
3729 1531
3730 1531
3731 1531
3732 1531
3733 1531
3734 1530
3735 1530
3736 1530
3737 1529
3738 1529
3739 1529
3740 1529
3741 1529
3742 1528
3743 1528
3744 1528
3745 1528
3746 1528
3747 1528
3748 1528
3749 1528
3750 1528
3751 1528
3752 1528
3753 1528
3754 1528
3755 1528
3756 1527
3757 1527
3758 1527
3759 1527
3760 1527
3761 1527
3762 1526
3763 1525
3764 1525
3765 1525
3766 1525
3767 1525
3768 1525
3769 1525
3770 1525
3771 1524
3772 1524
3773 1523
3774 1514
3775 1506
3776 1494
3777 1476
3778 1476
3779 1476
3780 1476
3781 1476
3782 1474
3783 1474
3784 1474
3785 1473
3786 1473
3787 1473
3788 1473
3789 1473
3790 1473
3791 1473
3792 1473
3793 1473
3794 1473
3795 1473
3796 1472
3797 1472
3798 1472
3799 1472
3800 1472
3801 1472
3802 1471
3803 1471
3804 1471
3805 1471
3806 1471
3807 1471
3808 1471
3809 1471
3810 1471
3811 1470
3812 1470
3813 1470
3814 1469
3815 1469
3816 1469
3817 1469
3818 1469
3819 1469
3820 1469
3821 1469
3822 1469
3823 1469
3824 1469
3825 1469
3826 1469
3827 1469
3828 1469
3829 1469
3830 1469
3831 1469
3832 1469
3833 1469
3834 1469
3835 1469
3836 1469
3837 1469
3838 1469
3839 1469
3840 1462
3841 1445
3842 1431
3843 1417
3844 1416
3845 1415
3846 1414
3847 1414
3848 1414
3849 1413
3850 1413
3851 1413
3852 1413
3853 1412
3854 1412
3855 1412
3856 1411
3857 1411
3858 1411
3859 1411
3860 1411
3861 1411
3862 1411
3863 1411
3864 1411
3865 1410
3866 1410
3867 1410
3868 1410
3869 1410
3870 1410
3871 1409
3872 1409
3873 1409
3874 1409
3875 1409
3876 1409
3877 1409
3878 1409
3879 1409
3880 1409
3881 1409
3882 1409
3883 1408
3884 1408
3885 1408
3886 1408
3887 1408
3888 1408
3889 1408
3890 1408
3891 1408
3892 1408
3893 1408
3894 1408
3895 1408
3896 1408
3897 1408
3898 1408
3899 1408
3900 1408
3901 1408
3902 1408
3903 1407
3904 1407
3905 1400
3906 1384
3907 1374
3908 1353
3909 1352
3910 1352
3911 1352
3912 1352
3913 1352
3914 1351
3915 1351
3916 1351
3917 1349
3918 1349
3919 1349
3920 1349
3921 1348
3922 1348
3923 1348
3924 1348
3925 1347
3926 1347
3927 1347
3928 1347
3929 1347
3930 1347
3931 1346
3932 1346
3933 1346
3934 1346
3935 1345
3936 1345
3937 1345
3938 1345
3939 1345
3940 1345
3941 1345
3942 1345
3943 1345
3944 1345
3945 1345
3946 1345
3947 1345
3948 1345
3949 1345
3950 1345
3951 1345
3952 1345
3953 1345
3954 1344
3955 1344
3956 1344
3957 1344
3958 1344
3959 1344
3960 1344
3961 1344
3962 1344
3963 1344
3964 1344
3965 1344
3966 1344
3967 1344
3968 1344
3969 1344
3970 1335
3971 1313
3972 1295
3973 1274
3974 1274
3975 1274
3976 1274
3977 1274
3978 1274
3979 1274
3980 1274
3981 1274
3982 1274
3983 1274
3984 1274
3985 1274
3986 1274
3987 1274
3988 1274
3989 1274
3990 1274
3991 1274
3992 1274
3993 1274
3994 1274
3995 1274
3996 1274
3997 1274
3998 1274
3999 1274
4000 1274
4001 1274
4002 1274
4003 1274
4004 1274
4005 1274
4006 1274
4007 1274
4008 1274
4009 1274
4010 1274
4011 1274
4012 1274
4013 1274
4014 1274
4015 1274
4016 1274
4017 1274
4018 1274
4019 1274
4020 1274
4021 1274
4022 1274
4023 1274
4024 1274
4025 1274
4026 1274
4027 1274
4028 1274
4029 1274
4030 1274
4031 1274
4032 1274
4033 1262
4034 1245
4035 1225
4036 1225
4037 1225
4038 1225
4039 1225
4040 1225
4041 1225
4042 1225
4043 1225
4044 1225
4045 1225
4046 1225
4047 1225
4048 1225
4049 1225
4050 1225
4051 1225
4052 1225
4053 1225
4054 1225
4055 1225
4056 1225
4057 1225
4058 1225
4059 1225
4060 1225
4061 1225
4062 1225
4063 1225
4064 1225
4065 1225
4066 1225
4067 1225
4068 1225
4069 1225
4070 1225
4071 1225
4072 1225
4073 1225
4074 1225
4075 1225
4076 1225
4077 1225
4078 1225
4079 1225
4080 1225
4081 1225
4082 1225
4083 1225
4084 1225
4085 1225
4086 1225
4087 1225
4088 1225
4089 1225
4090 1225
4091 1225
4092 1225
4093 1225
4094 1225
4095 1225
4096 1225
4097 1222
4098 1212
4099 1196
4100 1180
4101 1180
4102 1180
4103 1180
4104 1180
4105 1180
4106 1180
4107 1180
4108 1180
4109 1180
4110 1180
4111 1180
4112 1180
4113 1180
4114 1180
4115 1180
4116 1180
4117 1180
4118 1180
4119 1180
4120 1180
4121 1180
4122 1180
4123 1180
4124 1180
4125 1180
4126 1180
4127 1180
4128 1180
4129 1180
4130 1180
4131 1180
4132 1180
4133 1180
4134 1180
4135 1180
4136 1180
4137 1180
4138 1180
4139 1180
4140 1180
4141 1180
4142 1180
4143 1180
4144 1180
4145 1180
4146 1180
4147 1180
4148 1180
4149 1180
4150 1180
4151 1180
4152 1180
4153 1180
4154 1180
4155 1180
4156 1180
4157 1180
4158 1180
4159 1180
4160 1172
4161 1156
4162 1155
4163 1137
4164 1137
4165 1137
4166 1137
4167 1137
4168 1137
4169 1137
4170 1137
4171 1137
4172 1137
4173 1137
4174 1137
4175 1137
4176 1137
4177 1137
4178 1137
4179 1137
4180 1137
4181 1137
4182 1137
4183 1137
4184 1137
4185 1137
4186 1137
4187 1137
4188 1137
4189 1137
4190 1137
4191 1137
4192 1137
4193 1137
4194 1137
4195 1137
4196 1137
4197 1137
4198 1137
4199 1137
4200 1137
4201 1137
4202 1137
4203 1137
4204 1137
4205 1137
4206 1137
4207 1137
4208 1137
4209 1137
4210 1137
4211 1137
4212 1137
4213 1137
4214 1137
4215 1137
4216 1137
4217 1137
4218 1137
4219 1137
4220 1137
4221 1137
4222 1137
4223 1137
4224 1137
4225 1137
4226 1137
4227 1137
4228 1123
4229 1109
4230 1100
4231 1093
4232 1093
4233 1093
4234 1093
4235 1093
4236 1093
4237 1093
4238 1093
4239 1093
4240 1093
4241 1093
4242 1093
4243 1093
4244 1093
4245 1093
4246 1093
4247 1093
4248 1093
4249 1093
4250 1093
4251 1093
4252 1093
4253 1093
4254 1093
4255 1093
4256 1093
4257 1093
4258 1093
4259 1093
4260 1093
4261 1093
4262 1093
4263 1093
4264 1093
4265 1093
4266 1093
4267 1093
4268 1093
4269 1093
4270 1093
4271 1093
4272 1093
4273 1093
4274 1093
4275 1093
4276 1093
4277 1093
4278 1093
4279 1093
4280 1093
4281 1093
4282 1093
4283 1093
4284 1093
4285 1093
4286 1093
4287 1093
4288 1093
4289 1093
4290 1093
4291 1093
4292 1093
4293 1093
4294 1093
4295 1093
4296 1093
4297 1093
4298 1093
4299 1083
4300 1069
4301 1058
4302 1053
4303 1053
4304 1053
4305 1053
4306 1053
4307 1053
4308 1053
4309 1053
4310 1053
4311 1053
4312 1053
4313 1053
4314 1053
4315 1053
4316 1053
4317 1053
4318 1053
4319 1053
4320 1053
4321 1053
4322 1053
4323 1053
4324 1053
4325 1053
4326 1053
4327 1053
4328 1053
4329 1053
4330 1053
4331 1053
4332 1053
4333 1053
4334 1053
4335 1053
4336 1053
4337 1053
4338 1053
4339 1053
4340 1053
4341 1053
4342 1053
4343 1053
4344 1053
4345 1053
4346 1053
4347 1053
4348 1053
4349 1053
4350 1053
4351 1053
4352 1053
4353 1053
4354 1053
4355 1053
4356 1053
4357 1053
4358 1053
4359 1053
4360 1053
4361 1053
4362 1053
4363 1053
4364 1053
4365 1053
4366 1053
4367 1053
4368 1053
4369 1053
4370 1053
4371 1053
4372 1050
4373 1041
4374 1027
4375 1012
4376 1012
4377 1012
4378 1012
4379 1012
4380 1012
4381 1012
4382 1012
4383 1012
4384 1012
4385 1012
4386 1012
4387 1012
4388 1012
4389 1012
4390 1012
4391 1012
4392 1012
4393 1012
4394 1012
4395 1012
4396 1012
4397 1012
4398 1012
4399 1012
4400 1012
4401 1012
4402 1012
4403 1012
4404 1012
4405 1012
4406 1012
4407 1012
4408 1012
4409 1012
4410 1012
4411 1012
4412 1012
4413 1012
4414 1012
4415 1012
4416 1012
4417 1012
4418 1012
4419 1012
4420 1012
4421 1012
4422 1012
4423 1012
4424 1012
4425 1012
4426 1012
4427 1012
4428 1012
4429 1012
4430 1012
4431 1012
4432 1012
4433 1012
4434 1012
4435 1012
4436 1012
4437 1012
4438 1012
4439 1012
4440 1012
4441 1012
4442 1012
4443 1005
4444 992
4445 983
4446 974
4447 971
4448 971
4449 971
4450 971
4451 971
4452 971
4453 971
4454 971
4455 971
4456 971
4457 971
4458 971
4459 971
4460 971
4461 971
4462 971
4463 971
4464 971
4465 971
4466 971
4467 971
4468 971
4469 971
4470 971
4471 971
4472 971
4473 971
4474 971
4475 971
4476 971
4477 971
4478 971
4479 971
4480 971
4481 971
4482 971
4483 971
4484 971
4485 971
4486 971
4487 971
4488 971
4489 971
4490 971
4491 971
4492 971
4493 971
4494 971
4495 971
4496 971
4497 971
4498 971
4499 971
4500 971
4501 971
4502 971
4503 971
4504 971
4505 971
4506 971
4507 971
4508 971
4509 971
4510 971
4511 971
4512 971
4513 971
4514 971
4515 963
4516 949
4517 940
4518 932
4519 932
4520 932
4521 932
4522 932
4523 932
4524 932
4525 932
4526 932
4527 932
4528 932
4529 932
4530 932
4531 932
4532 932
4533 932
4534 932
4535 932
4536 932
4537 932
4538 932
4539 932
4540 932
4541 932
4542 932
4543 932
4544 932
4545 932
4546 932
4547 932
4548 932
4549 932
4550 932
4551 932
4552 932
4553 932
4554 932
4555 932
4556 932
4557 932
4558 932
4559 932
4560 932
4561 932
4562 932
4563 932
4564 932
4565 932
4566 932
4567 932
4568 932
4569 932
4570 932
4571 932
4572 932
4573 932
4574 932
4575 932
4576 932
4577 932
4578 932
4579 932
4580 932
4581 932
4582 932
4583 932
4584 932
4585 930
4586 918
4587 912
4588 902
4589 902
4590 902
4591 902
4592 902
4593 902
4594 902
4595 902
4596 902
4597 902
4598 902
4599 902
4600 902
4601 902
4602 902
4603 902
4604 902
4605 902
4606 902
4607 902
4608 902
4609 902
4610 902
4611 902
4612 902
4613 902
4614 902
4615 902
4616 902
4617 902
4618 902
4619 902
4620 902
4621 902
4622 902
4623 902
4624 902
4625 902
4626 902
4627 902
4628 902
4629 902
4630 902
4631 902
4632 902
4633 902
4634 902
4635 902
4636 902
4637 902
4638 902
4639 902
4640 902
4641 902
4642 902
4643 902
4644 902
4645 902
4646 902
4647 902
4648 902
4649 902
4650 902
4651 902
4652 902
4653 902
4654 902
4655 902
4656 889
4657 880
4658 874
4659 874
4660 874
4661 874
4662 874
4663 874
4664 874
4665 874
4666 874
4667 874
4668 874
4669 874
4670 874
4671 874
4672 874
4673 874
4674 874
4675 874
4676 874
4677 874
4678 874
4679 874
4680 874
4681 874
4682 874
4683 874
4684 874
4685 874
4686 874
4687 874
4688 874
4689 874
4690 874
4691 874
4692 874
4693 874
4694 874
4695 874
4696 874
4697 874
4698 874
4699 874
4700 874
4701 874
4702 874
4703 874
4704 874
4705 874
4706 874
4707 874
4708 874
4709 874
4710 874
4711 874
4712 874
4713 874
4714 874
4715 874
4716 874
4717 874
4718 874
4719 874
4720 874
4721 874
4722 874
4723 869
4724 865
4725 852
4726 845
4727 845
4728 845
4729 845
4730 845
4731 845
4732 845
4733 845
4734 845
4735 845
4736 845
4737 845
4738 845
4739 845
4740 845
4741 845
4742 845
4743 845
4744 845
4745 845
4746 845
4747 845
4748 845
4749 845
4750 845
4751 845
4752 845
4753 845
4754 845
4755 845
4756 845
4757 845
4758 845
4759 845
4760 845
4761 845
4762 845
4763 845
4764 845
4765 845
4766 845
4767 845
4768 845
4769 845
4770 845
4771 845
4772 845
4773 845
4774 845
4775 845
4776 845
4777 845
4778 845
4779 845
4780 845
4781 845
4782 845
4783 845
4784 845
4785 845
4786 845
4787 845
4788 845
4789 845
4790 845
4791 845
4792 845
4793 840
4794 831
4795 823
4796 814
4797 811
4798 811
4799 811
4800 811
4801 811
4802 811
4803 811
4804 811
4805 811
4806 811
4807 811
4808 811
4809 811
4810 811
4811 811
4812 811
4813 811
4814 811
4815 811
4816 811
4817 811
4818 811
4819 811
4820 811
4821 811
4822 811
4823 811
4824 811
4825 811
4826 811
4827 811
4828 811
4829 811
4830 811
4831 811
4832 811
4833 811
4834 811
4835 811
4836 811
4837 811
4838 811
4839 811
4840 811
4841 811
4842 811
4843 811
4844 811
4845 811
4846 811
4847 811
4848 811
4849 811
4850 811
4851 811
4852 811
4853 811
4854 811
4855 811
4856 811
4857 811
4858 811
4859 811
4860 811
4861 811
4862 808
4863 801
4864 792
4865 783
4866 777
4867 777
4868 777
4869 777
4870 777
4871 777
4872 777
4873 777
4874 777
4875 777
4876 777
4877 777
4878 777
4879 777
4880 777
4881 777
4882 777
4883 777
4884 777
4885 777
4886 777
4887 777
4888 777
4889 777
4890 777
4891 777
4892 777
4893 777
4894 777
4895 777
4896 777
4897 777
4898 777
4899 777
4900 777
4901 777
4902 777
4903 777
4904 777
4905 777
4906 777
4907 777
4908 777
4909 777
4910 777
4911 777
4912 777
4913 777
4914 777
4915 777
4916 777
4917 777
4918 777
4919 777
4920 777
4921 777
4922 777
4923 777
4924 777
4925 777
4926 777
4927 777
4928 777
4929 777
4930 777
4931 777
4932 767
4933 759
4934 753
4935 751
4936 751
4937 751
4938 751
4939 751
4940 751
4941 751
4942 751
4943 751
4944 751
4945 751
4946 751
4947 751
4948 751
4949 751
4950 751
4951 751
4952 751
4953 751
4954 751
4955 751
4956 751
4957 751
4958 751
4959 751
4960 751
4961 751
4962 751
4963 751
4964 751
4965 751
4966 751
4967 751
4968 751
4969 751
4970 751
4971 751
4972 751
4973 751
4974 751
4975 751
4976 751
4977 751
4978 751
4979 751
4980 751
4981 751
4982 751
4983 751
4984 751
4985 751
4986 751
4987 751
4988 751
4989 751
4990 751
4991 751
4992 751
4993 751
4994 751
4995 751
4996 751
4997 751
4998 751
4999 751
5000 750
5001 738
5002 728
5003 719
5004 715
5005 715
5006 715
5007 715
5008 715
5009 715
5010 715
5011 715
5012 715
5013 715
5014 715
5015 715
5016 715
5017 715
5018 715
5019 715
5020 715
5021 715
5022 715
5023 715
5024 715
5025 715
5026 715
5027 715
5028 715
5029 715
5030 715
5031 715
5032 715
5033 715
5034 715
5035 715
5036 715
5037 715
5038 715
5039 715
5040 715
5041 715
5042 715
5043 715
5044 715
5045 715
5046 715
5047 715
5048 715
5049 715
5050 715
5051 715
5052 715
5053 715
5054 715
5055 715
5056 715
5057 715
5058 715
5059 715
5060 715
5061 715
5062 715
5063 715
5064 715
5065 715
5066 715
5067 715
5068 715
5069 714
5070 704
5071 691
5072 685
5073 685
5074 685
5075 685
5076 685
5077 685
5078 685
5079 685
5080 685
5081 685
5082 685
5083 685
5084 685
5085 685
5086 685
5087 685
5088 685
5089 685
5090 685
5091 685
5092 685
5093 685
5094 685
5095 685
5096 685
5097 685
5098 685
5099 685
5100 685
5101 685
5102 685
5103 685
5104 685
5105 685
5106 685
5107 685
5108 685
5109 685
5110 685
5111 685
5112 685
5113 685
5114 685
5115 685
5116 685
5117 685
5118 685
5119 685
5120 685
5121 685
5122 685
5123 685
5124 685
5125 685
5126 685
5127 685
5128 685
5129 685
5130 685
5131 685
5132 685
5133 685
5134 685
5135 685
5136 685
5137 685
5138 685
5139 682
5140 678
5141 671
5142 667
5143 667
5144 667
5145 667
5146 667
5147 667
5148 667
5149 667
5150 667
5151 667
5152 667
5153 667
5154 667
5155 667
5156 667
5157 667
5158 667
5159 667
5160 667
5161 667
5162 667
5163 667
5164 667
5165 667
5166 667
5167 667
5168 667
5169 667
5170 667
5171 667
5172 667
5173 667
5174 667
5175 667
5176 667
5177 667
5178 667
5179 667
5180 667
5181 667
5182 667
5183 667
5184 667
5185 667
5186 667
5187 667
5188 667
5189 667
5190 667
5191 667
5192 667
5193 667
5194 667
5195 667
5196 667
5197 667
5198 667
5199 667
5200 667
5201 667
5202 667
5203 667
5204 667
5205 667
5206 667
5207 667
5208 659
5209 653
5210 646
5211 643
5212 643
5213 643
5214 643
5215 643
5216 643
5217 643
5218 643
5219 643
5220 643
5221 643
5222 643
5223 643
5224 643
5225 643
5226 643
5227 643
5228 643
5229 643
5230 643
5231 643
5232 643
5233 643
5234 643
5235 643
5236 643
5237 643
5238 643
5239 643
5240 643
5241 643
5242 643
5243 643
5244 643
5245 643
5246 643
5247 643
5248 643
5249 643
5250 643
5251 643
5252 643
5253 643
5254 643
5255 643
5256 643
5257 643
5258 643
5259 643
5260 643
5261 643
5262 643
5263 643
5264 643
5265 643
5266 643
5267 643
5268 643
5269 643
5270 643
5271 643
5272 643
5273 643
5274 643
5275 643
5276 643
5277 643
5278 643
5279 639
5280 630
5281 625
5282 617
5283 613
5284 613
5285 613
5286 613
5287 613
5288 613
5289 613
5290 613
5291 613
5292 613
5293 613
5294 613
5295 613
5296 613
5297 613
5298 613
5299 613
5300 613
5301 613
5302 613
5303 613
5304 613
5305 613
5306 613
5307 613
5308 613
5309 613
5310 613
5311 613
5312 613
5313 613
5314 613
5315 613
5316 613
5317 613
5318 613
5319 613
5320 613
5321 613
5322 613
5323 613
5324 613
5325 613
5326 613
5327 613
5328 613
5329 613
5330 613
5331 613
5332 613
5333 613
5334 613
5335 613
5336 613
5337 613
5338 613
5339 613
5340 613
5341 613
5342 613
5343 613
5344 613
5345 613
5346 613
5347 613
5348 613
5349 613
5350 611
5351 607
5352 601
5353 593
5354 591
5355 591
5356 591
5357 591
5358 591
5359 591
5360 591
5361 591
5362 591
5363 591
5364 591
5365 591
5366 591
5367 591
5368 591
5369 591
5370 591
5371 591
5372 591
5373 591
5374 591
5375 591
5376 591
5377 591
5378 591
5379 591
5380 591
5381 591
5382 591
5383 591
5384 591
5385 591
5386 591
5387 591
5388 591
5389 591
5390 591
5391 591
5392 591
5393 591
5394 591
5395 591
5396 591
5397 591
5398 591
5399 591
5400 591
5401 591
5402 591
5403 591
5404 591
5405 591
5406 591
5407 591
5408 591
5409 591
5410 591
5411 591
5412 591
5413 591
5414 591
5415 591
5416 591
5417 591
5418 591
5419 591
5420 591
5421 591
5422 591
5423 578
5424 573
5425 569
5426 567
5427 567
5428 567
5429 567
5430 567
5431 567
5432 567
5433 567
5434 567
5435 567
5436 567
5437 567
5438 567
5439 567
5440 567
5441 567
5442 567
5443 567
5444 567
5445 567
5446 567
5447 567
5448 567
5449 567
5450 567
5451 567
5452 567
5453 567
5454 567
5455 567
5456 567
5457 567
5458 567
5459 567
5460 567
5461 567
5462 567
5463 567
5464 567
5465 567
5466 567
5467 567
5468 567
5469 567
5470 567
5471 567
5472 567
5473 567
5474 567
5475 567
5476 567
5477 567
5478 567
5479 567
5480 567
5481 567
5482 567
5483 567
5484 567
5485 567
5486 567
5487 567
5488 567
5489 567
5490 567
5491 567
5492 567
5493 565
5494 557
5495 550
5496 540
5497 540
5498 540
5499 540
5500 540
5501 540
5502 540
5503 540
5504 540
5505 540
5506 540
5507 540
5508 540
5509 540
5510 540
5511 540
5512 540
5513 540
5514 540
5515 540
5516 540
5517 540
5518 540
5519 540
5520 540
5521 540
5522 540
5523 540
5524 540
5525 540
5526 540
5527 540
5528 540
5529 540
5530 540
5531 540
5532 540
5533 540
5534 540
5535 540
5536 540
5537 540
5538 540
5539 540
5540 540
5541 540
5542 540
5543 540
5544 540
5545 540
5546 540
5547 540
5548 540
5549 540
5550 540
5551 540
5552 540
5553 540
5554 540
5555 540
5556 540
5557 540
5558 540
5559 540
5560 540
5561 540
5562 540
5563 540
5564 540
5565 540
5566 529
5567 527
5568 521
5569 521
5570 521
5571 521
5572 521
5573 521
5574 521
5575 521
5576 521
5577 521
5578 521
5579 521
5580 521
5581 521
5582 521
5583 521
5584 521
5585 521
5586 521
5587 521
5588 521
5589 521
5590 521
5591 521
5592 521
5593 521
5594 521
5595 521
5596 521
5597 521
5598 521
5599 521
5600 521
5601 521
5602 521
5603 521
5604 521
5605 521
5606 521
5607 521
5608 521
5609 521
5610 521
5611 521
5612 521
5613 521
5614 521
5615 521
5616 521
5617 521
5618 521
5619 521
5620 521
5621 521
5622 521
5623 521
5624 521
5625 521
5626 521
5627 521
5628 521
5629 521
5630 521
5631 521
5632 521
5633 521
5634 521
5635 521
5636 521
5637 517
5638 511
5639 507
5640 504
5641 504
5642 504
5643 504
5644 504
5645 504
5646 504
5647 504
5648 504
5649 504
5650 504
5651 504
5652 504
5653 504
5654 504
5655 504
5656 504
5657 504
5658 504
5659 504
5660 504
5661 504
5662 504
5663 504
5664 504
5665 504
5666 504
5667 504
5668 504
5669 504
5670 504
5671 504
5672 504
5673 504
5674 504
5675 504
5676 504
5677 504
5678 504
5679 504
5680 504
5681 504
5682 504
5683 504
5684 504
5685 504
5686 504
5687 504
5688 504
5689 504
5690 504
5691 504
5692 504
5693 504
5694 504
5695 504
5696 504
5697 504
5698 504
5699 504
5700 504
5701 504
5702 504
5703 504
5704 504
5705 504
5706 504
5707 504
5708 504
5709 498
5710 494
5711 487
5712 483
5713 483
5714 483
5715 483
5716 483
5717 483
5718 483
5719 483
5720 483
5721 483
5722 483
5723 483
5724 483
5725 483
5726 483
5727 483
5728 483
5729 483
5730 483
5731 483
5732 483
5733 483
5734 483
5735 483
5736 483
5737 483
5738 483
5739 483
5740 483
5741 483
5742 483
5743 483
5744 483
5745 483
5746 483
5747 483
5748 483
5749 483
5750 483
5751 483
5752 483
5753 483
5754 483
5755 483
5756 483
5757 483
5758 483
5759 483
5760 483
5761 483
5762 483
5763 483
5764 483
5765 483
5766 483
5767 483
5768 483
5769 483
5770 483
5771 483
5772 483
5773 483
5774 483
5775 483
5776 483
5777 483
5778 483
5779 483
5780 483
5781 483
5782 482
5783 479
5784 473
5785 468
5786 468
5787 468
5788 468
5789 468
5790 468
5791 468
5792 468
5793 468
5794 468
5795 468
5796 468
5797 468
5798 468
5799 468
5800 468
5801 468
5802 468
5803 468
5804 468
5805 468
5806 468
5807 468
5808 468
5809 468
5810 468
5811 468
5812 468
5813 468
5814 468
5815 468
5816 468
5817 468
5818 468
5819 468
5820 468
5821 468
5822 468
5823 468
5824 468
5825 468
5826 468
5827 468
5828 468
5829 468
5830 468
5831 468
5832 468
5833 468
5834 468
5835 468
5836 468
5837 468
5838 468
5839 468
5840 468
5841 468
5842 468
5843 468
5844 468
5845 468
5846 468
5847 468
5848 468
5849 468
5850 468
5851 468
5852 468
5853 468
5854 464
5855 461
5856 454
5857 450
5858 450
5859 450
5860 450
5861 450
5862 450
5863 450
5864 450
5865 450
5866 450
5867 450
5868 450
5869 450
5870 450
5871 450
5872 450
5873 450
5874 450
5875 450
5876 450
5877 450
5878 450
5879 450
5880 450
5881 450
5882 450
5883 450
5884 450
5885 450
5886 450
5887 450
5888 450
5889 450
5890 450
5891 450
5892 450
5893 450
5894 450
5895 450
5896 450
5897 450
5898 450
5899 450
5900 450
5901 450
5902 450
5903 450
5904 450
5905 450
5906 450
5907 450
5908 450
5909 450
5910 450
5911 450
5912 450
5913 450
5914 450
5915 450
5916 450
5917 450
5918 450
5919 450
5920 450
5921 450
5922 450
5923 450
5924 450
5925 446
5926 445
5927 438
5928 432
5929 432
5930 432
5931 432
5932 432
5933 432
5934 432
5935 432
5936 432
5937 432
5938 432
5939 432
5940 432
5941 432
5942 432
5943 432
5944 432
5945 432
5946 432
5947 432
5948 432
5949 432
5950 432
5951 432
5952 432
5953 432
5954 432
5955 432
5956 432
5957 432
5958 432
5959 432
5960 432
5961 432
5962 432
5963 432
5964 432
5965 432
5966 432
5967 432
5968 432
5969 432
5970 432
5971 432
5972 432
5973 432
5974 432
5975 432
5976 432
5977 432
5978 432
5979 432
5980 432
5981 432
5982 432
5983 432
5984 432
5985 432
5986 432
5987 432
5988 432
5989 432
5990 432
5991 432
5992 432
5993 432
5994 432
5995 432
5996 432
5997 425
5998 423
5999 417
6000 414
6001 414
6002 414
6003 414
6004 414
6005 414
6006 414
6007 414
6008 414
6009 414
6010 414
6011 414
6012 414
6013 414
6014 414
6015 414
6016 414
6017 414
6018 414
6019 414
6020 414
6021 414
6022 414
6023 414
6024 414
6025 414
6026 414
6027 414
6028 414
6029 414
6030 414
6031 414
6032 414
6033 414
6034 414
6035 414
6036 414
6037 414
6038 414
6039 414
6040 414
6041 414
6042 414
6043 414
6044 414
6045 414
6046 414
6047 414
6048 414
6049 414
6050 414
6051 414
6052 414
6053 414
6054 414
6055 414
6056 414
6057 414
6058 414
6059 414
6060 414
6061 414
6062 414
6063 414
6064 414
6065 414
6066 414
6067 414
6068 407
6069 402
6070 398
6071 398
6072 398
6073 398
6074 398
6075 398
6076 398
6077 398
6078 398
6079 398
6080 398
6081 398
6082 398
6083 398
6084 398
6085 398
6086 398
6087 398
6088 398
6089 398
6090 398
6091 398
6092 398
6093 398
6094 398
6095 398
6096 398
6097 398
6098 398
6099 398
6100 398
6101 398
6102 398
6103 398
6104 398
6105 398
6106 398
6107 398
6108 398
6109 398
6110 398
6111 398
6112 398
6113 398
6114 398
6115 398
6116 398
6117 398
6118 398
6119 398
6120 398
6121 398
6122 398
6123 398
6124 398
6125 398
6126 398
6127 398
6128 398
6129 398
6130 398
6131 398
6132 398
6133 398
6134 398
6135 398
6136 398
6137 398
6138 398
6139 398
6140 394
6141 390
6142 387
6143 385
6144 385
6145 385
6146 385
6147 385
6148 385
6149 385
6150 385
6151 385
6152 385
6153 385
6154 385
6155 385
6156 385
6157 385
6158 385
6159 385
6160 385
6161 385
6162 385
6163 385
6164 385
6165 385
6166 385
6167 385
6168 385
6169 385
6170 385
6171 385
6172 385
6173 385
6174 385
6175 385
6176 385
6177 385
6178 385
6179 385
6180 385
6181 385
6182 385
6183 385
6184 385
6185 385
6186 385
6187 385
6188 385
6189 385
6190 385
6191 385
6192 385
6193 385
6194 385
6195 385
6196 385
6197 385
6198 385
6199 385
6200 385
6201 385
6202 385
6203 385
6204 385
6205 385
6206 385
6207 385
6208 385
6209 385
6210 385
6211 385
6212 385
6213 381
6214 379
6215 377
6216 377
6217 377
6218 377
6219 377
6220 377
6221 377
6222 377
6223 377
6224 377
6225 377
6226 377
6227 377
6228 377
6229 377
6230 377
6231 377
6232 377
6233 377
6234 377
6235 377
6236 377
6237 377
6238 377
6239 377
6240 377
6241 377
6242 377
6243 377
6244 377
6245 377
6246 377
6247 377
6248 377
6249 377
6250 377
6251 377
6252 377
6253 377
6254 377
6255 377
6256 377
6257 377
6258 377
6259 377
6260 377
6261 377
6262 377
6263 377
6264 377
6265 377
6266 377
6267 377
6268 377
6269 377
6270 377
6271 377
6272 377
6273 377
6274 377
6275 377
6276 377
6277 377
6278 377
6279 377
6280 377
6281 377
6282 377
6283 377
6284 373
6285 369
6286 364
6287 362
6288 362
6289 362
6290 362
6291 362
6292 362
6293 362
6294 362
6295 362
6296 362
6297 362
6298 362
6299 362
6300 362
6301 362
6302 362
6303 362
6304 362
6305 362
6306 362
6307 362
6308 362
6309 362
6310 362
6311 362
6312 362
6313 362
6314 362
6315 362
6316 362
6317 362
6318 362
6319 362
6320 362
6321 362
6322 362
6323 362
6324 362
6325 362
6326 362
6327 362
6328 362
6329 362
6330 362
6331 362
6332 362
6333 362
6334 362
6335 362
6336 362
6337 362
6338 362
6339 362
6340 362
6341 362
6342 362
6343 362
6344 362
6345 362
6346 362
6347 362
6348 362
6349 362
6350 362
6351 362
6352 362
6353 362
6354 362
6355 362
6356 362
6357 361
6358 357
6359 355
6360 353
6361 352
6362 352
6363 352
6364 352
6365 352
6366 352
6367 352
6368 352
6369 352
6370 352
6371 352
6372 352
6373 352
6374 352
6375 352
6376 352
6377 352
6378 352
6379 352
6380 352
6381 352
6382 352
6383 352
6384 352
6385 352
6386 352
6387 352
6388 352
6389 352
6390 352
6391 352
6392 352
6393 352
6394 352
6395 352
6396 352
6397 352
6398 352
6399 352
6400 352
6401 352
6402 352
6403 352
6404 352
6405 352
6406 352
6407 352
6408 352
6409 352
6410 352
6411 352
6412 352
6413 352
6414 352
6415 352
6416 352
6417 352
6418 352
6419 352
6420 352
6421 352
6422 352
6423 352
6424 352
6425 352
6426 352
6427 352
6428 352
6429 352
6430 352
6431 349
6432 344
6433 341
6434 339
6435 339
6436 339
6437 339
6438 339
6439 339
6440 339
6441 339
6442 339
6443 339
6444 339
6445 339
6446 339
6447 339
6448 339
6449 339
6450 339
6451 339
6452 339
6453 339
6454 339
6455 339
6456 339
6457 339
6458 339
6459 339
6460 339
6461 339
6462 339
6463 339
6464 339
6465 339
6466 339
6467 339
6468 339
6469 339
6470 339
6471 339
6472 339
6473 339
6474 339
6475 339
6476 339
6477 339
6478 339
6479 339
6480 339
6481 339
6482 339
6483 339
6484 339
6485 339
6486 339
6487 339
6488 339
6489 339
6490 339
6491 339
6492 339
6493 339
6494 339
6495 339
6496 339
6497 339
6498 339
6499 339
6500 339
6501 339
6502 339
6503 339
6504 336
6505 328
6506 325
6507 322
6508 322
6509 322
6510 322
6511 322
6512 322
6513 322
6514 322
6515 322
6516 322
6517 322
6518 322
6519 322
6520 322
6521 322
6522 322
6523 322
6524 322
6525 322
6526 322
6527 322
6528 322
6529 322
6530 322
6531 322
6532 322
6533 322
6534 322
6535 322
6536 322
6537 322
6538 322
6539 322
6540 322
6541 322
6542 322
6543 322
6544 322
6545 322
6546 322
6547 322
6548 322
6549 322
6550 322
6551 322
6552 322
6553 322
6554 322
6555 322
6556 322
6557 322
6558 322
6559 322
6560 322
6561 322
6562 322
6563 322
6564 322
6565 322
6566 322
6567 322
6568 322
6569 322
6570 322
6571 322
6572 322
6573 322
6574 322
6575 322
6576 322
6577 321
6578 317
6579 313
6580 308
6581 308
6582 308
6583 308
6584 308
6585 308
6586 308
6587 308
6588 308
6589 308
6590 308
6591 308
6592 308
6593 308
6594 308
6595 308
6596 308
6597 308
6598 308
6599 308
6600 308
6601 308
6602 308
6603 308
6604 308
6605 308
6606 308
6607 308
6608 308
6609 308
6610 308
6611 308
6612 308
6613 308
6614 308
6615 308
6616 308
6617 308
6618 308
6619 308
6620 308
6621 308
6622 308
6623 308
6624 308
6625 308
6626 308
6627 308
6628 308
6629 308
6630 308
6631 308
6632 308
6633 308
6634 308
6635 308
6636 308
6637 308
6638 308
6639 308
6640 308
6641 308
6642 308
6643 308
6644 308
6645 308
6646 308
6647 308
6648 308
6649 308
6650 308
6651 306
6652 303
6653 299
6654 297
6655 297
6656 297
6657 297
6658 297
6659 297
6660 297
6661 297
6662 297
6663 297
6664 297
6665 297
6666 297
6667 297
6668 297
6669 297
6670 297
6671 297
6672 297
6673 297
6674 297
6675 297
6676 297
6677 297
6678 297
6679 297
6680 297
6681 297
6682 297
6683 297
6684 297
6685 297
6686 297
6687 297
6688 297
6689 297
6690 297
6691 297
6692 297
6693 297
6694 297
6695 297
6696 297
6697 297
6698 297
6699 297
6700 297
6701 297
6702 297
6703 297
6704 297
6705 297
6706 297
6707 297
6708 297
6709 297
6710 297
6711 297
6712 297
6713 297
6714 297
6715 297
6716 297
6717 297
6718 297
6719 297
6720 297
6721 297
6722 297
6723 297
6724 297
6725 292
6726 289
6727 286
6728 285
6729 285
6730 285
6731 285
6732 285
6733 285
6734 285
6735 285
6736 285
6737 285
6738 285
6739 285
6740 285
6741 285
6742 285
6743 285
6744 285
6745 285
6746 285
6747 285
6748 285
6749 285
6750 285
6751 285
6752 285
6753 285
6754 285
6755 285
6756 285
6757 285
6758 285
6759 285
6760 285
6761 285
6762 285
6763 285
6764 285
6765 285
6766 285
6767 285
6768 285
6769 285
6770 285
6771 285
6772 285
6773 285
6774 285
6775 285
6776 285
6777 285
6778 285
6779 285
6780 285
6781 285
6782 285
6783 285
6784 285
6785 285
6786 285
6787 285
6788 285
6789 285
6790 285
6791 285
6792 285
6793 285
6794 285
6795 285
6796 285
6797 285
6798 285
6799 281
6800 280
6801 279
6802 279
6803 279
6804 279
6805 279
6806 279
6807 279
6808 279
6809 279
6810 279
6811 319
6812 318
6813 318
6814 318
6815 318
6816 318
6817 318
6818 318
6819 360
6820 430
6821 478
6822 585
6823 767
6824 1004
6825 1145
6826 1237
6827 1304
6828 1320
6829 1365
6830 1364
6831 1417
6832 1486
6833 1580
6834 1693
6835 1709
6836 1709
6837 1709
6838 1775
6839 1774
6840 1774
6841 1846
6842 1893
6843 1893
6844 1893
6845 1893
6846 1893
6847 1917
6848 2013
6849 2132
6850 2324
6851 2468
6852 2538
6853 2778
6854 2896
6855 2944
6856 3016
6857 3064
6858 3446
6859 3661
6860 3852
6861 3898
6862 3898
6863 3876
6864 3917
6865 3910
6866 3910
6867 3910
6868 3910
6869 3910
6870 3910
6871 3910
6872 3910
6873 3910
6874 3910
6875 3910
6876 3910
6877 4049
6878 4077
6879 4196
6880 4243
6881 4243
6882 4243
6883 4243
6884 4243
6885 4266
6886 4266
6887 4266
6888 4266
6889 4266
6890 4266
6891 4266
6892 4266
6893 4266
6894 4266
6895 4266
6896 4336
6897 4336
6898 4336
6899 4336
6900 4359
6901 4359
6902 4359
6903 4407
6904 4479
6905 4551
6906 4574
6907 4574
6908 4574
6909 4622
6910 4693
6911 4716
6912 4716
6913 4716
6914 4716
6915 4812
6916 4941
6917 5066
6918 5041
6919 5126
6920 5222
6921 5436
6922 5676
6923 5818
6924 5911
6925 6006
6926 6150
6927 6150
6928 6197
6929 6197
6930 6197
6931 6197
6932 6197
6933 6197
6934 6197
6935 6413
6936 6652
6937 6990
6938 7373
6939 7420
6940 7420
6941 7443
6942 7490
6943 7490
6944 7560
6945 7560
6946 7679
6947 7678
6948 7774
6949 7870
6950 7966
6951 8040
6952 8110
6953 8181
6954 8301
6955 8399
6956 8537
6957 8579
6958 8579
6959 8769
6960 8960
6961 8982
6962 8983
6963 9079
6964 9199
6965 9248
6966 9439
6967 9679
6968 10110
6969 10395
6970 10542
6971 10542
6972 10637
6973 10852
6974 10994
6975 10994
6976 11017
6977 11017
6978 11017
6979 11017
6980 11017
6981 11017
6982 11064
6983 11160
6984 11304
6985 11448
6986 11615
6987 11854
6988 11958
6989 11967
6990 12135
6991 12253
6992 12300
6993 12300
6994 12347
6995 12347
6996 12469
6997 12637
6998 13067
6999 13477
7000 13883
7001 13906
7002 14122
7003 14432
7004 14478
7005 14596
7006 14809
7007 14810
7008 15048
7009 15018
7010 15039
7011 15348
7012 15801
7013 15801
7014 15872
7015 15871
7016 15894
7017 16134
7018 16181
7019 16686
7020 16995
7021 17521
7022 17806
7023 17806
7024 18261
7025 18316
7026 18599
7027 18765
7028 19076
7029 19555
7030 19912
7031 20459
7032 20800
7033 21808
7034 21927
7035 22405
7036 22691
7037 22664
7038 23138
7039 23830
7040 23877
7041 23877
7042 23948
7043 24163
7044 24186
7045 24712
7046 25165
7047 25307
7048 25766
7049 25907
7050 26362
7051 26505
7052 26955
7053 27264
7054 27311
7055 28245
7056 28526
7057 28526
7058 28470
7059 28491
7060 28578
7061 28940
7062 29155
7063 29158
7064 29185
7065 29642
7066 30023
7067 30095
7068 30094
7069 30421
7070 30906
7071 31000
7072 31215
7073 31265
7074 31265
7075 31265
7076 31265
7077 31265
7078 31265
7079 31237
7080 31206
7081 31206
7082 31206
7083 31206
7084 31206
7085 31206
7086 31206
7087 31206
7088 31206
7089 31206
7090 31166
7091 31140
7092 31140
7093 31140
7094 31140
7095 31140
7096 31140
7097 31140
7098 31140
7099 31140
7100 31140
7101 31140
7102 31104
7103 31085
7104 31085
7105 31085
7106 31085
7107 31085
7108 31085
7109 31085
7110 31085
7111 31085
7112 31085
7113 31085
7114 31085
7115 31057
7116 31046
7117 31046
7118 31046
7119 31046
7120 31046
7121 31046
7122 31046
7123 31046
7124 31046
7125 31046
7126 31046
7127 31046
7128 30990
7129 30990
7130 30990
7131 30990
7132 30990
7133 30990
7134 30990
7135 30990
7136 30990
7137 30990
7138 30990
7139 30990
7140 30990
7141 30990
7142 30942
7143 30942
7144 30942
7145 30942
7146 30942
7147 30942
7148 30942
7149 30942
7150 30942
7151 30942
7152 30942
7153 30942
7154 30942
7155 30942
7156 30907
7157 30881
7158 30881
7159 30881
7160 30881
7161 30881
7162 30881
7163 30881
7164 30881
7165 30881
7166 30881
7167 30881
7168 30881
7169 30881
7170 30827
7171 30808
7172 30808
7173 30808
7174 30808
7175 30808
7176 30808
7177 30808
7178 30808
7179 30808
7180 30808
7181 30808
7182 30808
7183 30808
7184 30776
7185 30774
7186 30774
7187 30774
7188 30774
7189 30774
7190 30774
7191 30774
7192 30774
7193 30774
7194 30774
7195 30774
7196 30774
7197 30774
7198 30742
7199 30742
7200 30742
7201 30742
7202 30742
7203 30742
7204 30742
7205 30742
7206 30742
7207 30742
7208 30742
7209 30742
7210 30742
7211 30742
7212 30689
7213 30689
7214 30689
7215 30689
7216 30689
7217 30689
7218 30689
7219 30689
7220 30689
7221 30689
7222 30689
7223 30689
7224 30689
7225 30689
7226 30666
7227 30633
7228 30633
7229 30633
7230 30633
7231 30633
7232 30633
7233 30633
7234 30633
7235 30633
7236 30633
7237 30633
7238 30633
7239 30633
7240 30633
7241 30633
7242 30615
7243 30602
7244 30602
7245 30602
7246 30602
7247 30602
7248 30602
7249 30602
7250 30602
7251 30602
7252 30602
7253 30602
7254 30602
7255 30602
7256 30602
7257 30602
7258 30599
7259 30561
7260 30561
7261 30561
7262 30561
7263 30561
7264 30561
7265 30561
7266 30561
7267 30561
7268 30561
7269 30561
7270 30561
7271 30561
7272 30561
7273 30561
7274 30530
7275 30530
7276 30530
7277 30530
7278 30530
7279 30530
7280 30530
7281 30530
7282 30530
7283 30530
7284 30530
7285 30530
7286 30530
7287 30530
7288 30530
7289 30522
7290 30490
7291 30490
7292 30490
7293 30490
7294 30490
7295 30490
7296 30490
7297 30490
7298 30490
7299 30490
7300 30490
7301 30490
7302 30490
7303 30490
7304 30490
7305 30486
7306 30454
7307 30454
7308 30454
7309 30454
7310 30454
7311 30454
7312 30454
7313 30454
7314 30454
7315 30454
7316 30454
7317 30454
7318 30454
7319 30454
7320 30454
7321 30454
7322 30432
7323 30418
7324 30418
7325 30418
7326 30418
7327 30418
7328 30418
7329 30418
7330 30418
7331 30418
7332 30418
7333 30418
7334 30418
7335 30418
7336 30418
7337 30418
7338 30407
7339 30390
7340 30390
7341 30390
7342 30390
7343 30390
7344 30390
7345 30390
7346 30390
7347 30390
7348 30390
7349 30390
7350 30390
7351 30390
7352 30390
7353 30390
7354 30356
7355 30353
7356 30353
7357 30353
7358 30353
7359 30353
7360 30353
7361 30353
7362 30353
7363 30353
7364 30353
7365 30353
7366 30353
7367 30353
7368 30353
7369 30353
7370 30353
7371 30330
7372 30327
7373 30327
7374 30327
7375 30327
7376 30327
7377 30327
7378 30327
7379 30327
7380 30327
7381 30327
7382 30327
7383 30327
7384 30327
7385 30327
7386 30327
7387 30327
7388 30318
7389 30297
7390 30297
7391 30297
7392 30297
7393 30297
7394 30297
7395 30297
7396 30297
7397 30297
7398 30297
7399 30297
7400 30297
7401 30297
7402 30297
7403 30297
7404 30297
7405 30280
7406 30274
7407 30274
7408 30274
7409 30274
7410 30274
7411 30274
7412 30274
7413 30274
7414 30274
7415 30274
7416 30274
7417 30274
7418 30274
7419 30274
7420 30274
7421 30237
7422 30237
7423 30237
7424 30237
7425 30237
7426 30237
7427 30237
7428 30237
7429 30237
7430 30237
7431 30237
7432 30237
7433 30237
7434 30237
7435 30237
7436 30236
7437 30213
7438 30213
7439 30213
7440 30213
7441 30213
7442 30213
7443 30213
7444 30213
7445 30213
7446 30213
7447 30213
7448 30213
7449 30213
7450 30213
7451 30213
7452 30213
7453 30207
7454 30190
7455 30190
7456 30190
7457 30190
7458 30190
7459 30190
7460 30190
7461 30190
7462 30190
7463 30190
7464 30190
7465 30190
7466 30190
7467 30190
7468 30190
7469 30190
7470 30190
7471 30171
7472 30169
7473 30169
7474 30169
7475 30169
7476 30169
7477 30169
7478 30169
7479 30169
7480 30169
7481 30169
7482 30169
7483 30169
7484 30169
7485 30169
7486 30169
7487 30169
7488 30155
7489 30149
7490 30149
7491 30149
7492 30149
7493 30149
7494 30149
7495 30149
7496 30149
7497 30149
7498 30149
7499 30149
7500 30149
7501 30149
7502 30149
7503 30149
7504 30149
7505 30141
7506 30126
7507 30126
7508 30126
7509 30126
7510 30126
7511 30126
7512 30126
7513 30126
7514 30126
7515 30126
7516 30126
7517 30126
7518 30126
7519 30126
7520 30126
7521 30126
7522 30126
7523 30118
7524 30106
7525 30106
7526 30106
7527 30106
7528 30106
7529 30106
7530 30106
7531 30106
7532 30106
7533 30106
7534 30106
7535 30106
7536 30106
7537 30106
7538 30106
7539 30106
7540 30098
7541 30090
7542 30090
7543 30090
7544 30090
7545 30090
7546 30090
7547 30090
7548 30090
7549 30090
7550 30090
7551 30090
7552 30090
7553 30090
7554 30090
7555 30090
7556 30090
7557 30090
7558 30090
7559 30082
7560 30065
7561 30065
7562 30065
7563 30065
7564 30065
7565 30065
7566 30065
7567 30065
7568 30065
7569 30065
7570 30065
7571 30065
7572 30065
7573 30065
7574 30065
7575 30065
7576 30065
7577 30065
7578 30059
7579 30057
7580 30057
7581 30057
7582 30057
7583 30057
7584 30057
7585 30057
7586 30057
7587 30057
7588 30057
7589 30057
7590 30057
7591 30057
7592 30057
7593 30057
7594 30057
7595 30057
7596 30057
7597 30050
7598 30036
7599 30036
7600 30036
7601 30036
7602 30036
7603 30036
7604 30036
7605 30036
7606 30036
7607 30036
7608 30036
7609 30036
7610 30036
7611 30036
7612 30036
7613 30036
7614 30036
7615 30036
7616 30026
7617 30015
7618 30015
7619 30015
7620 30015
7621 30015
7622 30015
7623 30015
7624 30015
7625 30015
7626 30015
7627 30015
7628 30015
7629 30015
7630 30015
7631 30015
7632 30015
7633 30015
7634 30015
7635 30008
7636 30008
7637 30008
7638 30008
7639 30008
7640 30008
7641 30008
7642 30008
7643 30007
7644 30005
7645 30002
7646 30002
7647 30000
7648 30000
7649 30000
7650 29999
7651 29991
7652 29978
7653 29973
7654 29970
7655 29966
7656 29966
7657 29962
7658 29960
7659 29957
7660 29956
7661 29954
7662 29953
7663 29952
7664 29926
7665 29913
7666 29903
7667 29901
7668 29896
7669 29890
7670 29884
7671 29873
7672 29865
7673 29858
7674 29843
7675 29782
7676 29772
7677 29758
7678 29747
7679 29738
7680 29732
7681 29723
7682 29713
7683 29702
7684 29695
7685 29628
7686 29581
7687 29569
7688 29552
7689 29533
7690 29510
7691 29495
7692 29468
7693 29452
7694 29433
7695 29416
7696 29274
7697 29253
7698 29242
7699 29230
7700 29215
7701 29191
7702 29172
7703 29143
7704 29123
7705 29094
7706 28979
7707 28892
7708 28861
7709 28843
7710 28823
7711 28806
7712 28786
7713 28758
7714 28728
7715 28714
7716 28679
7717 28481
7718 28461
7719 28432
7720 28412
7721 28382
7722 28347
7723 28319
7724 28297
7725 28267
7726 28236
7727 28082
7728 27947
7729 27918
7730 27876
7731 27853
7732 27827
7733 27794
7734 27758
7735 27730
7736 27705
7737 27671
7738 27378
7739 27351
7740 27320
7741 27280
7742 27253
7743 27221
7744 27184
7745 27146
7746 27118
7747 27089
