1 10
2 730
3 730
4 730
5 730
6 730
7 730
8 730
9 730
10 730
11 730
12 730
13 730
14 730
15 730
16 730
17 730
18 730
19 730
20 730
21 730
22 730
23 730
24 730
25 730
26 730
27 730
28 730
29 730
30 730
31 730
32 730
33 730
34 730
35 730
36 730
37 730
38 730
39 730
40 730
41 730
42 730
43 730
44 730
45 730
46 730
47 730
48 730
49 730
50 730
51 730
52 730
53 730
54 730
55 730
56 730
57 730
58 730
59 730
60 730
61 730
62 730
63 730
64 730
65 730
66 730
67 730
68 730
69 730
70 730
71 730
72 730
73 730
74 730
75 730
76 730
77 730
78 730
79 730
80 730
81 730
82 730
83 730
84 730
85 730
86 730
87 730
88 730
89 730
90 730
91 730
92 730
93 730
94 730
95 730
96 730
97 730
98 730
99 730
100 730
101 730
102 730
103 730
104 730
105 730
106 730
107 730
108 730
109 730
110 730
111 730
112 730
113 730
114 730
115 730
116 730
117 730
118 730
119 730
120 730
121 730
122 730
123 730
124 730
125 730
126 730
127 730
128 730
129 730
130 730
131 730
132 730
133 730
134 730
135 730
136 730
137 730
138 730
139 730
140 730
141 730
142 730
143 730
144 730
145 730
146 730
147 730
148 730
149 730
150 730
151 730
152 730
153 730
154 730
155 730
156 730
157 730
158 730
159 730
160 730
161 730
162 730
163 730
164 730
165 730
166 730
167 730
168 730
169 730
170 730
171 730
172 730
173 730
174 730
175 730
176 730
177 730
178 730
179 730
180 730
181 730
182 730
183 730
184 730
185 730
186 730
187 730
188 730
189 730
190 730
191 730
192 730
193 730
194 730
195 730
196 730
197 730
198 730
199 730
200 730
201 730
202 730
203 730
204 730
205 730
206 730
207 730
208 730
209 730
210 730
211 730
212 730
213 730
214 730
215 730
216 730
217 730
218 730
219 730
220 730
221 730
222 730
223 730
224 730
225 730
226 730
227 730
228 730
229 730
230 730
231 730
232 730
233 730
234 730
235 730
236 730
237 730
238 730
239 730
240 730
241 730
242 730
243 730
244 730
245 730
246 730
247 730
248 730
249 730
250 730
251 730
252 730
253 730
254 730
255 730
256 730
257 730
258 730
259 730
260 730
261 730
262 730
263 730
264 730
265 730
266 730
267 730
268 730
269 730
270 730
271 730
272 730
273 730
274 730
275 730
276 730
277 730
278 730
279 730
280 730
281 730
282 730
283 730
284 730
285 730
286 730
287 730
288 730
289 730
290 730
291 730
292 730
293 730
294 730
295 730
296 730
297 730
298 730
299 730
300 730
301 730
302 730
303 730
304 730
305 730
306 730
307 730
308 730
309 730
310 730
311 730
312 730
313 730
314 730
315 730
316 730
317 730
318 730
319 730
320 730
321 730
322 730
323 730
324 730
325 730
326 730
327 730
328 730
329 730
330 730
331 730
332 730
333 730
334 730
335 730
336 730
337 730
338 730
339 730
340 730
341 730
342 730
343 730
344 730
345 730
346 730
347 730
348 730
349 730
350 730
351 730
352 730
353 730
354 730
355 730
356 730
357 730
358 730
359 730
360 730
361 730
362 730
363 730
364 730
365 730
366 730
367 730
368 730
369 730
370 730
371 730
372 730
373 730
374 730
375 730
376 730
377 730
378 730
379 730
380 730
381 730
382 730
383 730
384 730
385 730
386 730
387 730
388 730
389 730
390 730
391 730
392 730
393 730
394 730
395 730
396 730
397 730
398 730
399 730
400 730
401 730
402 730
403 730
404 730
405 730
406 730
407 730
408 730
409 730
410 730
411 730
412 730
413 730
414 730
415 730
416 730
417 730
418 730
419 730
420 730
421 730
422 730
423 730
424 730
425 730
426 730
427 730
428 730
429 730
430 730
431 730
432 730
433 730
434 730
435 730
436 730
437 730
438 730
439 730
440 730
441 730
442 730
443 730
444 730
445 730
446 730
447 730
448 730
449 730
450 730
451 730
452 730
453 730
454 730
455 730
456 730
457 730
458 730
459 730
460 730
461 730
462 730
463 730
464 730
465 730
466 730
467 730
468 730
469 730
470 730
471 730
472 730
473 730
474 730
475 730
476 730
477 730
478 730
479 730
480 730
481 730
482 730
483 730
484 730
485 730
486 730
487 730
488 730
489 730
490 730
491 730
492 730
493 730
494 730
495 730
496 730
497 730
498 730
499 730
500 730
501 730
502 730
503 730
504 730
505 730
506 730
507 730
508 730
509 730
510 730
511 730
512 730
513 730
514 730
515 730
516 730
517 730
518 730
519 730
520 730
521 730
522 730
523 730
524 730
525 730
526 730
527 730
528 730
529 730
530 730
531 730
532 730
533 730
534 730
535 730
536 730
537 730
538 730
539 730
540 730
541 730
542 730
543 730
544 730
545 730
546 730
547 730
548 730
549 730
550 730
551 730
552 730
553 730
554 730
555 730
556 730
557 730
558 730
559 730
560 730
561 730
562 730
563 730
564 730
565 730
566 730
567 730
568 730
569 730
570 730
571 730
572 730
573 730
574 730
575 730
576 730
577 730
578 730
579 730
580 730
581 730
582 730
583 730
584 730
585 730
586 730
587 730
588 730
589 730
590 730
591 730
592 730
593 730
594 730
595 730
596 730
597 730
598 730
599 730
600 730
601 730
602 730
603 730
604 730
605 730
606 730
607 730
608 730
609 730
610 730
611 730
612 730
613 730
614 730
615 730
616 730
617 730
618 730
619 730
620 730
621 730
622 730
623 730
624 730
625 730
626 730
627 730
628 730
629 730
630 730
631 730
632 730
633 730
634 730
635 730
636 730
637 730
638 730
639 730
640 730
641 730
642 730
643 730
644 730
645 730
646 730
647 730
648 730
649 730
650 730
651 730
652 730
653 730
654 730
655 730
656 730
657 730
658 730
659 730
660 730
661 730
662 730
663 730
664 730
665 730
666 730
667 730
668 730
669 730
670 730
671 730
672 730
673 730
674 730
675 730
676 730
677 730
678 730
679 730
680 730
681 730
682 730
683 730
684 730
685 730
686 730
687 730
688 730
689 730
690 730
691 730
692 730
693 730
694 730
695 730
696 730
697 730
698 730
699 730
700 730
701 730
702 730
703 730
704 730
705 730
706 730
707 730
708 730
709 730
710 730
711 730
712 730
713 730
714 730
715 730
716 730
717 730
718 730
719 730
720 730
721 730
722 730
723 730
724 730
725 730
726 730
727 730
728 730
729 730
730 730
731 730
732 730
733 730
734 730
735 730
736 730
737 730
738 730
739 730
740 730
741 730
742 730
743 730
744 730
745 730
746 730
747 730
748 730
749 730
750 730
751 730
752 730
753 730
754 730
755 730
756 730
757 730
758 730
759 730
760 730
761 730
762 730
763 730
764 730
765 730
766 730
767 730
768 730
769 730
770 730
771 730
772 730
773 730
774 730
775 730
776 730
777 730
778 730
779 730
780 730
781 730
782 730
783 730
784 730
785 730
786 730
787 730
788 730
789 730
790 730
791 730
792 730
793 730
794 730
795 730
796 730
797 730
798 730
799 730
800 730
801 730
802 730
803 730
804 730
805 730
806 730
807 730
808 730
809 730
810 730
811 730
812 730
813 730
814 730
815 730
816 730
817 730
818 730
819 730
820 730
821 730
822 730
823 730
824 730
825 730
826 730
827 730
828 730
829 730
830 730
831 730
832 730
833 730
834 730
835 730
836 730
837 730
838 730
839 730
840 730
841 730
842 730
843 730
844 730
845 730
846 730
847 730
848 730
849 730
850 730
851 730
852 730
853 730
854 730
855 730
856 730
857 730
858 730
859 730
860 730
861 730
862 730
863 730
864 730
865 730
866 730
867 730
868 730
869 730
870 730
871 730
872 730
873 730
874 730
875 730
876 730
877 730
878 730
879 730
880 730
881 730
882 730
883 730
884 730
885 730
886 730
887 730
888 730
889 730
890 730
891 730
892 730
893 730
894 730
895 730
896 730
897 730
898 730
899 730
900 730
901 730
902 730
903 730
904 730
905 730
906 730
907 730
908 730
909 730
910 730
911 730
912 730
913 730
914 730
915 730
916 730
917 730
918 730
919 730
920 730
921 730
922 730
923 730
924 730
925 730
926 730
927 730
928 730
929 730
930 730
931 730
932 730
933 730
934 730
935 730
936 730
937 730
938 730
939 730
940 730
941 730
942 730
943 730
944 730
945 730
946 730
947 730
948 730
949 730
950 730
951 730
952 730
953 730
954 730
955 730
956 730
957 730
958 730
959 730
960 730
961 730
962 730
963 730
964 730
965 730
966 730
967 730
968 730
969 730
970 730
971 730
972 730
973 730
974 730
975 730
976 730
977 730
978 730
979 730
980 730
981 730
982 730
983 730
984 730
985 730
986 730
987 730
988 730
989 730
990 730
991 730
992 730
993 730
994 730
995 730
996 730
997 730
998 730
999 730
1000 730
1001 730
1002 730
1003 730
1004 730
1005 730
1006 730
1007 730
1008 730
1009 730
1010 730
1011 730
1012 730
1013 730
1014 730
1015 730
1016 730
1017 730
1018 730
1019 730
1020 730
1021 730
1022 730
1023 730
1024 730
1025 730
1026 730
1027 730
1028 730
1029 730
1030 730
1031 730
1032 730
1033 730
1034 730
1035 730
1036 730
1037 730
1038 730
1039 730
1040 730
1041 730
1042 730
1043 730
1044 730
1045 730
1046 730
1047 730
1048 730
1049 730
1050 730
1051 730
1052 730
1053 730
1054 730
1055 730
1056 730
1057 730
1058 730
1059 730
1060 730
1061 730
1062 730
1063 730
1064 730
1065 730
1066 730
1067 730
1068 730
1069 730
1070 730
1071 730
1072 730
1073 730
1074 730
1075 730
1076 730
1077 730
1078 730
1079 730
1080 730
1081 730
1082 730
1083 730
1084 730
1085 730
1086 730
1087 730
1088 730
1089 730
1090 730
1091 730
1092 730
1093 730
1094 730
1095 730
1096 730
1097 730
1098 730
1099 730
1100 730
1101 730
1102 730
1103 730
1104 730
1105 730
1106 730
1107 730
1108 730
1109 730
1110 730
1111 730
1112 730
1113 730
1114 730
1115 730
1116 730
1117 730
1118 730
1119 730
1120 730
1121 730
1122 730
1123 730
1124 730
1125 730
1126 730
1127 730
1128 730
1129 730
1130 730
1131 730
1132 730
1133 730
1134 730
1135 730
1136 730
1137 730
1138 730
1139 730
1140 730
1141 730
1142 730
1143 730
1144 730
1145 730
1146 730
1147 730
1148 730
1149 730
1150 730
1151 730
1152 730
1153 730
1154 730
1155 730
1156 730
1157 730
1158 730
1159 730
1160 730
1161 730
1162 730
1163 730
1164 730
1165 730
1166 730
1167 730
1168 730
1169 730
1170 730
1171 730
1172 730
1173 730
1174 730
1175 730
1176 730
1177 730
1178 730
1179 730
1180 730
1181 730
1182 730
1183 730
1184 730
1185 730
1186 730
1187 730
1188 730
1189 730
1190 730
1191 730
1192 730
1193 730
1194 730
1195 730
1196 730
1197 730
1198 730
1199 730
1200 730
1201 730
1202 730
1203 730
1204 730
1205 730
1206 730
1207 730
1208 730
1209 730
1210 730
1211 730
1212 730
1213 730
1214 730
1215 730
1216 730
1217 730
1218 730
1219 730
1220 730
1221 730
1222 730
1223 730
1224 730
1225 730
1226 730
1227 730
1228 730
1229 730
1230 730
1231 730
1232 730
1233 730
1234 730
1235 730
1236 730
1237 730
1238 730
1239 730
1240 730
1241 730
1242 730
1243 730
1244 730
1245 730
1246 730
1247 730
1248 730
1249 730
1250 730
1251 730
1252 730
1253 730
1254 730
1255 730
1256 730
1257 730
1258 730
1259 730
1260 730
1261 730
1262 730
1263 730
1264 730
1265 730
1266 730
1267 730
1268 730
1269 730
1270 730
1271 730
1272 730
1273 730
1274 730
1275 730
1276 730
1277 730
1278 730
1279 730
1280 730
1281 730
1282 730
1283 730
1284 730
1285 730
1286 730
1287 730
1288 730
1289 730
1290 730
1291 730
1292 730
1293 730
1294 730
1295 730
1296 730
1297 730
1298 730
1299 730
1300 730
1301 730
1302 730
1303 730
1304 730
1305 730
1306 730
1307 730
1308 730
1309 730
1310 730
1311 730
1312 730
1313 730
1314 730
1315 730
1316 730
1317 730
1318 730
1319 730
1320 730
1321 730
1322 730
1323 730
1324 730
1325 730
1326 730
1327 730
1328 730
1329 730
1330 730
1331 730
1332 730
1333 730
1334 730
1335 730
1336 730
1337 730
1338 730
1339 730
1340 730
1341 730
1342 730
1343 730
1344 730
1345 730
1346 730
1347 730
1348 730
1349 730
1350 730
1351 730
1352 730
1353 730
1354 730
1355 730
1356 730
1357 730
1358 730
1359 730
1360 730
1361 730
1362 730
1363 730
1364 730
1365 730
1366 730
1367 730
1368 730
1369 730
1370 730
1371 730
1372 730
1373 730
1374 730
1375 730
1376 730
1377 730
1378 730
1379 730
1380 730
1381 730
1382 730
1383 730
1384 730
1385 730
1386 730
1387 730
1388 730
1389 730
1390 730
1391 730
1392 730
1393 730
1394 730
1395 730
1396 730
1397 730
1398 730
1399 730
1400 730
1401 730
1402 730
1403 730
1404 730
1405 730
1406 730
1407 730
1408 730
1409 730
1410 730
1411 730
1412 730
1413 730
1414 730
1415 730
1416 730
1417 730
1418 730
1419 730
1420 730
1421 730
1422 730
1423 730
1424 730
1425 730
1426 730
1427 730
1428 730
1429 730
1430 730
1431 730
1432 730
1433 730
1434 730
1435 730
1436 730
1437 730
1438 730
1439 730
1440 730
1441 730
1442 730
1443 730
1444 730
1445 730
1446 730
1447 730
1448 730
1449 730
1450 730
1451 730
1452 730
1453 730
1454 730
1455 730
1456 730
1457 730
1458 730
1459 730
1460 730
1461 730
1462 730
1463 730
1464 730
1465 730
1466 730
1467 730
1468 730
1469 730
1470 730
1471 730
1472 730
1473 730
1474 730
1475 730
1476 730
1477 730
1478 730
1479 730
1480 730
1481 730
1482 730
1483 730
1484 730
1485 730
1486 730
1487 730
1488 730
1489 730
1490 730
1491 730
1492 730
1493 730
1494 730
1495 730
1496 730
1497 730
1498 730
1499 730
1500 730
1501 730
1502 730
1503 730
1504 730
1505 730
1506 730
1507 730
1508 730
1509 730
1510 730
1511 730
1512 730
1513 730
1514 730
1515 730
1516 730
1517 730
1518 730
1519 730
1520 730
1521 730
1522 730
1523 730
1524 730
1525 730
1526 730
1527 730
1528 730
1529 730
1530 730
1531 730
1532 730
1533 730
1534 730
1535 730
1536 730
1537 730
1538 730
1539 730
1540 730
1541 730
1542 730
1543 730
1544 730
1545 730
1546 730
1547 730
1548 730
1549 730
1550 730
1551 730
1552 730
1553 730
1554 730
1555 730
1556 730
1557 730
1558 730
1559 730
1560 730
1561 730
1562 730
1563 730
1564 730
1565 730
1566 730
1567 730
1568 730
1569 730
1570 730
1571 730
1572 730
1573 730
1574 730
1575 730
1576 730
1577 730
1578 730
1579 730
1580 730
1581 730
1582 730
1583 730
1584 730
1585 730
1586 730
1587 730
1588 730
1589 730
1590 730
1591 730
1592 730
1593 730
1594 730
1595 730
1596 730
1597 730
1598 730
1599 730
1600 730
1601 730
1602 730
1603 730
1604 730
1605 730
1606 730
1607 730
1608 730
1609 730
1610 730
1611 730
1612 730
1613 730
1614 730
1615 730
1616 730
1617 730
1618 730
1619 730
1620 730
1621 730
1622 730
1623 730
1624 730
1625 730
1626 730
1627 730
1628 730
1629 730
1630 730
1631 730
1632 730
1633 730
1634 730
1635 730
1636 730
1637 730
1638 730
1639 730
1640 730
1641 730
1642 730
1643 730
1644 730
1645 730
1646 730
1647 730
1648 730
1649 730
1650 730
1651 730
1652 730
1653 730
1654 730
1655 730
1656 730
1657 730
1658 730
1659 730
1660 730
1661 730
1662 730
1663 730
1664 730
1665 730
1666 730
1667 730
1668 730
1669 730
1670 730
1671 730
1672 730
1673 730
1674 730
1675 730
1676 730
1677 730
1678 730
1679 730
1680 730
1681 730
1682 730
1683 730
1684 730
1685 730
1686 730
1687 730
1688 730
1689 730
1690 730
1691 730
1692 730
1693 730
1694 730
1695 730
1696 730
1697 730
1698 730
1699 730
1700 730
1701 730
1702 730
1703 730
1704 730
1705 730
1706 730
1707 730
1708 730
1709 730
1710 730
1711 730
1712 730
1713 730
1714 730
1715 730
1716 730
1717 730
1718 730
1719 730
1720 730
1721 730
1722 730
1723 730
1724 730
1725 730
1726 730
1727 730
1728 730
1729 730
1730 730
1731 730
1732 730
1733 730
1734 730
1735 730
1736 730
1737 730
1738 730
1739 730
1740 730
1741 730
1742 730
1743 730
1744 730
1745 730
1746 730
1747 730
1748 730
1749 730
1750 730
1751 730
1752 730
1753 730
1754 730
1755 730
1756 730
1757 730
1758 730
1759 730
1760 730
1761 730
1762 730
1763 730
1764 730
1765 730
1766 730
1767 730
1768 730
1769 730
1770 730
1771 730
1772 730
1773 730
1774 730
1775 730
1776 730
1777 730
1778 730
1779 730
1780 730
1781 730
1782 730
1783 730
1784 730
1785 730
1786 730
1787 730
1788 730
1789 730
1790 730
1791 730
1792 730
1793 730
1794 730
1795 730
1796 730
1797 730
1798 730
1799 730
1800 730
1801 730
1802 730
1803 730
1804 730
1805 730
1806 730
1807 730
1808 730
1809 730
1810 730
1811 730
1812 730
1813 730
1814 730
1815 730
1816 730
1817 730
1818 730
1819 730
1820 730
1821 730
1822 730
1823 730
1824 730
1825 730
1826 730
1827 730
1828 730
1829 730
1830 730
1831 730
1832 730
1833 730
1834 730
1835 730
1836 730
1837 730
1838 730
1839 730
1840 730
1841 730
1842 730
1843 730
1844 730
1845 730
1846 730
1847 730
1848 730
1849 730
1850 730
1851 730
1852 730
1853 730
1854 730
1855 730
1856 730
1857 730
1858 730
1859 730
1860 730
1861 730
1862 730
1863 730
1864 730
1865 730
1866 730
1867 730
1868 730
1869 730
1870 730
1871 730
1872 730
1873 730
1874 730
1875 730
1876 730
1877 730
1878 730
1879 730
1880 730
1881 730
1882 730
1883 730
1884 730
1885 730
1886 730
1887 730
1888 730
1889 730
1890 730
1891 730
1892 730
1893 730
1894 730
1895 730
1896 730
1897 730
1898 730
1899 730
1900 730
1901 730
1902 730
1903 730
1904 730
1905 730
1906 730
1907 730
1908 730
1909 730
1910 730
1911 730
1912 730
1913 730
1914 730
1915 730
1916 730
1917 730
1918 730
1919 730
1920 730
1921 730
1922 730
1923 730
1924 730
1925 730
1926 730
1927 730
1928 730
1929 730
1930 730
1931 730
1932 730
1933 730
1934 730
1935 730
1936 730
1937 730
1938 730
1939 730
1940 730
1941 730
1942 730
1943 730
1944 730
1945 730
1946 730
1947 730
1948 730
1949 730
1950 730
1951 730
1952 730
1953 730
1954 730
1955 730
1956 730
1957 730
1958 730
1959 730
1960 730
1961 730
1962 730
1963 730
1964 730
1965 730
1966 730
1967 730
1968 730
1969 730
1970 730
1971 730
1972 730
1973 730
1974 730
1975 730
1976 730
1977 730
1978 730
1979 730
1980 730
1981 730
1982 730
1983 730
1984 730
1985 730
1986 730
1987 730
1988 730
1989 730
1990 730
1991 730
1992 730
1993 730
1994 730
1995 730
1996 730
1997 730
1998 730
1999 730
2000 730
2001 730
2002 730
2003 730
2004 730
2005 730
2006 730
2007 730
2008 730
2009 730
2010 730
2011 730
2012 730
2013 730
2014 730
2015 730
2016 730
2017 730
2018 730
2019 730
2020 730
2021 730
2022 730
2023 730
2024 730
2025 730
2026 730
2027 730
2028 730
2029 730
2030 730
2031 730
2032 730
2033 730
2034 730
2035 730
2036 730
2037 730
2038 730
2039 730
2040 730
2041 730
2042 730
2043 730
2044 730
2045 730
2046 730
2047 730
2048 730
2049 730
2050 730
2051 730
2052 730
2053 730
2054 730
2055 730
2056 730
2057 730
2058 730
2059 730
2060 730
2061 730
2062 730
2063 730
2064 730
2065 730
2066 730
2067 730
2068 730
2069 730
2070 730
2071 730
2072 730
2073 730
2074 730
2075 730
2076 730
2077 730
2078 730
2079 730
2080 730
2081 730
2082 730
2083 730
2084 730
2085 730
2086 730
2087 730
2088 730
2089 730
2090 730
2091 730
2092 730
2093 730
2094 730
2095 730
2096 730
2097 730
2098 730
2099 730
2100 730
2101 730
2102 730
2103 730
2104 730
2105 730
2106 730
2107 730
2108 730
2109 730
2110 730
2111 730
2112 730
2113 730
2114 730
2115 730
2116 730
2117 730
2118 730
2119 730
2120 730
2121 730
2122 730
2123 730
2124 730
2125 730
2126 730
2127 730
2128 730
2129 730
2130 730
2131 730
2132 730
2133 730
2134 730
2135 730
2136 730
2137 730
2138 730
2139 730
2140 730
2141 730
2142 730
2143 730
2144 730
2145 730
2146 730
2147 730
2148 730
2149 730
2150 730
2151 730
2152 730
2153 730
2154 730
2155 730
2156 730
2157 730
2158 730
2159 730
2160 730
2161 730
2162 730
2163 730
2164 730
2165 730
2166 730
2167 730
2168 730
2169 730
2170 730
2171 730
2172 730
2173 730
2174 730
2175 730
2176 730
2177 730
2178 730
2179 730
2180 730
2181 730
2182 730
2183 730
2184 730
2185 730
2186 730
2187 730
2188 730
2189 730
2190 730
2191 730
2192 730
2193 730
2194 730
2195 730
2196 730
2197 730
2198 730
2199 730
2200 730
2201 730
2202 730
2203 730
2204 730
2205 730
2206 730
2207 730
2208 730
2209 730
2210 730
2211 730
2212 730
2213 730
2214 730
2215 730
2216 730
2217 730
2218 730
2219 730
2220 730
2221 730
2222 730
2223 730
2224 730
2225 730
2226 730
2227 730
2228 730
2229 730
2230 730
2231 730
2232 730
2233 730
2234 730
2235 730
2236 730
2237 730
2238 730
2239 730
2240 730
2241 730
2242 730
2243 730
2244 730
2245 730
2246 730
2247 730
2248 730
2249 730
2250 730
2251 730
2252 730
2253 730
2254 730
2255 730
2256 730
2257 730
2258 730
2259 730
2260 730
2261 730
2262 730
2263 730
2264 730
2265 730
2266 730
2267 730
2268 730
2269 730
2270 730
2271 730
2272 730
2273 730
2274 730
2275 730
2276 730
2277 730
2278 730
2279 730
2280 730
2281 730
2282 730
2283 730
2284 730
2285 730
2286 730
2287 730
2288 730
2289 730
2290 730
2291 730
2292 730
2293 730
2294 730
2295 730
2296 730
2297 730
2298 730
2299 730
2300 730
2301 730
2302 730
2303 730
2304 730
2305 730
2306 730
2307 730
2308 730
2309 730
2310 730
2311 730
2312 730
2313 730
2314 730
2315 730
2316 730
2317 730
2318 730
2319 730
2320 730
2321 730
2322 730
2323 730
2324 730
2325 730
2326 730
2327 730
2328 730
2329 730
2330 730
2331 730
2332 730
2333 730
2334 730
2335 730
2336 730
2337 730
2338 730
2339 730
2340 730
2341 730
2342 730
2343 730
2344 730
2345 730
2346 730
2347 730
2348 730
2349 730
2350 730
2351 730
2352 730
2353 730
2354 730
2355 730
2356 730
2357 730
2358 730
2359 730
2360 730
2361 730
2362 730
2363 730
2364 730
2365 730
2366 730
2367 730
2368 730
2369 730
2370 730
2371 730
2372 730
2373 730
2374 730
2375 730
2376 730
2377 730
2378 730
2379 730
2380 730
2381 730
2382 730
2383 730
2384 730
2385 730
2386 730
2387 730
2388 730
2389 730
2390 730
2391 730
2392 730
2393 730
2394 730
2395 730
2396 730
2397 730
2398 730
2399 730
2400 730
2401 730
2402 730
2403 730
2404 730
2405 730
2406 730
2407 730
2408 730
2409 730
2410 730
2411 730
2412 730
2413 730
2414 730
2415 730
2416 730
2417 730
2418 730
2419 730
2420 730
2421 730
2422 730
2423 730
2424 730
2425 730
2426 730
2427 730
2428 730
2429 730
2430 730
2431 730
2432 730
2433 730
2434 730
2435 730
2436 730
2437 730
2438 730
2439 730
2440 730
2441 730
2442 730
2443 730
2444 730
2445 730
2446 730
2447 730
2448 730
2449 730
2450 730
2451 730
2452 730
2453 730
2454 730
2455 730
2456 730
2457 730
2458 730
2459 730
2460 730
2461 730
2462 730
2463 730
2464 730
2465 730
2466 730
2467 730
2468 730
2469 730
2470 730
2471 730
2472 730
2473 730
2474 730
2475 730
2476 730
2477 730
2478 730
2479 730
2480 730
2481 730
2482 730
2483 730
2484 730
2485 730
2486 730
2487 730
2488 730
2489 730
2490 730
2491 730
2492 730
2493 730
2494 730
2495 730
2496 730
2497 730
2498 730
2499 730
2500 730
2501 730
2502 730
2503 730
2504 730
2505 730
2506 730
2507 730
2508 730
2509 730
2510 730
2511 730
2512 730
2513 730
2514 730
2515 730
2516 730
2517 730
2518 730
2519 730
2520 730
2521 730
2522 730
2523 730
2524 730
2525 730
2526 730
2527 730
2528 730
2529 730
2530 730
2531 730
2532 730
2533 730
2534 730
2535 730
2536 730
2537 730
2538 730
2539 730
2540 730
2541 730
2542 730
2543 730
2544 730
2545 730
2546 730
2547 730
2548 730
2549 730
2550 730
2551 730
2552 730
2553 730
2554 730
2555 730
2556 730
2557 730
2558 730
2559 730
2560 730
2561 730
2562 730
2563 730
2564 730
2565 730
2566 730
2567 730
2568 730
2569 730
2570 730
2571 730
2572 730
2573 730
2574 730
2575 730
2576 730
2577 730
2578 730
2579 730
2580 730
2581 730
2582 730
2583 730
2584 730
2585 730
2586 730
2587 730
2588 730
2589 730
2590 730
2591 730
2592 730
2593 730
2594 730
2595 730
2596 730
2597 730
2598 730
2599 730
2600 730
2601 730
2602 730
2603 730
2604 730
2605 730
2606 730
2607 730
2608 730
2609 730
2610 730
2611 730
2612 730
2613 730
2614 730
2615 730
2616 730
2617 730
2618 730
2619 730
2620 730
2621 730
2622 730
2623 730
2624 730
2625 730
2626 730
2627 730
2628 730
2629 730
2630 730
2631 730
2632 730
2633 730
2634 730
2635 730
2636 730
2637 730
2638 730
2639 730
2640 730
2641 730
2642 730
2643 730
2644 730
2645 730
2646 730
2647 730
2648 730
2649 730
2650 730
2651 730
2652 730
2653 730
2654 730
2655 730
2656 730
2657 730
2658 730
2659 730
2660 730
2661 730
2662 730
2663 730
2664 730
2665 730
2666 730
2667 730
2668 730
2669 730
2670 730
2671 730
2672 730
2673 730
2674 730
2675 730
2676 730
2677 730
2678 730
2679 730
2680 730
2681 730
2682 730
2683 730
2684 730
2685 730
2686 730
2687 730
2688 730
2689 730
2690 730
2691 730
2692 730
2693 730
2694 730
2695 730
2696 730
2697 730
2698 730
2699 730
2700 730
2701 730
2702 730
2703 730
2704 730
2705 730
2706 730
2707 730
2708 730
2709 730
2710 730
2711 730
2712 730
2713 730
2714 730
2715 730
2716 730
2717 730
2718 730
2719 730
2720 730
2721 730
2722 730
2723 730
2724 730
2725 730
2726 730
2727 730
2728 730
2729 730
2730 730
2731 730
2732 730
2733 730
2734 730
2735 730
2736 730
2737 730
2738 730
2739 730
2740 730
2741 730
2742 730
2743 730
2744 730
2745 730
2746 730
2747 730
2748 730
2749 730
2750 730
2751 730
2752 730
2753 730
2754 730
2755 730
2756 730
2757 730
2758 730
2759 730
2760 730
2761 730
2762 730
2763 730
2764 730
2765 730
2766 730
2767 730
2768 730
2769 730
2770 730
2771 730
2772 730
2773 730
2774 730
2775 730
2776 730
2777 730
2778 730
2779 730
2780 730
2781 730
2782 730
2783 730
2784 730
2785 730
2786 730
2787 730
2788 730
2789 730
2790 730
2791 730
2792 730
2793 730
2794 730
2795 730
2796 730
2797 730
2798 730
2799 730
2800 730
2801 730
2802 730
2803 730
2804 730
2805 730
2806 730
2807 730
2808 730
2809 730
2810 730
2811 730
2812 730
2813 730
2814 730
2815 730
2816 730
2817 730
2818 730
2819 730
2820 730
2821 730
2822 730
2823 730
2824 730
2825 730
2826 730
2827 730
2828 730
2829 730
2830 730
2831 730
2832 730
2833 730
2834 730
2835 730
2836 730
2837 730
2838 730
2839 730
2840 730
2841 730
2842 730
2843 730
2844 730
2845 730
2846 730
2847 730
2848 730
2849 730
2850 730
2851 730
2852 730
2853 730
2854 730
2855 730
2856 730
2857 730
2858 730
2859 730
2860 730
2861 730
2862 730
2863 730
2864 730
2865 730
2866 730
2867 730
2868 730
2869 730
2870 730
2871 730
2872 730
2873 730
2874 730
2875 730
2876 730
2877 730
2878 730
2879 730
2880 730
2881 730
2882 730
2883 730
2884 730
2885 730
2886 730
2887 730
2888 730
2889 730
2890 730
2891 730
2892 730
2893 730
2894 730
2895 730
2896 730
2897 730
2898 730
2899 730
2900 730
2901 730
2902 730
2903 730
2904 730
2905 730
2906 730
2907 730
2908 730
2909 730
2910 730
2911 730
2912 730
2913 730
2914 730
2915 730
2916 730
2917 730
2918 730
2919 730
2920 730
2921 730
2922 730
2923 730
2924 730
2925 730
2926 730
2927 730
2928 730
2929 730
2930 730
2931 730
2932 730
2933 730
2934 730
2935 730
2936 730
2937 730
2938 730
2939 730
2940 730
2941 730
2942 730
2943 730
2944 730
2945 730
2946 730
2947 730
2948 730
2949 730
2950 730
2951 730
2952 730
2953 730
2954 730
2955 730
2956 730
2957 730
2958 730
2959 730
2960 730
2961 730
2962 730
2963 730
2964 730
2965 730
2966 730
2967 730
2968 730
2969 730
2970 730
2971 730
2972 730
2973 730
2974 730
2975 730
2976 730
2977 730
2978 730
2979 730
2980 730
2981 730
2982 730
2983 730
2984 730
2985 730
2986 730
2987 730
2988 730
2989 730
2990 730
2991 730
2992 730
2993 730
2994 730
2995 730
2996 730
2997 730
2998 730
2999 730
3000 730
3001 730
3002 730
3003 730
3004 730
3005 730
3006 730
3007 730
3008 730
3009 730
3010 730
3011 730
3012 730
3013 730
3014 730
3015 730
3016 730
3017 730
3018 730
3019 730
3020 730
3021 730
3022 730
3023 730
3024 730
3025 730
3026 730
3027 730
3028 730
3029 730
3030 730
3031 730
3032 730
3033 730
3034 730
3035 730
3036 730
3037 730
3038 730
3039 730
3040 730
3041 730
3042 730
3043 730
3044 730
3045 730
3046 730
3047 730
3048 730
3049 730
3050 730
3051 730
3052 730
3053 730
3054 730
3055 730
3056 730
3057 730
3058 730
3059 730
3060 730
3061 730
3062 730
3063 730
3064 730
3065 730
3066 730
3067 730
3068 730
3069 730
3070 730
3071 730
3072 730
3073 730
3074 730
3075 730
3076 730
3077 730
3078 730
3079 730
3080 730
3081 730
3082 730
3083 730
3084 730
3085 730
3086 730
3087 730
3088 730
3089 730
3090 730
3091 730
3092 730
3093 730
3094 730
3095 730
3096 730
3097 730
3098 730
3099 730
3100 730
3101 730
3102 730
3103 730
3104 730
3105 730
3106 730
3107 730
3108 730
3109 730
3110 730
3111 730
3112 730
3113 730
3114 730
3115 730
3116 730
3117 730
3118 730
3119 730
3120 730
3121 730
3122 730
3123 730
3124 730
3125 730
3126 730
3127 730
3128 730
3129 730
3130 730
3131 730
3132 730
3133 730
3134 730
3135 730
3136 730
3137 730
3138 730
3139 730
3140 730
3141 730
3142 730
3143 730
3144 730
3145 730
3146 730
3147 730
3148 730
3149 730
3150 730
3151 730
3152 730
3153 730
3154 730
3155 730
3156 730
3157 730
3158 730
3159 730
3160 730
3161 730
3162 730
3163 730
3164 730
3165 730
3166 730
3167 730
3168 730
3169 730
3170 730
3171 730
3172 730
3173 730
3174 730
3175 730
3176 730
3177 730
3178 730
3179 730
3180 730
3181 730
3182 730
3183 730
3184 730
3185 730
3186 730
3187 730
3188 730
3189 730
3190 730
3191 730
3192 730
3193 730
3194 730
3195 730
3196 730
3197 730
3198 730
3199 730
3200 730
3201 730
3202 730
3203 730
3204 730
3205 730
3206 730
3207 730
3208 730
3209 730
3210 730
3211 730
3212 730
3213 730
3214 730
3215 730
3216 730
3217 730
3218 730
3219 730
3220 730
3221 730
3222 730
3223 730
3224 730
3225 730
3226 730
3227 730
3228 730
3229 730
3230 730
3231 730
3232 730
3233 730
3234 730
3235 730
3236 730
3237 730
3238 730
3239 730
3240 730
3241 730
3242 730
3243 730
3244 730
3245 730
3246 730
3247 730
3248 730
3249 730
3250 729
3251 729
3252 729
3253 729
3254 728
3255 728
3256 728
3257 728
3258 728
3259 728
3260 728
3261 728
3262 728
3263 728
3264 728
3265 727
3266 726
3267 726
3268 726
3269 726
3270 726
3271 726
3272 726
3273 726
3274 726
3275 726
3276 726
3277 726
3278 726
3279 726
3280 726
3281 726
3282 726
3283 726
3284 726
3285 726
3286 726
3287 726
3288 726
3289 726
3290 726
3291 726
3292 726
3293 726
3294 726
3295 726
3296 726
3297 726
3298 726
3299 726
3300 726
3301 726
3302 726
3303 726
3304 726
3305 726
3306 726
3307 726
3308 726
3309 726
3310 726
3311 726
3312 726
3313 726
3314 726
3315 726
3316 726
3317 726
3318 726
3319 726
3320 726
3321 726
3322 726
3323 726
3324 726
3325 726
3326 726
3327 726
3328 726
3329 726
3330 726
3331 726
3332 724
3333 724
3334 724
3335 724
3336 724
3337 724
3338 724
3339 724
3340 724
3341 724
3342 724
3343 724
3344 724
3345 724
3346 724
3347 724
3348 724
3349 724
3350 724
3351 724
3352 724
3353 724
3354 724
3355 724
3356 724
3357 724
3358 724
3359 724
3360 724
3361 724
3362 724
3363 724
3364 724
3365 724
3366 724
3367 724
3368 724
3369 724
3370 724
3371 724
3372 724
3373 724
3374 724
3375 724
3376 724
3377 724
3378 724
3379 724
3380 724
3381 724
3382 724
3383 724
3384 724
3385 724
3386 724
3387 724
3388 724
3389 724
3390 724
3391 724
3392 724
3393 724
3394 723
3395 723
3396 723
3397 723
3398 723
3399 723
3400 723
3401 723
3402 723
3403 718
3404 718
3405 718
3406 718
3407 718
3408 718
3409 718
3410 718
3411 718
3412 718
3413 718
3414 718
3415 718
3416 718
3417 718
3418 718
3419 718
3420 718
3421 718
3422 718
3423 718
3424 718
3425 718
3426 717
3427 717
3428 717
3429 717
3430 717
3431 717
3432 717
3433 717
3434 717
3435 717
3436 717
3437 717
3438 717
3439 717
3440 717
3441 717
3442 717
3443 717
3444 717
3445 717
3446 717
3447 717
3448 717
3449 717
3450 717
3451 717
3452 717
3453 717
3454 717
3455 717
3456 717
3457 717
3458 717
3459 717
3460 717
3461 717
3462 717
3463 717
3464 717
3465 717
3466 717
3467 717
3468 717
3469 717
3470 717
3471 717
3472 717
3473 717
3474 717
3475 716
3476 713
3477 710
3478 710
3479 710
3480 710
3481 710
3482 710
3483 710
3484 710
3485 710
3486 710
3487 710
3488 710
3489 710
3490 710
3491 710
3492 710
3493 710
3494 710
3495 710
3496 710
3497 710
3498 710
3499 710
3500 710
3501 710
3502 710
3503 710
3504 710
3505 710
3506 710
3507 710
3508 710
3509 710
3510 710
3511 710
3512 710
3513 710
3514 710
3515 710
3516 710
3517 710
3518 710
3519 710
3520 710
3521 709
3522 709
3523 709
3524 709
3525 709
3526 709
3527 709
3528 709
3529 709
3530 709
3531 709
3532 709
3533 709
3534 709
3535 709
3536 709
3537 709
3538 709
3539 709
3540 709
3541 709
3542 709
3543 709
3544 709
3545 709
3546 709
3547 709
3548 705
3549 704
3550 704
3551 701
3552 701
3553 701
3554 701
3555 701
3556 701
3557 701
3558 701
3559 701
3560 701
3561 701
3562 701
3563 701
3564 701
3565 701
3566 701
3567 701
3568 701
3569 701
3570 701
3571 701
3572 700
3573 700
3574 700
3575 700
3576 700
3577 700
3578 700
3579 700
3580 700
3581 700
3582 700
3583 700
3584 700
3585 700
3586 700
3587 700
3588 700
3589 700
3590 700
3591 700
3592 700
3593 700
3594 700
3595 700
3596 700
3597 700
3598 700
3599 700
3600 700
3601 700
3602 700
3603 700
3604 700
3605 700
3606 700
3607 700
3608 700
3609 700
3610 700
3611 700
3612 700
3613 700
3614 699
3615 699
3616 699
3617 699
3618 699
3619 699
3620 699
3621 697
3622 696
3623 688
3624 686
3625 686
3626 686
3627 686
3628 685
3629 685
3630 685
3631 685
3632 685
3633 685
3634 685
3635 685
3636 685
3637 685
3638 685
3639 685
3640 685
3641 685
3642 685
3643 685
3644 685
3645 685
3646 685
3647 685
3648 685
3649 685
3650 685
3651 685
3652 685
3653 685
3654 685
3655 685
3656 685
3657 685
3658 685
3659 685
3660 685
3661 685
3662 685
3663 685
3664 685
3665 685
3666 685
3667 685
3668 685
3669 685
3670 685
3671 685
3672 685
3673 685
3674 685
3675 685
3676 685
3677 685
3678 685
3679 685
3680 685
3681 685
3682 685
3683 685
3684 685
3685 685
3686 685
3687 685
3688 685
3689 685
3690 685
3691 685
3692 679
3693 675
3694 674
3695 674
3696 674
3697 674
3698 674
3699 674
3700 674
3701 674
3702 674
3703 674
3704 674
3705 674
3706 674
3707 674
3708 674
3709 674
3710 674
3711 674
3712 674
3713 674
3714 674
3715 673
3716 673
3717 673
3718 673
3719 673
3720 673
3721 673
3722 673
3723 673
3724 673
3725 673
3726 673
3727 673
3728 673
3729 673
3730 673
3731 673
3732 673
3733 673
3734 673
3735 673
3736 673
3737 673
3738 673
3739 673
3740 673
3741 673
3742 673
3743 673
3744 673
3745 673
3746 673
3747 673
3748 673
3749 673
3750 673
3751 673
3752 673
3753 673
3754 673
3755 673
3756 673
3757 673
3758 673
3759 673
3760 673
3761 670
3762 664
3763 663
3764 662
3765 662
3766 662
3767 662
3768 662
3769 662
3770 662
3771 662
3772 662
3773 662
3774 662
3775 662
3776 662
3777 662
3778 662
3779 662
3780 662
3781 662
3782 662
3783 662
3784 662
3785 662
3786 662
3787 662
3788 662
3789 662
3790 662
3791 662
3792 662
3793 662
3794 662
3795 662
3796 662
3797 662
3798 662
3799 662
3800 662
3801 662
3802 662
3803 662
3804 662
3805 662
3806 662
3807 662
3808 662
3809 662
3810 662
3811 662
3812 662
3813 662
3814 662
3815 662
3816 662
3817 662
3818 662
3819 662
3820 662
3821 662
3822 662
3823 662
3824 662
3825 662
3826 662
3827 662
3828 660
3829 655
3830 652
3831 652
3832 652
3833 652
3834 652
3835 652
3836 652
3837 652
3838 652
3839 652
3840 652
3841 652
3842 652
3843 652
3844 652
3845 652
3846 652
3847 652
3848 652
3849 652
3850 651
3851 651
3852 651
3853 651
3854 651
3855 651
3856 651
3857 651
3858 651
3859 651
3860 651
3861 651
3862 651
3863 651
3864 651
3865 651
3866 651
3867 651
3868 651
3869 651
3870 651
3871 651
3872 651
3873 651
3874 651
3875 651
3876 651
3877 651
3878 651
3879 651
3880 651
3881 651
3882 651
3883 651
3884 651
3885 651
3886 651
3887 651
3888 651
3889 651
3890 651
3891 651
3892 651
3893 651
3894 651
3895 651
3896 646
3897 638
3898 628
3899 627
3900 627
3901 627
3902 627
3903 627
3904 627
3905 627
3906 627
3907 627
3908 627
3909 627
3910 627
3911 627
3912 627
3913 627
3914 627
3915 627
3916 627
3917 627
3918 627
3919 627
3920 627
3921 627
3922 627
3923 627
3924 627
3925 627
3926 627
3927 627
3928 627
3929 627
3930 627
3931 627
3932 627
3933 627
3934 627
3935 627
3936 627
3937 627
3938 627
3939 627
3940 627
3941 627
3942 627
3943 627
3944 627
3945 627
3946 627
3947 627
3948 627
3949 627
3950 627
3951 627
3952 627
3953 627
3954 627
3955 627
3956 627
3957 627
3958 627
3959 627
3960 627
3961 627
3962 627
3963 621
3964 619
3965 612
3966 608
3967 608
3968 608
3969 608
3970 608
3971 608
3972 608
3973 608
3974 608
3975 608
3976 608
3977 608
3978 608
3979 608
3980 608
3981 608
3982 608
3983 608
3984 608
3985 608
3986 608
3987 608
3988 608
3989 608
3990 608
3991 608
3992 608
3993 608
3994 608
3995 608
3996 608
3997 608
3998 608
3999 608
4000 608
4001 608
4002 608
4003 608
4004 608
4005 608
4006 608
4007 608
4008 608
4009 608
4010 608
4011 608
4012 608
4013 608
4014 608
4015 608
4016 608
4017 608
4018 608
4019 608
4020 608
4021 608
4022 608
4023 608
4024 608
4025 608
4026 608
4027 608
4028 608
4029 608
4030 608
4031 608
4032 608
4033 608
4034 607
4035 600
4036 594
4037 589
4038 589
4039 589
4040 589
4041 589
4042 589
4043 589
4044 589
4045 589
4046 589
4047 589
4048 589
4049 589
4050 589
4051 589
4052 589
4053 589
4054 589
4055 589
4056 589
4057 589
4058 589
4059 589
4060 589
4061 589
4062 589
4063 589
4064 589
4065 589
4066 589
4067 589
4068 589
4069 589
4070 589
4071 589
4072 589
4073 589
4074 589
4075 589
4076 589
4077 589
4078 589
4079 589
4080 589
4081 589
4082 589
4083 589
4084 589
4085 589
4086 589
4087 589
4088 589
4089 589
4090 589
4091 589
4092 589
4093 589
4094 589
4095 589
4096 589
4097 589
4098 589
4099 589
4100 589
4101 589
4102 589
4103 589
4104 587
4105 584
4106 580
4107 579
4108 577
4109 577
4110 577
4111 577
4112 577
4113 577
4114 577
4115 577
4116 577
4117 577
4118 577
4119 577
4120 577
4121 577
4122 577
4123 577
4124 577
4125 577
4126 577
4127 577
4128 577
4129 577
4130 577
4131 577
4132 577
4133 577
4134 577
4135 577
4136 577
4137 577
4138 577
4139 577
4140 577
4141 577
4142 577
4143 577
4144 577
4145 577
4146 577
4147 577
4148 577
4149 577
4150 577
4151 577
4152 577
4153 577
4154 577
4155 577
4156 577
4157 577
4158 577
4159 577
4160 577
4161 577
4162 577
4163 577
4164 577
4165 577
4166 577
4167 577
4168 577
4169 577
4170 577
4171 577
4172 577
4173 577
4174 577
4175 575
4176 572
4177 562
4178 558
4179 558
4180 558
4181 558
4182 558
4183 558
4184 558
4185 558
4186 558
4187 558
4188 558
4189 558
4190 558
4191 558
4192 558
4193 558
4194 558
4195 558
4196 558
4197 558
4198 558
4199 558
4200 558
4201 558
4202 558
4203 558
4204 558
4205 558
4206 558
4207 558
4208 558
4209 558
4210 558
4211 558
4212 558
4213 558
4214 558
4215 558
4216 558
4217 558
4218 558
4219 558
4220 558
4221 558
4222 558
4223 558
4224 558
4225 558
4226 558
4227 558
4228 558
4229 558
4230 558
4231 558
4232 558
4233 558
4234 558
4235 558
4236 558
4237 558
4238 558
4239 558
4240 558
4241 558
4242 558
4243 558
4244 558
4245 555
4246 553
4247 549
4248 543
4249 543
4250 543
4251 543
4252 543
4253 543
4254 543
4255 543
4256 543
4257 543
4258 543
4259 543
4260 543
4261 543
4262 543
4263 543
4264 543
4265 543
4266 543
4267 543
4268 543
4269 543
4270 543
4271 543
4272 543
4273 543
4274 543
4275 543
4276 543
4277 543
4278 543
4279 543
4280 543
4281 543
4282 543
4283 543
4284 543
4285 543
4286 543
4287 543
4288 543
4289 543
4290 543
4291 543
4292 543
4293 543
4294 543
4295 543
4296 543
4297 543
4298 543
4299 543
4300 543
4301 543
4302 543
4303 543
4304 543
4305 543
4306 543
4307 543
4308 543
4309 543
4310 543
4311 543
4312 543
4313 543
4314 543
4315 543
4316 540
4317 537
4318 531
4319 530
4320 530
4321 530
4322 530
4323 530
4324 530
4325 530
4326 530
4327 530
4328 530
4329 530
4330 530
4331 530
4332 530
4333 530
4334 530
4335 530
4336 530
4337 530
4338 530
4339 530
4340 530
4341 530
4342 530
4343 530
4344 530
4345 530
4346 530
4347 530
4348 530
4349 530
4350 530
4351 530
4352 530
4353 530
4354 530
4355 530
4356 530
4357 530
4358 530
4359 530
4360 530
4361 530
4362 530
4363 530
4364 530
4365 530
4366 530
4367 530
4368 530
4369 530
4370 530
4371 530
4372 530
4373 530
4374 530
4375 530
4376 530
4377 530
4378 530
4379 530
4380 530
4381 530
4382 530
4383 530
4384 530
4385 530
4386 530
4387 530
4388 530
4389 529
4390 525
4391 516
4392 511
4393 511
4394 511
4395 511
4396 511
4397 511
4398 511
4399 511
4400 511
4401 511
4402 511
4403 511
4404 511
4405 511
4406 511
4407 511
4408 511
4409 511
4410 511
4411 511
4412 511
4413 511
4414 511
4415 511
4416 511
4417 511
4418 511
4419 511
4420 511
4421 511
4422 511
4423 511
4424 511
4425 511
4426 511
4427 511
4428 511
4429 511
4430 511
4431 511
4432 511
4433 511
4434 511
4435 511
4436 511
4437 511
4438 511
4439 511
4440 511
4441 511
4442 511
4443 511
4444 511
4445 511
4446 511
4447 511
4448 511
4449 511
4450 511
4451 511
4452 511
4453 511
4454 511
4455 511
4456 511
4457 511
4458 511
4459 511
4460 508
4461 500
4462 498
4463 497
4464 497
4465 497
4466 497
4467 497
4468 497
4469 497
4470 497
4471 497
4472 497
4473 497
4474 497
4475 497
4476 497
4477 497
4478 497
4479 497
4480 497
4481 497
4482 497
4483 497
4484 497
4485 497
4486 497
4487 497
4488 497
4489 497
4490 497
4491 497
4492 497
4493 497
4494 497
4495 497
4496 497
4497 497
4498 497
4499 497
4500 497
4501 497
4502 497
4503 497
4504 497
4505 497
4506 497
4507 497
4508 497
4509 497
4510 497
4511 497
4512 497
4513 497
4514 497
4515 497
4516 497
4517 497
4518 497
4519 497
4520 497
4521 497
4522 497
4523 497
4524 497
4525 497
4526 497
4527 497
4528 497
4529 493
4530 489
4531 486
4532 483
4533 483
4534 483
4535 483
4536 483
4537 483
4538 483
4539 483
4540 483
4541 483
4542 483
4543 483
4544 483
4545 483
4546 483
4547 483
4548 483
4549 483
4550 483
4551 483
4552 483
4553 483
4554 483
4555 483
4556 483
4557 483
4558 483
4559 483
4560 483
4561 483
4562 483
4563 483
4564 483
4565 483
4566 483
4567 483
4568 483
4569 483
4570 483
4571 483
4572 483
4573 483
4574 483
4575 483
4576 483
4577 483
4578 483
4579 483
4580 483
4581 483
4582 483
4583 483
4584 483
4585 483
4586 483
4587 483
4588 483
4589 483
4590 483
4591 483
4592 483
4593 483
4594 483
4595 483
4596 483
4597 483
4598 483
4599 478
4600 475
4601 471
4602 469
4603 469
4604 469
4605 469
4606 469
4607 469
4608 469
4609 469
4610 469
4611 469
4612 469
4613 469
4614 469
4615 469
4616 469
4617 469
4618 469
4619 469
4620 469
4621 469
4622 469
4623 469
4624 469
4625 469
4626 469
4627 469
4628 469
4629 469
4630 469
4631 469
4632 469
4633 469
4634 469
4635 469
4636 469
4637 469
4638 469
4639 469
4640 469
4641 469
4642 469
4643 469
4644 469
4645 469
4646 469
4647 469
4648 469
4649 469
4650 469
4651 469
4652 469
4653 469
4654 469
4655 469
4656 469
4657 469
4658 469
4659 469
4660 469
4661 469
4662 469
4663 469
4664 469
4665 469
4666 469
4667 469
4668 469
4669 468
4670 464
4671 463
4672 462
4673 462
4674 462
4675 462
4676 462
4677 462
4678 462
4679 462
4680 462
4681 462
4682 462
4683 462
4684 462
4685 462
4686 462
4687 462
4688 462
4689 462
4690 462
4691 462
4692 462
4693 462
4694 462
4695 462
4696 462
4697 462
4698 462
4699 462
4700 462
4701 462
4702 462
4703 462
4704 462
4705 462
4706 462
4707 462
4708 462
4709 462
4710 462
4711 462
4712 462
4713 462
4714 462
4715 462
4716 462
4717 462
4718 462
4719 462
4720 462
4721 462
4722 462
4723 462
4724 462
4725 462
4726 462
4727 462
4728 462
4729 462
4730 462
4731 462
4732 462
4733 462
4734 462
4735 462
4736 462
4737 462
4738 462
4739 461
4740 456
4741 453
4742 449
4743 449
4744 449
4745 449
4746 449
4747 449
4748 449
4749 449
4750 449
4751 449
4752 449
4753 449
4754 449
4755 449
4756 449
4757 449
4758 449
4759 449
4760 449
4761 449
4762 449
4763 449
4764 449
4765 449
4766 449
4767 449
4768 449
4769 449
4770 449
4771 449
4772 449
4773 449
4774 449
4775 449
4776 449
4777 449
4778 449
4779 449
4780 449
4781 449
4782 449
4783 449
4784 449
4785 449
4786 449
4787 449
4788 449
4789 449
4790 449
4791 449
4792 449
4793 449
4794 449
4795 449
4796 449
4797 449
4798 449
4799 449
4800 449
4801 449
4802 449
4803 449
4804 449
4805 449
4806 449
4807 449
4808 449
4809 442
4810 440
4811 435
4812 432
4813 432
4814 432
4815 432
4816 432
4817 432
4818 432
4819 432
4820 432
4821 432
4822 432
4823 432
4824 432
4825 432
4826 432
4827 432
4828 432
4829 432
4830 432
4831 432
4832 432
4833 432
4834 432
4835 432
4836 432
4837 432
4838 432
4839 432
4840 432
4841 432
4842 432
4843 432
4844 432
4845 432
4846 432
4847 432
4848 432
4849 432
4850 432
4851 432
4852 432
4853 432
4854 432
4855 432
4856 432
4857 432
4858 432
4859 432
4860 432
4861 432
4862 432
4863 432
4864 432
4865 432
4866 432
4867 432
4868 432
4869 432
4870 432
4871 432
4872 432
4873 432
4874 432
4875 432
4876 432
4877 432
4878 432
4879 432
4880 432
4881 430
4882 429
4883 421
4884 420
4885 420
4886 420
4887 420
4888 420
4889 420
4890 420
4891 420
4892 420
4893 420
4894 420
4895 420
4896 420
4897 420
4898 420
4899 420
4900 420
4901 420
4902 420
4903 420
4904 420
4905 420
4906 420
4907 420
4908 420
4909 420
4910 420
4911 420
4912 420
4913 420
4914 420
4915 420
4916 420
4917 420
4918 420
4919 420
4920 420
4921 420
4922 420
4923 420
4924 420
4925 420
4926 420
4927 420
4928 420
4929 420
4930 420
4931 420
4932 420
4933 420
4934 420
4935 420
4936 420
4937 420
4938 420
4939 420
4940 420
4941 420
4942 420
4943 420
4944 420
4945 420
4946 420
4947 420
4948 420
4949 420
4950 420
4951 420
4952 417
4953 416
4954 413
4955 413
4956 413
4957 413
4958 413
4959 413
4960 413
4961 413
4962 413
4963 413
4964 413
4965 413
4966 413
4967 413
4968 413
4969 413
4970 413
4971 413
4972 413
4973 413
4974 413
4975 413
4976 413
4977 413
4978 413
4979 413
4980 413
4981 413
4982 413
4983 413
4984 413
4985 413
4986 413
4987 413
4988 413
4989 413
4990 413
4991 413
4992 413
4993 413
4994 413
4995 413
4996 413
4997 413
4998 413
4999 413
5000 413
5001 413
5002 413
5003 413
5004 413
5005 413
5006 413
5007 413
5008 413
5009 413
5010 413
5011 413
5012 413
5013 413
5014 413
5015 413
5016 413
5017 413
5018 413
5019 413
5020 413
5021 413
5022 413
5023 413
5024 413
5025 407
5026 406
5027 404
5028 404
5029 404
5030 404
5031 404
5032 404
5033 404
5034 404
5035 404
5036 404
5037 404
5038 404
5039 404
5040 404
5041 404
5042 404
5043 404
5044 404
5045 404
5046 404
5047 404
5048 404
5049 404
5050 404
5051 404
5052 404
5053 404
5054 404
5055 404
5056 404
5057 404
5058 404
5059 404
5060 404
5061 404
5062 404
5063 404
5064 404
5065 404
5066 404
5067 404
5068 404
5069 404
5070 404
5071 404
5072 404
5073 404
5074 404
5075 404
5076 404
5077 404
5078 404
5079 404
5080 404
5081 404
5082 404
5083 404
5084 404
5085 404
5086 404
5087 404
5088 404
5089 404
5090 404
5091 404
5092 404
5093 404
5094 404
5095 404
5096 404
5097 401
5098 399
5099 397
5100 397
5101 397
5102 397
5103 397
5104 397
5105 397
5106 397
5107 397
5108 397
5109 397
5110 397
5111 397
5112 397
5113 397
5114 397
5115 397
5116 397
5117 397
5118 397
5119 397
5120 397
5121 397
5122 397
5123 397
5124 397
5125 397
5126 397
5127 397
5128 397
5129 397
5130 397
5131 397
5132 397
5133 397
5134 397
5135 397
5136 397
5137 397
5138 397
5139 397
5140 397
5141 397
5142 397
5143 397
5144 397
5145 397
5146 397
5147 397
5148 397
5149 397
5150 397
5151 397
5152 397
5153 397
5154 397
5155 397
5156 397
5157 397
5158 397
5159 397
5160 397
5161 397
5162 397
5163 397
5164 397
5165 397
5166 397
5167 396
5168 394
5169 393
5170 393
5171 391
5172 391
5173 391
5174 391
5175 391
5176 391
5177 391
5178 391
5179 391
5180 391
5181 391
5182 391
5183 391
5184 391
5185 391
5186 391
5187 391
5188 391
5189 391
5190 391
5191 391
5192 391
5193 391
5194 391
5195 391
5196 391
5197 391
5198 391
5199 391
5200 391
5201 391
5202 391
5203 391
5204 391
5205 391
5206 391
5207 391
5208 391
5209 391
5210 391
5211 391
5212 391
5213 391
5214 391
5215 391
5216 391
5217 391
5218 391
5219 391
5220 391
5221 391
5222 391
5223 391
5224 391
5225 391
5226 391
5227 391
5228 391
5229 391
5230 391
5231 391
5232 391
5233 391
5234 391
5235 391
5236 391
5237 391
5238 391
5239 390
5240 387
5241 379
5242 375
5243 374
5244 374
5245 374
5246 374
5247 374
5248 374
5249 374
5250 374
5251 374
5252 374
5253 374
5254 374
5255 374
5256 374
5257 374
5258 374
5259 374
5260 374
5261 374
5262 374
5263 374
5264 374
5265 374
5266 374
5267 374
5268 374
5269 374
5270 374
5271 374
5272 374
5273 374
5274 374
5275 374
5276 374
5277 374
5278 374
5279 374
5280 374
5281 374
5282 374
5283 374
5284 374
5285 374
5286 374
5287 374
5288 374
5289 374
5290 374
5291 374
5292 374
5293 374
5294 374
5295 374
5296 374
5297 374
5298 374
5299 374
5300 374
5301 374
5302 374
5303 374
5304 374
5305 374
5306 374
5307 374
5308 374
5309 374
5310 374
5311 374
5312 373
5313 370
5314 368
5315 365
5316 365
5317 365
5318 365
5319 365
5320 365
5321 365
5322 365
5323 365
5324 365
5325 365
5326 365
5327 365
5328 365
5329 365
5330 365
5331 365
5332 365
5333 365
5334 365
5335 365
5336 365
5337 365
5338 365
5339 365
5340 365
5341 365
5342 365
5343 365
5344 365
5345 365
5346 365
5347 365
5348 365
5349 365
5350 365
5351 365
5352 365
5353 365
5354 365
5355 365
5356 365
5357 365
5358 365
5359 365
5360 365
5361 365
5362 365
5363 365
5364 365
5365 365
5366 365
5367 365
5368 365
5369 365
5370 365
5371 365
5372 365
5373 365
5374 365
5375 365
5376 365
5377 365
5378 365
5379 365
5380 365
5381 365
5382 365
5383 365
5384 361
5385 356
5386 354
5387 354
5388 354
5389 354
5390 354
5391 354
5392 354
5393 354
5394 354
5395 354
5396 354
5397 354
5398 354
5399 354
5400 354
5401 354
5402 354
5403 354
5404 354
5405 354
5406 354
5407 354
5408 354
5409 354
5410 354
5411 354
5412 354
5413 354
5414 354
5415 354
5416 354
5417 354
5418 354
5419 354
5420 354
5421 354
5422 354
5423 354
5424 354
5425 354
5426 354
5427 354
5428 354
5429 354
5430 354
5431 354
5432 354
5433 354
5434 354
5435 354
5436 354
5437 354
5438 354
5439 354
5440 354
5441 354
5442 354
5443 354
5444 354
5445 354
5446 354
5447 354
5448 354
5449 354
5450 354
5451 354
5452 354
5453 354
5454 354
5455 354
5456 353
5457 351
5458 349
5459 345
5460 345
5461 345
5462 345
5463 345
5464 345
5465 345
5466 345
5467 345
5468 345
5469 345
5470 345
5471 345
5472 345
5473 345
5474 345
5475 345
5476 345
5477 345
5478 345
5479 345
5480 345
5481 345
5482 345
5483 345
5484 345
5485 345
5486 345
5487 345
5488 345
5489 345
5490 345
5491 345
5492 345
5493 345
5494 345
5495 345
5496 345
5497 345
5498 345
5499 345
5500 345
5501 345
5502 345
5503 345
5504 345
5505 345
5506 345
5507 345
5508 345
5509 345
5510 345
5511 345
5512 345
5513 345
5514 345
5515 345
5516 345
5517 345
5518 345
5519 345
5520 345
5521 345
5522 345
5523 345
5524 345
5525 345
5526 345
5527 345
5528 344
5529 342
5530 341
5531 332
5532 332
5533 332
5534 332
5535 332
5536 332
5537 332
5538 332
5539 332
5540 332
5541 332
5542 332
5543 332
5544 332
5545 332
5546 332
5547 332
5548 332
5549 332
5550 332
5551 332
5552 332
5553 332
5554 332
5555 332
5556 332
5557 332
5558 332
5559 332
5560 332
5561 332
5562 332
5563 332
5564 332
5565 332
5566 332
5567 332
5568 332
5569 332
5570 332
5571 332
5572 332
5573 332
5574 332
5575 332
5576 332
5577 332
5578 332
5579 332
5580 332
5581 332
5582 332
5583 332
5584 332
5585 332
5586 332
5587 332
5588 332
5589 332
5590 332
5591 332
5592 332
5593 332
5594 332
5595 332
5596 332
5597 332
5598 332
5599 332
5600 332
5601 328
5602 318
5603 314
5604 313
5605 313
5606 313
5607 313
5608 313
5609 313
5610 313
5611 313
5612 313
5613 313
5614 313
5615 313
5616 313
5617 313
5618 313
5619 313
5620 313
5621 313
5622 313
5623 313
5624 313
5625 313
5626 313
5627 313
5628 313
5629 313
5630 313
5631 313
5632 313
5633 313
5634 313
5635 313
5636 313
5637 313
5638 313
5639 313
5640 313
5641 313
5642 313
5643 313
5644 313
5645 313
5646 313
5647 313
5648 313
5649 313
5650 313
5651 313
5652 313
5653 313
5654 313
5655 313
5656 313
5657 313
5658 313
5659 313
5660 313
5661 313
5662 313
5663 313
5664 313
5665 313
5666 313
5667 313
5668 313
5669 313
5670 313
5671 313
5672 313
5673 310
5674 307
5675 303
5676 300
5677 300
5678 300
5679 300
5680 300
5681 300
5682 300
5683 300
5684 300
5685 300
5686 300
5687 300
5688 300
5689 300
5690 300
5691 300
5692 300
5693 300
5694 300
5695 300
5696 300
5697 300
5698 300
5699 300
5700 300
5701 300
5702 300
5703 300
5704 300
5705 300
5706 300
5707 300
5708 300
5709 300
5710 300
5711 300
5712 300
5713 300
5714 300
5715 300
5716 300
5717 300
5718 300
5719 300
5720 300
5721 300
5722 300
5723 300
5724 300
5725 300
5726 300
5727 300
5728 300
5729 300
5730 300
5731 300
5732 300
5733 300
5734 300
5735 300
5736 300
5737 300
5738 300
5739 300
5740 300
5741 300
5742 300
5743 300
5744 298
5745 297
5746 296
5747 293
5748 293
5749 293
5750 293
5751 293
5752 293
5753 293
5754 293
5755 293
5756 293
5757 293
5758 293
5759 293
5760 293
5761 293
5762 293
5763 293
5764 293
5765 293
5766 293
5767 293
5768 293
5769 293
5770 293
5771 293
5772 293
5773 293
5774 293
5775 293
5776 293
5777 293
5778 293
5779 293
5780 293
5781 293
5782 293
5783 293
5784 293
5785 293
5786 293
5787 293
5788 293
5789 293
5790 293
5791 293
5792 293
5793 293
5794 293
5795 293
5796 293
5797 293
5798 293
5799 293
5800 293
5801 293
5802 293
5803 293
5804 293
5805 293
5806 293
5807 293
5808 293
5809 293
5810 293
5811 293
5812 293
5813 293
5814 293
5815 293
5816 293
5817 289
5818 289
5819 285
5820 283
5821 283
5822 283
5823 283
5824 283
5825 283
5826 283
5827 283
5828 283
5829 283
5830 283
5831 283
5832 283
5833 283
5834 283
5835 283
5836 283
5837 283
5838 283
5839 283
5840 283
5841 283
5842 283
5843 283
5844 283
5845 283
5846 283
5847 283
5848 283
5849 283
5850 283
5851 283
5852 283
5853 283
5854 283
5855 283
5856 283
5857 283
5858 283
5859 283
5860 283
5861 283
5862 283
5863 283
5864 283
5865 283
5866 283
5867 283
5868 283
5869 283
5870 283
5871 283
5872 283
5873 283
5874 283
5875 283
5876 283
5877 283
5878 283
5879 283
5880 283
5881 283
5882 283
5883 283
5884 283
5885 283
5886 283
5887 283
5888 283
5889 283
5890 283
5891 281
5892 275
5893 273
5894 270
5895 270
5896 270
5897 270
5898 270
5899 270
5900 270
5901 270
5902 270
5903 270
5904 270
5905 270
5906 270
5907 270
5908 270
5909 270
5910 270
5911 270
5912 270
5913 270
5914 270
5915 270
5916 270
5917 270
5918 270
5919 270
5920 270
5921 270
5922 270
5923 270
5924 270
5925 270
5926 270
5927 270
5928 270
5929 270
5930 270
5931 270
5932 270
5933 270
5934 270
5935 270
5936 270
5937 270
5938 270
5939 270
5940 270
5941 270
5942 270
5943 270
5944 270
5945 270
5946 270
5947 270
5948 270
5949 270
5950 270
5951 270
5952 270
5953 270
5954 270
5955 270
5956 270
5957 270
5958 270
5959 270
5960 270
5961 270
5962 270
5963 270
5964 268
5965 265
5966 264
5967 264
5968 264
5969 264
5970 264
5971 264
5972 264
5973 264
5974 264
5975 264
5976 264
5977 264
5978 264
5979 264
5980 264
5981 264
5982 264
5983 264
5984 264
5985 264
5986 264
5987 264
5988 264
5989 264
5990 264
5991 264
5992 264
5993 264
5994 264
5995 264
5996 264
5997 264
5998 264
5999 264
6000 264
6001 264
6002 264
6003 264
6004 264
6005 264
6006 264
6007 264
6008 264
6009 264
6010 264
6011 264
6012 264
6013 264
6014 264
6015 264
6016 264
6017 264
6018 264
6019 264
6020 264
6021 264
6022 264
6023 264
6024 264
6025 264
6026 264
6027 264
6028 264
6029 264
6030 264
6031 264
6032 264
6033 264
6034 264
6035 264
6036 264
6037 264
6038 264
6039 261
6040 257
6041 253
6042 253
6043 253
6044 253
6045 253
6046 253
6047 253
6048 253
6049 253
6050 253
6051 253
6052 253
6053 253
6054 253
6055 253
6056 253
6057 253
6058 253
6059 253
6060 253
6061 253
6062 253
6063 253
6064 253
6065 253
6066 253
6067 253
6068 253
6069 253
6070 253
6071 253
6072 253
6073 253
6074 253
6075 253
6076 253
6077 253
6078 253
6079 253
6080 253
6081 253
6082 253
6083 253
6084 253
6085 253
6086 253
6087 253
6088 253
6089 253
6090 253
6091 253
6092 253
6093 253
6094 253
6095 253
6096 253
6097 253
6098 253
6099 253
6100 253
6101 253
6102 253
6103 253
6104 253
6105 253
6106 253
6107 253
6108 253
6109 253
6110 253
6111 253
6112 253
6113 252
6114 251
6115 251
6116 251
6117 251
6118 251
6119 251
6120 251
6121 251
6122 251
6123 251
6124 251
6125 251
6126 251
6127 251
6128 251
6129 251
6130 251
6131 251
6132 251
6133 251
6134 251
6135 251
6136 251
6137 251
6138 251
6139 251
6140 251
6141 251
6142 251
6143 251
6144 251
6145 251
6146 251
6147 251
6148 251
6149 251
6150 251
6151 251
6152 251
6153 251
6154 251
6155 251
6156 251
6157 251
6158 251
6159 251
6160 251
6161 251
6162 251
6163 251
6164 251
6165 251
6166 251
6167 251
6168 251
6169 251
6170 251
6171 251
6172 251
6173 251
6174 251
6175 251
6176 251
6177 251
6178 251
6179 251
6180 251
6181 251
6182 251
6183 251
6184 251
6185 251
6186 243
6187 240
6188 239
6189 239
6190 239
6191 239
6192 239
6193 239
6194 239
6195 239
6196 239
6197 239
6198 239
6199 239
6200 239
6201 239
6202 239
6203 239
6204 239
6205 239
6206 239
6207 239
6208 239
6209 239
6210 239
6211 239
6212 239
6213 239
6214 239
6215 239
6216 239
6217 239
6218 239
6219 239
6220 239
6221 239
6222 239
6223 239
6224 239
6225 239
6226 239
6227 239
6228 239
6229 239
6230 239
6231 239
6232 239
6233 239
6234 239
6235 239
6236 239
6237 239
6238 239
6239 239
6240 239
6241 239
6242 239
6243 239
6244 239
6245 239
6246 239
6247 239
6248 239
6249 239
6250 239
6251 239
6252 239
6253 239
6254 239
6255 239
6256 239
6257 239
6258 239
6259 239
6260 239
6261 237
6262 232
6263 231
6264 231
6265 231
6266 231
6267 231
6268 231
6269 231
6270 231
6271 231
6272 231
6273 231
6274 231
6275 231
6276 231
6277 231
6278 231
6279 231
6280 231
6281 231
6282 231
6283 231
6284 231
6285 231
6286 231
6287 231
6288 231
6289 231
6290 231
6291 231
6292 231
6293 231
6294 231
6295 231
6296 231
6297 231
6298 231
6299 231
6300 231
6301 231
6302 231
6303 231
6304 231
6305 231
6306 231
6307 231
6308 231
6309 231
6310 231
6311 231
6312 231
6313 231
6314 231
6315 231
6316 231
6317 231
6318 231
6319 231
6320 231
6321 231
6322 231
6323 231
6324 231
6325 231
6326 231
6327 231
6328 231
6329 231
6330 231
6331 231
6332 231
6333 230
6334 230
6335 226
6336 226
6337 226
6338 226
6339 226
6340 226
6341 226
6342 226
6343 226
6344 226
6345 226
6346 226
6347 226
6348 226
6349 226
6350 226
6351 226
6352 226
6353 226
6354 226
6355 226
6356 226
6357 226
6358 226
6359 226
6360 226
6361 226
6362 226
6363 226
6364 226
6365 226
6366 226
6367 226
6368 226
6369 226
6370 226
6371 226
6372 226
6373 226
6374 226
6375 226
6376 226
6377 226
6378 226
6379 226
6380 226
6381 226
6382 226
6383 226
6384 226
6385 226
6386 226
6387 226
6388 226
6389 226
6390 226
6391 226
6392 226
6393 226
6394 226
6395 226
6396 226
6397 226
6398 226
6399 226
6400 226
6401 226
6402 226
6403 226
6404 226
6405 226
6406 225
6407 222
6408 220
6409 220
6410 220
6411 220
6412 220
6413 220
6414 220
6415 220
6416 220
6417 220
6418 220
6419 220
6420 220
6421 220
6422 220
6423 220
6424 220
6425 220
6426 220
6427 220
6428 220
6429 220
6430 220
6431 220
6432 220
6433 220
6434 220
6435 220
6436 220
6437 220
6438 220
6439 220
6440 220
6441 220
6442 220
6443 220
6444 220
6445 220
6446 220
6447 220
6448 220
6449 220
6450 220
6451 220
6452 220
6453 220
6454 220
6455 220
6456 220
6457 220
6458 220
6459 220
6460 220
6461 220
6462 220
6463 220
6464 220
6465 220
6466 220
6467 220
6468 220
6469 220
6470 220
6471 220
6472 220
6473 220
6474 220
6475 220
6476 220
6477 220
6478 220
6479 220
6480 220
6481 220
6482 220
6483 220
6484 218
6485 217
6486 217
6487 217
6488 217
6489 217
6490 217
6491 217
6492 217
6493 217
6494 217
6495 217
6496 217
6497 217
6498 217
6499 217
6500 217
6501 217
6502 217
6503 217
6504 217
6505 217
6506 217
6507 217
6508 217
6509 217
6510 217
6511 217
6512 217
6513 217
6514 217
6515 217
6516 217
6517 217
6518 217
6519 217
6520 217
6521 217
6522 217
6523 217
6524 217
6525 217
6526 217
6527 217
6528 217
6529 217
6530 217
6531 217
6532 217
6533 217
6534 217
6535 217
6536 217
6537 217
6538 217
6539 217
6540 217
6541 217
6542 217
6543 217
6544 217
6545 217
6546 217
6547 217
6548 217
6549 217
6550 217
6551 217
6552 217
6553 217
6554 217
6555 217
6556 216
6557 213
6558 208
6559 208
6560 208
6561 208
6562 208
6563 208
6564 208
6565 208
6566 208
6567 208
6568 208
6569 208
6570 208
6571 208
6572 208
6573 208
6574 208
6575 208
6576 208
6577 208
6578 208
6579 208
6580 208
6581 208
6582 208
6583 208
6584 208
6585 208
6586 208
6587 208
6588 208
6589 208
6590 208
6591 208
6592 208
6593 208
6594 208
6595 208
6596 208
6597 208
6598 208
6599 208
6600 208
6601 208
6602 208
6603 208
6604 208
6605 208
6606 208
6607 208
6608 208
6609 208
6610 208
6611 208
6612 208
6613 208
6614 208
6615 208
6616 208
6617 208
6618 208
6619 208
6620 208
6621 208
6622 208
6623 208
6624 208
6625 208
6626 208
6627 208
6628 207
6629 207
6630 207
6631 204
6632 203
6633 203
6634 203
6635 203
6636 203
6637 203
6638 203
6639 203
6640 203
6641 203
6642 203
6643 203
6644 203
6645 203
6646 203
6647 203
6648 203
6649 203
6650 203
6651 203
6652 203
6653 203
6654 203
6655 203
6656 203
6657 203
6658 203
6659 203
6660 203
6661 203
6662 203
6663 203
6664 203
6665 203
6666 203
6667 203
6668 203
6669 203
6670 203
6671 203
6672 203
6673 203
6674 203
6675 203
6676 203
6677 203
6678 203
6679 203
6680 203
6681 203
6682 203
6683 203
6684 203
6685 203
6686 203
6687 203
6688 203
6689 203
6690 203
6691 203
6692 203
6693 203
6694 203
6695 203
6696 203
6697 203
6698 203
6699 203
6700 203
6701 203
6702 203
6703 202
6704 202
6705 202
6706 202
6707 202
6708 202
6709 202
6710 202
6711 202
6712 202
6713 202
6714 202
6715 202
6716 202
6717 202
6718 202
6719 202
6720 202
6721 202
6722 202
6723 202
6724 202
6725 202
6726 202
6727 202
6728 202
6729 202
6730 202
6731 202
6732 202
6733 202
6734 202
6735 202
6736 202
6737 202
6738 202
6739 202
6740 202
6741 202
6742 202
6743 202
6744 202
6745 202
6746 202
6747 202
6748 202
6749 202
6750 202
6751 202
6752 202
6753 202
6754 202
6755 202
6756 202
6757 202
6758 202
6759 202
6760 202
6761 202
6762 202
6763 202
6764 202
6765 202
6766 202
6767 202
6768 202
6769 202
6770 202
6771 202
6772 202
6773 202
6774 202
6775 202
6776 201
6777 199
6778 199
6779 198
6780 198
6781 198
6782 198
6783 198
6784 198
6785 198
6786 198
6787 198
6788 198
6789 198
6790 198
6791 198
6792 198
6793 198
6794 198
6795 198
6796 198
6797 198
6798 198
6799 198
6800 198
6801 198
6802 198
6803 198
6804 198
6805 198
6806 198
6807 198
6808 198
6809 198
6810 198
6811 198
6812 198
6813 198
6814 198
6815 198
6816 198
6817 198
6818 198
6819 198
6820 198
6821 198
6822 198
6823 198
6824 198
6825 198
6826 198
6827 198
6828 198
6829 198
6830 198
6831 198
6832 198
6833 198
6834 198
6835 198
6836 198
6837 198
6838 198
6839 198
6840 198
6841 198
6842 198
6843 198
6844 198
6845 198
6846 198
6847 198
6848 198
6849 198
6850 198
6851 198
6852 197
6853 195
6854 195
6855 195
6856 195
6857 195
6858 195
6859 195
6860 195
6861 195
6862 195
6863 195
6864 195
6865 195
6866 195
6867 195
6868 195
6869 195
6870 195
6871 195
6872 195
6873 195
6874 201
6875 201
6876 201
6877 201
6878 201
6879 201
6880 221
6881 229
6882 249
6883 268
6884 285
6885 313
6886 333
6887 363
6888 411
6889 419
6890 419
6891 419
6892 448
6893 464
6894 464
6895 467
6896 484
6897 500
6898 499
6899 499
6900 506
6901 511
6902 511
6903 511
6904 511
6905 511
6906 511
6907 511
6908 532
6909 530
6910 539
6911 547
6912 546
6913 546
6914 546
6915 546
6916 545
6917 563
6918 563
6919 563
6920 562
6921 570
6922 573
6923 571
6924 578
6925 608
6926 618
6927 617
6928 627
6929 685
6930 725
6931 755
6932 773
6933 773
6934 792
6935 792
6936 792
6937 792
6938 792
6939 792
6940 792
6941 792
6942 831
6943 861
6944 901
6945 920
6946 920
6947 930
6948 940
6949 969
6950 969
6951 969
6952 969
6953 969
6954 969
6955 969
6956 969
6957 969
6958 969
6959 969
6960 969
6961 968
6962 968
6963 968
6964 968
6965 968
6966 968
6967 968
6968 978
6969 1008
6970 1047
6971 1096
6972 1126
6973 1145
6974 1145
6975 1145
6976 1145
6977 1145
6978 1145
6979 1145
6980 1165
6981 1164
6982 1162
6983 1158
6984 1155
6985 1148
6986 1147
6987 1147
6988 1147
6989 1147
6990 1147
6991 1147
6992 1147
6993 1147
6994 1147
6995 1147
6996 1147
6997 1147
6998 1147
6999 1167
7000 1186
7001 1186
7002 1226
7003 1265
7004 1285
7005 1334
7006 1363
7007 1362
7008 1362
7009 1362
7010 1362
7011 1362
7012 1362
7013 1362
7014 1362
7015 1392
7016 1441
7017 1441
7018 1471
7019 1500
7020 1530
7021 1570
7022 1579
7023 1579
7024 1579
7025 1579
7026 1579
7027 1579
7028 1579
7029 1599
7030 1599
7031 1618
7032 1618
7033 1618
7034 1638
7035 1637
7036 1676
7037 1676
7038 1675
7039 1705
7040 1704
7041 1703
7042 1738
7043 1757
7044 1757
7045 1757
7046 1757
7047 1766
7048 1765
7049 1765
7050 1765
7051 1795
7052 1824
7053 1833
7054 1833
7055 1833
7056 1833
7057 1841
7058 1841
7059 1841
7060 1851
7061 1870
7062 1870
7063 1870
7064 1879
7065 1879
7066 1879
7067 1878
7068 1878
7069 1946
7070 1945
7071 1945
7072 1945
7073 1945
7074 1945
7075 1945
7076 1945
7077 1945
7078 1945
7079 1945
7080 1945
7081 1945
7082 1944
7083 1944
7084 1944
7085 1944
7086 1954
7087 1982
7088 1991
7089 1991
7090 1991
7091 1991
7092 1985
7093 1987
7094 2022
7095 2062
7096 2091
7097 2090
7098 2090
7099 2090
7100 2090
7101 2090
7102 2089
7103 2117
7104 2117
7105 2117
7106 2136
7107 2136
7108 2136
7109 2145
7110 2145
7111 2144
7112 2174
7113 2173
7114 2173
7115 2173
7116 2173
7117 2182
7118 2202
7119 2231
7120 2300
7121 2367
7122 2407
7123 2466
7124 2526
7125 2534
7126 2534
7127 2534
7128 2534
7129 2554
7130 2564
7131 2563
7132 2563
7133 2563
7134 2593
7135 2602
7136 2600
7137 2600
7138 2597
7139 2593
7140 2612
7141 2632
7142 2651
7143 2691
7144 2710
7145 2709
7146 2709
7147 2709
7148 2709
7149 2709
7150 2709
7151 2709
7152 2749
7153 2758
7154 2758
7155 2787
7156 2787
7157 2787
7158 2787
7159 2787
7160 2787
7161 2787
7162 2787
7163 2837
7164 2856
7165 2856
7166 2856
7167 2866
7168 2925
7169 2983
7170 2982
7171 2982
7172 2982
7173 2981
7174 2981
7175 2981
7176 2981
7177 2981
7178 2981
7179 2981
7180 2981
7181 2981
7182 2981
7183 3010
7184 3010
7185 3070
7186 3129
7187 3138
7188 3138
7189 3138
7190 3177
7191 3177
7192 3170
7193 3168
7194 3165
7195 3184
7196 3193
7197 3193
7198 3193
7199 3193
7200 3193
7201 3193
7202 3193
7203 3193
7204 3193
7205 3193
7206 3193
7207 3193
7208 3193
7209 3203
7210 3202
7211 3232
7212 3262
7213 3281
7214 3280
7215 3280
7216 3280
7217 3280
7218 3300
7219 3319
7220 3319
7221 3348
7222 3357
7223 3357
7224 3357
7225 3376
7226 3424
7227 3452
7228 3452
7229 3452
7230 3452
7231 3481
7232 3481
7233 3481
7234 3490
7235 3490
7236 3490
7237 3549
7238 3557
7239 3601
7240 3602
7241 3602
7242 3602
7243 3601
7244 3601
7245 3601
7246 3601
7247 3601
7248 3601
7249 3601
7250 3610
7251 3610
7252 3610
7253 3629
7254 3629
7255 3628
7256 3628
7257 3628
7258 3637
7259 3637
7260 3637
7261 3686
7262 3736
7263 3785
7264 3813
7265 3813
7266 3822
7267 3822
7268 3822
7269 3822
7270 3822
7271 3822
7272 3852
7273 3872
7274 3902
7275 3951
7276 3970
7277 3988
7278 4018
7279 4097
7280 4137
7281 4146
7282 4175
7283 4173
7284 4173
7285 4193
7286 4243
7287 4256
7288 4287
7289 4279
7290 4279
7291 4279
7292 4299
7293 4339
7294 4369
7295 4368
7296 4368
7297 4368
7298 4407
7299 4457
7300 4497
7301 4566
7302 4585
7303 4584
7304 4584
7305 4584
7306 4624
7307 4644
7308 4643
7309 4642
7310 4642
7311 4682
7312 4691
7313 4738
7314 4737
7315 4737
7316 4737
7317 4737
7318 4737
7319 4737
7320 4767
7321 4766
7322 4766
7323 4766
7324 4766
7325 4766
7326 4766
7327 4766
7328 4766
7329 4766
7330 4766
7331 4766
7332 4763
7333 4756
7334 4753
7335 4762
7336 4770
7337 4770
7338 4770
7339 4770
7340 4770
7341 4799
7342 4799
7343 4839
7344 4838
7345 4847
7346 4847
7347 4847
7348 4847
7349 4867
7350 4867
7351 4875
7352 4875
7353 4875
7354 4875
7355 4875
7356 4875
7357 4894
7358 4894
7359 4893
7360 4922
7361 4922
7362 4922
7363 4922
7364 4931
7365 4931
7366 4931
7367 4940
7368 4960
7369 4970
7370 4998
7371 4998
7372 5016
7373 5011
7374 5003
7375 5016
7376 5051
7377 5059
7378 5088
7379 5088
7380 5088
7381 5088
7382 5088
7383 5088
7384 5118
7385 5138
7386 5177
7387 5176
7388 5176
7389 5176
7390 5176
7391 5176
7392 5176
7393 5176
7394 5176
7395 5176
7396 5176
7397 5176
7398 5176
7399 5176
7400 5176
7401 5176
7402 5176
7403 5176
7404 5176
7405 5176
7406 5176
7407 5176
7408 5176
7409 5176
7410 5176
7411 5176
7412 5176
7413 5176
7414 5176
7415 5176
7416 5176
7417 5176
7418 5176
7419 5176
7420 5176
7421 5173
7422 5165
7423 5165
7424 5165
7425 5165
7426 5165
7427 5165
7428 5165
7429 5165
7430 5165
7431 5165
7432 5165
7433 5165
7434 5165
7435 5165
7436 5165
7437 5165
7438 5165
7439 5165
7440 5165
7441 5165
7442 5165
7443 5165
7444 5165
7445 5165
7446 5165
7447 5165
7448 5165
7449 5165
7450 5165
7451 5165
7452 5165
7453 5165
7454 5165
7455 5165
7456 5165
7457 5165
7458 5165
7459 5165
7460 5165
7461 5165
7462 5165
7463 5165
7464 5165
7465 5165
7466 5165
7467 5165
7468 5165
7469 5165
7470 5165
7471 5164
7472 5162
7473 5153
7474 5153
7475 5153
7476 5153
7477 5153
7478 5153
7479 5153
7480 5153
7481 5153
7482 5153
7483 5153
7484 5153
7485 5153
7486 5153
7487 5153
7488 5153
7489 5153
7490 5153
7491 5153
7492 5153
7493 5153
7494 5153
7495 5153
7496 5153
7497 5153
7498 5153
7499 5153
7500 5153
7501 5153
7502 5153
7503 5153
7504 5153
7505 5153
7506 5153
7507 5153
7508 5153
7509 5153
7510 5153
7511 5153
7512 5153
7513 5153
7514 5153
7515 5148
7516 5142
7517 5138
7518 5138
7519 5138
7520 5138
7521 5138
7522 5138
7523 5138
7524 5138
7525 5138
7526 5138
7527 5138
7528 5138
7529 5138
7530 5138
7531 5138
7532 5138
7533 5138
7534 5138
7535 5138
7536 5138
7537 5138
7538 5138
7539 5138
7540 5138
7541 5138
7542 5138
7543 5138
7544 5138
7545 5138
7546 5138
7547 5138
7548 5138
7549 5138
7550 5138
7551 5138
7552 5138
7553 5138
7554 5138
7555 5138
7556 5138
7557 5138
7558 5138
7559 5138
7560 5138
7561 5138
7562 5138
7563 5138
7564 5138
7565 5138
7566 5137
7567 5128
7568 5127
7569 5127
7570 5127
7571 5127
7572 5127
7573 5127
7574 5127
7575 5127
7576 5127
7577 5127
7578 5127
7579 5127
7580 5127
7581 5127
7582 5127
7583 5127
7584 5127
7585 5127
7586 5127
7587 5127
7588 5127
7589 5127
7590 5127
7591 5127
7592 5127
7593 5127
7594 5127
7595 5127
7596 5127
7597 5127
7598 5127
7599 5127
7600 5127
7601 5127
7602 5127
7603 5127
7604 5127
7605 5127
7606 5127
7607 5127
7608 5127
7609 5127
7610 5127
7611 5127
7612 5127
7613 5127
7614 5123
7615 5117
7616 5117
7617 5117
7618 5117
7619 5117
7620 5117
7621 5117
7622 5117
7623 5117
7624 5117
7625 5117
7626 5117
7627 5117
7628 5117
7629 5117
7630 5117
7631 5117
7632 5117
7633 5117
7634 5117
7635 5117
7636 5117
7637 5117
7638 5117
7639 5117
7640 5117
7641 5117
7642 5117
7643 5117
7644 5117
7645 5117
7646 5117
7647 5117
7648 5117
7649 5117
7650 5117
7651 5117
7652 5117
7653 5117
7654 5117
7655 5117
7656 5117
7657 5117
7658 5117
7659 5117
7660 5117
7661 5117
7662 5117
7663 5117
7664 5117
7665 5115
7666 5113
7667 5109
7668 5106
7669 5106
7670 5106
7671 5106
7672 5106
7673 5106
7674 5106
7675 5106
7676 5106
7677 5106
7678 5106
7679 5106
7680 5106
7681 5106
7682 5106
7683 5106
7684 5106
7685 5106
7686 5106
7687 5106
7688 5106
7689 5106
7690 5106
7691 5106
7692 5106
7693 5106
7694 5106
7695 5106
7696 5106
7697 5106
7698 5106
7699 5106
7700 5106
7701 5106
7702 5106
7703 5106
7704 5106
7705 5106
7706 5106
7707 5106
7708 5106
7709 5106
7710 5106
7711 5106
7712 5106
7713 5106
7714 5106
7715 5106
7716 5106
7717 5106
7718 5106
7719 5106
7720 5102
7721 5093
7722 5091
7723 5091
7724 5091
7725 5091
7726 5091
7727 5091
7728 5091
7729 5091
7730 5091
7731 5091
7732 5091
7733 5091
7734 5091
7735 5091
7736 5091
7737 5091
7738 5091
7739 5091
7740 5091
7741 5091
7742 5091
7743 5091
7744 5091
7745 5091
7746 5091
7747 5091
7748 5091
7749 5091
7750 5091
7751 5091
7752 5091
7753 5091
7754 5091
7755 5091
7756 5091
7757 5091
7758 5091
7759 5091
7760 5091
7761 5091
7762 5091
7763 5091
7764 5091
7765 5091
7766 5091
7767 5091
7768 5091
7769 5091
7770 5091
7771 5091
7772 5087
7773 5080
7774 5072
7775 5072
7776 5072
7777 5072
7778 5072
7779 5072
7780 5072
7781 5072
7782 5072
7783 5072
7784 5072
7785 5072
7786 5072
7787 5072
7788 5072
7789 5072
7790 5072
7791 5072
7792 5072
7793 5072
7794 5072
7795 5072
7796 5072
7797 5072
7798 5072
7799 5072
7800 5072
7801 5072
7802 5072
7803 5072
7804 5072
7805 5072
7806 5072
7807 5072
7808 5072
7809 5072
7810 5072
7811 5072
7812 5072
7813 5072
7814 5072
7815 5072
7816 5072
7817 5072
7818 5072
7819 5072
7820 5072
7821 5072
7822 5072
7823 5072
7824 5071
7825 5065
7826 5057
7827 5057
7828 5057
7829 5057
7830 5057
7831 5057
7832 5057
7833 5057
7834 5057
7835 5057
7836 5057
7837 5057
7838 5057
7839 5057
7840 5057
7841 5057
7842 5057
7843 5057
7844 5057
7845 5057
7846 5057
7847 5057
7848 5057
7849 5057
7850 5057
7851 5057
7852 5057
7853 5057
7854 5057
7855 5057
7856 5057
7857 5057
7858 5057
7859 5057
7860 5057
7861 5057
7862 5057
7863 5057
7864 5057
7865 5057
7866 5057
7867 5057
7868 5057
7869 5057
7870 5057
7871 5057
7872 5057
7873 5057
7874 5057
7875 5054
7876 5045
7877 5038
7878 5034
7879 5034
7880 5034
7881 5034
7882 5034
7883 5034
7884 5034
7885 5034
7886 5034
7887 5034
7888 5034
7889 5034
7890 5034
7891 5034
7892 5034
7893 5034
7894 5034
7895 5034
7896 5034
7897 5034
7898 5034
7899 5034
7900 5034
7901 5034
7902 5034
7903 5034
7904 5034
7905 5034
7906 5034
7907 5034
7908 5034
7909 5034
7910 5034
7911 5034
7912 5034
7913 5034
7914 5034
7915 5034
7916 5034
7917 5034
7918 5034
7919 5034
7920 5034
7921 5034
7922 5034
7923 5034
7924 5034
7925 5034
7926 5034
7927 5034
7928 5034
7929 5034
7930 5030
7931 5025
7932 5016
7933 5016
7934 5016
7935 5016
7936 5016
7937 5016
7938 5016
7939 5016
7940 5016
7941 5016
7942 5016
7943 5016
7944 5016
7945 5016
7946 5016
7947 5016
7948 5016
7949 5016
7950 5016
7951 5016
7952 5016
7953 5016
7954 5016
7955 5016
7956 5016
7957 5016
7958 5016
7959 5016
7960 5016
7961 5016
7962 5016
7963 5016
7964 5016
7965 5016
7966 5016
7967 5016
7968 5016
7969 5016
7970 5016
7971 5016
7972 5016
7973 5016
7974 5016
7975 5016
7976 5016
7977 5016
7978 5016
7979 5016
7980 5016
7981 5016
7982 5013
7983 5004
7984 5003
7985 5003
7986 5003
7987 5003
7988 5003
7989 5003
7990 5003
7991 5003
7992 5003
7993 5003
7994 5003
7995 5003
7996 5003
7997 5003
7998 5003
7999 5003
8000 5003
8001 5003
8002 5003
8003 5003
8004 5003
8005 5003
8006 5003
8007 5003
8008 5003
8009 5003
8010 5003
8011 5003
8012 5003
8013 5003
8014 5003
8015 5003
8016 5003
8017 5003
8018 5003
8019 5003
8020 5003
8021 5003
8022 5003
8023 5003
8024 5003
8025 5003
8026 5003
8027 5003
8028 5003
8029 5003
8030 5003
8031 5003
8032 5003
8033 5001
8034 4997
8035 4988
8036 4986
8037 4986
8038 4986
8039 4986
8040 4986
8041 4986
8042 4986
8043 4986
8044 4986
8045 4986
8046 4986
8047 4986
8048 4986
8049 4986
8050 4986
8051 4986
8052 4986
8053 4986
8054 4986
8055 4986
8056 4986
8057 4986
8058 4986
8059 4986
8060 4986
8061 4986
8062 4986
8063 4986
8064 4986
8065 4986
8066 4986
8067 4986
8068 4986
8069 4986
8070 4986
8071 4986
8072 4986
8073 4986
8074 4986
8075 4986
8076 4986
8077 4986
8078 4986
8079 4986
8080 4986
8081 4983
8082 4981
8083 4979
8084 4979
8085 4979
8086 4979
8087 4979
8088 4979
8089 4979
8090 4979
8091 4979
8092 4979
8093 4979
8094 4979
8095 4979
8096 4979
8097 4979
8098 4979
8099 4979
8100 4979
8101 4979
8102 4979
8103 4979
8104 4979
8105 4979
8106 4979
8107 4979
8108 4979
8109 4979
8110 4979
8111 4979
8112 4979
8113 4979
8114 4979
8115 4979
8116 4979
8117 4979
8118 4979
8119 4979
8120 4979
8121 4979
8122 4979
8123 4979
8124 4979
8125 4979
8126 4979
8127 4979
8128 4979
8129 4979
8130 4979
8131 4979
8132 4979
8133 4979
8134 4976
8135 4974
8136 4974
8137 4974
8138 4974
8139 4974
8140 4974
8141 4974
8142 4974
8143 4974
8144 4974
8145 4974
8146 4974
8147 4974
8148 4974
8149 4974
8150 4974
8151 4974
8152 4974
8153 4974
8154 4974
8155 4974
8156 4974
8157 4974
8158 4974
8159 4974
8160 4974
8161 4974
8162 4974
8163 4974
8164 4974
8165 4974
8166 4974
8167 4974
8168 4974
8169 4974
8170 4974
8171 4974
8172 4974
8173 4974
8174 4974
8175 4974
8176 4974
8177 4974
8178 4974
8179 4974
8180 4974
8181 4974
8182 4974
8183 4974
8184 4970
8185 4964
8186 4962
8187 4962
8188 4962
8189 4962
8190 4962
8191 4962
8192 4962
8193 4962
8194 4962
8195 4962
8196 4962
8197 4962
8198 4962
8199 4962
8200 4962
8201 4962
8202 4962
8203 4962
8204 4962
8205 4962
8206 4962
8207 4962
8208 4962
8209 4962
8210 4962
8211 4962
8212 4962
8213 4962
8214 4962
8215 4962
8216 4962
8217 4962
8218 4962
8219 4962
8220 4962
8221 4962
8222 4962
8223 4962
8224 4962
8225 4962
8226 4962
8227 4962
8228 4962
8229 4962
8230 4962
8231 4962
8232 4962
8233 4960
8234 4957
8235 4954
8236 4954
8237 4954
8238 4954
8239 4954
8240 4954
8241 4954
8242 4954
8243 4954
8244 4954
8245 4954
8246 4954
8247 4954
8248 4954
8249 4954
8250 4954
8251 4954
8252 4954
8253 4954
8254 4954
8255 4954
8256 4954
8257 4954
8258 4954
8259 4954
8260 4954
8261 4954
8262 4954
8263 4954
8264 4954
8265 4954
8266 4954
8267 4954
8268 4954
8269 4954
8270 4954
8271 4954
8272 4954
8273 4954
8274 4954
8275 4954
8276 4954
8277 4954
8278 4954
8279 4954
8280 4954
8281 4954
8282 4954
8283 4954
8284 4954
8285 4954
8286 4954
8287 4954
8288 4954
8289 4951
8290 4948
8291 4948
8292 4948
8293 4948
8294 4948
8295 4948
8296 4948
8297 4948
8298 4948
8299 4948
8300 4948
8301 4948
8302 4948
8303 4948
8304 4948
8305 4948
8306 4948
8307 4948
8308 4948
8309 4948
8310 4948
8311 4948
8312 4948
8313 4948
8314 4948
8315 4948
8316 4948
8317 4948
8318 4948
8319 4948
8320 4948
8321 4948
8322 4948
8323 4948
8324 4948
8325 4948
8326 4948
8327 4948
8328 4948
8329 4948
8330 4948
8331 4948
8332 4948
8333 4948
8334 4948
8335 4948
8336 4948
8337 4948
8338 4946
8339 4944
8340 4942
8341 4942
8342 4942
8343 4942
8344 4942
8345 4942
8346 4942
8347 4942
8348 4942
8349 4942
8350 4942
8351 4942
8352 4942
8353 4942
8354 4942
8355 4942
8356 4942
8357 4942
8358 4942
8359 4942
8360 4942
8361 4942
8362 4942
8363 4942
8364 4942
8365 4942
8366 4942
8367 4942
8368 4942
8369 4942
8370 4942
8371 4942
8372 4942
8373 4942
8374 4942
8375 4942
8376 4942
8377 4942
8378 4942
8379 4942
8380 4942
8381 4942
8382 4942
8383 4942
8384 4942
8385 4942
8386 4942
8387 4942
8388 4941
8389 4935
8390 4933
8391 4933
8392 4933
8393 4933
8394 4933
8395 4933
8396 4933
8397 4933
8398 4933
8399 4933
8400 4933
8401 4933
8402 4933
8403 4933
8404 4933
8405 4933
8406 4933
8407 4933
8408 4933
8409 4933
8410 4933
8411 4933
8412 4933
8413 4933
8414 4933
8415 4933
8416 4933
8417 4933
8418 4933
8419 4933
8420 4933
8421 4933
8422 4933
8423 4933
8424 4933
8425 4933
8426 4933
8427 4933
8428 4933
8429 4933
8430 4933
8431 4933
8432 4933
8433 4933
8434 4933
8435 4933
8436 4933
8437 4933
8438 4933
8439 4933
8440 4932
8441 4931
8442 4928
8443 4927
8444 4927
8445 4927
8446 4927
8447 4927
8448 4927
8449 4927
8450 4927
8451 4927
8452 4927
8453 4927
8454 4927
8455 4927
8456 4927
8457 4927
8458 4927
8459 4927
8460 4927
8461 4927
8462 4927
8463 4927
8464 4927
8465 4927
8466 4927
8467 4927
8468 4927
8469 4927
8470 4927
8471 4927
8472 4927
8473 4927
8474 4927
8475 4927
8476 4927
8477 4927
8478 4927
8479 4927
8480 4927
8481 4927
8482 4927
8483 4925
8484 4922
8485 4921
8486 4921
8487 4921
8488 4921
8489 4921
8490 4921
8491 4921
8492 4921
8493 4921
8494 4921
8495 4921
8496 4921
8497 4921
8498 4921
8499 4921
8500 4921
8501 4921
8502 4921
8503 4921
8504 4921
8505 4921
8506 4921
8507 4921
8508 4921
8509 4921
8510 4921
8511 4921
8512 4921
8513 4921
8514 4921
8515 4921
8516 4921
8517 4921
8518 4921
8519 4921
8520 4921
8521 4921
8522 4921
8523 4921
8524 4921
8525 4921
8526 4921
8527 4921
8528 4921
8529 4921
8530 4921
8531 4921
8532 4921
8533 4921
8534 4921
8535 4919
8536 4917
8537 4915
8538 4915
8539 4915
8540 4915
8541 4915
8542 4915
8543 4915
8544 4915
8545 4915
8546 4915
8547 4915
8548 4915
8549 4915
8550 4915
8551 4915
8552 4915
8553 4915
8554 4915
8555 4915
8556 4915
8557 4915
8558 4915
8559 4915
8560 4915
8561 4915
8562 4915
8563 4915
8564 4915
8565 4915
8566 4915
8567 4915
8568 4915
8569 4915
8570 4915
8571 4915
8572 4915
8573 4915
8574 4915
8575 4915
8576 4915
8577 4915
8578 4915
8579 4915
8580 4915
8581 4915
8582 4915
8583 4915
8584 4915
8585 4915
8586 4915
8587 4912
8588 4908
8589 4905
8590 4905
8591 4905
8592 4905
8593 4905
8594 4905
8595 4905
8596 4905
8597 4905
8598 4905
8599 4905
8600 4905
8601 4905
8602 4905
8603 4905
8604 4905
8605 4905
8606 4905
8607 4905
8608 4905
8609 4905
8610 4905
8611 4905
8612 4905
8613 4905
8614 4905
8615 4905
8616 4905
8617 4905
8618 4905
8619 4905
8620 4905
8621 4905
8622 4905
8623 4905
8624 4905
8625 4905
8626 4905
8627 4905
8628 4905
8629 4905
8630 4905
8631 4905
8632 4905
8633 4905
8634 4905
8635 4905
8636 4905
8637 4905
8638 4899
8639 4896
8640 4896
8641 4896
8642 4896
8643 4896
8644 4896
8645 4896
8646 4896
8647 4896
8648 4896
8649 4896
8650 4896
8651 4896
8652 4896
8653 4896
8654 4896
8655 4896
8656 4896
8657 4896
8658 4896
8659 4896
8660 4896
8661 4896
8662 4896
8663 4896
8664 4896
8665 4896
8666 4896
8667 4896
8668 4896
8669 4896
8670 4896
8671 4896
8672 4896
8673 4896
8674 4896
8675 4896
8676 4896
8677 4896
8678 4896
8679 4896
8680 4896
8681 4896
8682 4896
8683 4896
8684 4896
8685 4895
8686 4894
8687 4893
8688 4893
8689 4893
8690 4893
8691 4893
8692 4893
8693 4893
8694 4893
8695 4893
8696 4893
8697 4893
8698 4893
8699 4893
8700 4893
8701 4893
8702 4893
8703 4893
8704 4893
8705 4893
8706 4893
8707 4893
8708 4893
8709 4893
8710 4893
8711 4893
8712 4893
8713 4893
8714 4893
8715 4893
8716 4893
8717 4893
8718 4893
8719 4893
8720 4893
8721 4893
8722 4893
8723 4893
8724 4893
8725 4893
8726 4893
8727 4893
8728 4893
8729 4893
8730 4893
8731 4893
8732 4893
8733 4893
8734 4892
8735 4889
8736 4887
8737 4886
8738 4886
8739 4886
8740 4886
8741 4886
8742 4886
8743 4886
8744 4886
8745 4886
8746 4886
8747 4886
8748 4886
8749 4886
8750 4886
8751 4886
8752 4886
8753 4886
8754 4886
8755 4886
8756 4886
8757 4886
8758 4886
8759 4886
8760 4886
8761 4886
8762 4886
8763 4886
8764 4886
8765 4886
8766 4886
8767 4886
8768 4886
8769 4886
8770 4886
8771 4886
8772 4886
8773 4886
8774 4886
8775 4886
8776 4886
8777 4886
8778 4886
8779 4886
8780 4886
8781 4886
8782 4886
8783 4886
8784 4886
8785 4886
8786 4886
8787 4884
8788 4876
8789 4876
8790 4876
8791 4876
8792 4876
8793 4876
8794 4876
8795 4876
8796 4876
8797 4876
8798 4876
8799 4876
8800 4876
8801 4876
8802 4876
8803 4876
8804 4876
8805 4876
8806 4876
8807 4876
8808 4876
8809 4876
8810 4876
8811 4876
8812 4876
8813 4876
8814 4876
8815 4876
8816 4876
8817 4876
8818 4876
8819 4876
8820 4876
8821 4876
8822 4876
8823 4876
8824 4876
8825 4876
8826 4876
8827 4876
8828 4876
8829 4876
8830 4876
8831 4876
8832 4876
8833 4876
8834 4876
8835 4876
8836 4876
8837 4876
8838 4876
8839 4876
8840 4873
8841 4870
8842 4867
8843 4867
8844 4867
8845 4867
8846 4867
8847 4867
8848 4867
8849 4867
8850 4867
8851 4867
8852 4867
8853 4867
8854 4867
8855 4867
8856 4867
8857 4867
8858 4867
8859 4867
8860 4867
8861 4867
8862 4867
8863 4867
8864 4867
8865 4867
8866 4867
8867 4867
8868 4867
8869 4867
8870 4867
8871 4867
8872 4867
8873 4867
8874 4867
8875 4867
8876 4867
8877 4867
8878 4867
8879 4867
8880 4867
8881 4867
8882 4867
8883 4867
8884 4867
8885 4867
8886 4867
8887 4867
8888 4867
8889 4867
8890 4867
8891 4867
8892 4867
8893 4867
8894 4867
8895 4860
8896 4852
8897 4849
8898 4849
8899 4849
8900 4849
8901 4849
8902 4849
8903 4849
8904 4849
8905 4849
8906 4849
8907 4849
8908 4849
8909 4849
8910 4849
8911 4849
8912 4849
8913 4849
8914 4849
8915 4849
8916 4849
8917 4849
8918 4849
8919 4849
8920 4849
8921 4849
8922 4849
8923 4849
8924 4849
8925 4849
8926 4849
8927 4849
8928 4849
8929 4849
8930 4849
8931 4849
8932 4849
8933 4849
8934 4849
8935 4849
8936 4849
8937 4849
8938 4849
8939 4849
8940 4849
8941 4849
8942 4849
8943 4849
8944 4849
8945 4849
8946 4849
8947 4849
8948 4849
8949 4847
8950 4846
8951 4845
8952 4845
8953 4845
8954 4845
8955 4845
8956 4845
8957 4845
8958 4845
8959 4845
8960 4845
8961 4845
8962 4845
8963 4845
8964 4845
8965 4845
8966 4845
8967 4845
8968 4845
8969 4845
8970 4845
8971 4845
8972 4845
8973 4845
8974 4845
8975 4845
8976 4845
8977 4845
8978 4845
8979 4845
8980 4845
8981 4845
8982 4845
8983 4845
8984 4845
8985 4845
8986 4845
8987 4845
8988 4845
8989 4845
8990 4845
8991 4845
8992 4843
8993 4836
8994 4835
8995 4835
8996 4835
8997 4835
8998 4835
8999 4835
9000 4835
9001 4835
9002 4835
9003 4835
9004 4835
9005 4835
9006 4835
9007 4835
9008 4835
9009 4835
9010 4835
9011 4835
9012 4835
9013 4835
9014 4835
9015 4835
9016 4835
9017 4835
9018 4835
9019 4835
9020 4835
9021 4835
9022 4835
9023 4835
9024 4835
9025 4835
9026 4835
9027 4835
9028 4835
9029 4835
9030 4835
9031 4835
9032 4835
9033 4835
9034 4835
9035 4835
9036 4835
9037 4835
9038 4835
9039 4835
9040 4835
9041 4835
9042 4835
9043 4835
9044 4835
9045 4835
9046 4830
9047 4826
9048 4822
9049 4822
9050 4822
9051 4822
9052 4822
9053 4822
9054 4822
9055 4822
9056 4822
9057 4822
9058 4822
9059 4822
9060 4822
9061 4822
9062 4822
9063 4822
9064 4822
9065 4822
9066 4822
9067 4822
9068 4822
9069 4822
9070 4822
9071 4822
9072 4822
9073 4822
9074 4822
9075 4822
9076 4822
9077 4822
9078 4822
9079 4822
9080 4822
9081 4822
9082 4822
9083 4822
9084 4822
9085 4822
9086 4822
9087 4822
9088 4822
9089 4822
9090 4822
9091 4822
9092 4822
9093 4822
9094 4822
9095 4822
9096 4822
9097 4822
9098 4822
9099 4821
9100 4820
9101 4819
9102 4819
9103 4819
9104 4819
9105 4819
9106 4819
9107 4819
9108 4819
9109 4819
9110 4819
9111 4819
9112 4819
9113 4819
9114 4819
9115 4819
9116 4819
9117 4819
9118 4819
9119 4819
9120 4819
9121 4819
9122 4819
9123 4819
9124 4819
9125 4819
9126 4819
9127 4819
9128 4819
9129 4819
9130 4819
9131 4819
9132 4819
9133 4819
9134 4819
9135 4819
9136 4819
9137 4819
9138 4819
9139 4819
9140 4819
9141 4819
9142 4819
9143 4819
9144 4819
9145 4819
9146 4819
9147 4819
9148 4819
9149 4818
9150 4817
9151 4817
9152 4817
9153 4817
9154 4817
9155 4817
9156 4817
9157 4817
9158 4817
9159 4817
9160 4817
9161 4817
9162 4817
9163 4817
9164 4817
9165 4817
9166 4817
9167 4817
9168 4817
9169 4817
9170 4817
9171 4817
9172 4817
9173 4817
9174 4817
9175 4817
9176 4817
9177 4817
9178 4817
9179 4817
9180 4817
9181 4817
9182 4817
9183 4817
9184 4817
9185 4817
9186 4817
9187 4817
9188 4817
9189 4817
9190 4817
9191 4817
9192 4817
9193 4817
9194 4817
9195 4817
9196 4817
9197 4817
9198 4817
9199 4815
9200 4813
9201 4813
9202 4813
9203 4813
9204 4813
9205 4813
9206 4813
9207 4813
9208 4813
9209 4813
9210 4813
9211 4813
9212 4813
9213 4813
9214 4813
9215 4813
9216 4813
9217 4813
9218 4813
9219 4813
9220 4813
9221 4813
9222 4813
9223 4813
9224 4813
9225 4813
9226 4813
9227 4813
9228 4813
9229 4813
9230 4813
9231 4813
9232 4813
9233 4813
9234 4813
9235 4813
9236 4813
9237 4813
9238 4813
9239 4813
9240 4813
9241 4813
9242 4813
9243 4813
9244 4813
9245 4813
9246 4813
9247 4813
9248 4811
9249 4808
9250 4808
9251 4807
9252 4807
9253 4807
9254 4807
9255 4806
9256 4806
9257 4806
9258 4806
9259 4806
9260 4806
9261 4806
9262 4806
9263 4806
9264 4806
9265 4806
9266 4806
9267 4806
9268 4806
9269 4806
9270 4806
9271 4805
9272 4805
9273 4805
9274 4805
9275 4805
9276 4805
9277 4805
9278 4805
9279 4805
9280 4805
9281 4805
9282 4805
9283 4805
9284 4805
9285 4805
9286 4805
9287 4805
9288 4805
9289 4805
9290 4801
9291 4799
9292 4797
9293 4797
9294 4797
9295 4797
9296 4797
9297 4797
9298 4797
9299 4797
9300 4797
9301 4797
9302 4797
9303 4797
9304 4797
9305 4797
9306 4797
9307 4797
9308 4797
9309 4797
9310 4797
9311 4797
9312 4797
9313 4797
9314 4797
9315 4797
9316 4797
9317 4797
9318 4796
9319 4796
9320 4796
9321 4796
9322 4795
9323 4795
9324 4795
9325 4795
9326 4795
9327 4794
9328 4794
9329 4794
9330 4794
9331 4794
9332 4794
9333 4794
9334 4794
9335 4793
9336 4793
9337 4792
9338 4792
9339 4792
9340 4792
9341 4792
9342 4790
9343 4786
9344 4780
9345 4779
9346 4779
9347 4778
9348 4778
9349 4778
9350 4778
9351 4778
9352 4778
9353 4778
9354 4778
9355 4778
9356 4777
9357 4777
9358 4777
9359 4777
9360 4777
9361 4777
9362 4777
9363 4777
9364 4777
9365 4777
9366 4777
9367 4777
9368 4777
9369 4777
9370 4777
9371 4777
9372 4777
9373 4777
9374 4777
9375 4777
9376 4777
9377 4777
9378 4777
9379 4776
9380 4776
9381 4776
9382 4776
9383 4776
9384 4776
9385 4776
9386 4776
9387 4776
9388 4775
9389 4774
9390 4774
9391 4774
9392 4774
9393 4772
9394 4771
9395 4771
9396 4770
9397 4770
9398 4770
9399 4769
9400 4769
9401 4769
9402 4769
9403 4767
9404 4767
9405 4767
9406 4767
9407 4767
9408 4767
9409 4767
9410 4767
9411 4767
9412 4766
9413 4766
9414 4766
9415 4766
9416 4766
9417 4766
9418 4765
9419 4765
9420 4765
9421 4765
9422 4765
9423 4765
9424 4765
9425 4765
9426 4765
9427 4765
9428 4765
9429 4764
9430 4763
9431 4763
9432 4763
9433 4763
9434 4763
9435 4763
9436 4763
9437 4763
9438 4763
9439 4761
9440 4757
9441 4752
9442 4750
9443 4749
9444 4749
9445 4749
9446 4749
9447 4749
9448 4749
9449 4749
9450 4748
9451 4748
9452 4748
9453 4748
9454 4748
9455 4748
9456 4748
9457 4748
9458 4748
9459 4748
9460 4747
9461 4747
9462 4747
9463 4747
9464 4747
9465 4747
9466 4747
9467 4745
9468 4745
9469 4745
9470 4745
9471 4745
9472 4745
9473 4745
9474 4745
9475 4745
9476 4745
9477 4744
9478 4744
9479 4744
9480 4743
9481 4743
9482 4743
9483 4742
9484 4732
9485 4709
9486 4706
9487 4706
9488 4705
9489 4705
9490 4705
9491 4704
9492 4704
9493 4704
9494 4704
9495 4704
9496 4703
9497 4702
9498 4702
9499 4702
9500 4702
9501 4701
9502 4700
9503 4700
9504 4700
9505 4700
9506 4700
9507 4700
9508 4700
9509 4700
9510 4699
9511 4699
9512 4698
9513 4698
9514 4698
9515 4698
9516 4696
9517 4695
9518 4694
9519 4694
9520 4694
9521 4693
9522 4693
9523 4693
9524 4681
9525 4664
9526 4654
9527 4653
9528 4653
9529 4652
9530 4652
9531 4652
9532 4652
9533 4652
9534 4650
9535 4650
9536 4650
9537 4650
9538 4650
9539 4649
9540 4649
9541 4649
9542 4648
9543 4648
9544 4648
9545 4646
9546 4646
9547 4646
9548 4645
9549 4645
9550 4645
9551 4645
9552 4645
9553 4642
9554 4641
9555 4640
9556 4640
9557 4640
9558 4640
9559 4640
9560 4640
9561 4639
9562 4639
9563 4638
9564 4638
9565 4623
9566 4608
9567 4608
9568 4607
9569 4607
9570 4607
9571 4606
9572 4605
9573 4605
9574 4603
9575 4600
9576 4599
9577 4599
9578 4598
9579 4596
9580 4595
9581 4563
9582 4561
9583 4559
9584 4557
9585 4553
9586 4549
9587 4548
9588 4546
9589 4544
9590 4543
9591 4542
9592 4542
9593 4539
9594 4511
9595 4508
9596 4507
9597 4507
9598 4504
9599 4503
9600 4499
9601 4496
9602 4494
9603 4490
9604 4484
9605 4462
9606 4459
9607 4455
9608 4455
9609 4455
9610 4455
9611 4453
9612 4452
9613 4449
9614 4445
9615 4390
9616 4389
9617 4389
9618 4386
9619 4384
9620 4383
9621 4381
9622 4380
9623 4377
9624 4377
9625 4361
9626 4324
9627 4321
9628 4320
9629 4317
9630 4317
9631 4315
9632 4313
9633 4309
9634 4307
9635 4306
9636 4252
9637 4249
9638 4248
9639 4248
9640 4246
9641 4243
9642 4243
9643 4242
9644 4239
9645 4239
9646 4225
9647 4193
9648 4193
9649 4191
9650 4190
9651 4190
9652 4190
9653 4190
9654 4190
9655 4190
9656 4189
9657 4129
9658 4128
9659 4127
9660 4125
9661 4124
9662 4124
9663 4122
9664 4122
9665 4122
9666 4122
9667 4106
9668 4064
9669 4064
9670 4064
9671 4064
9672 4064
9673 4064
9674 4064
9675 4064
9676 4064
9677 4062
9678 4017
9679 4017
9680 4017
9681 4017
9682 4017
9683 4017
9684 4017
9685 4017
9686 4017
9687 4017
9688 4011
9689 3971
9690 3970
9691 3970
9692 3970
9693 3970
9694 3970
9695 3970
9696 3970
9697 3970
9698 3970
9699 3923
9700 3923
9701 3923
9702 3923
9703 3923
9704 3923
9705 3923
9706 3923
9707 3923
9708 3923
9709 3914
9710 3880
9711 3880
9712 3880
9713 3880
9714 3880
9715 3880
9716 3880
9717 3880
9718 3880
9719 3880
9720 3839
9721 3839
9722 3839
9723 3839
9724 3839
9725 3839
9726 3839
9727 3839
9728 3839
9729 3839
9730 3826
9731 3771
9732 3771
9733 3771
9734 3771
9735 3771
9736 3771
9737 3771
9738 3771
9739 3771
9740 3771
9741 3714
9742 3714
9743 3714
9744 3714
9745 3714
9746 3714
9747 3714
9748 3714
9749 3714
9750 3714
9751 3704
9752 3668
9753 3668
9754 3668
9755 3668
9756 3668
9757 3668
9758 3668
9759 3668
9760 3668
9761 3668
9762 3636
9763 3636
9764 3636
9765 3636
9766 3636
9767 3636
9768 3636
9769 3636
9770 3636
9771 3636
9772 3628
9773 3586
9774 3586
9775 3586
9776 3586
9777 3586
9778 3586
9779 3586
9780 3586
9781 3586
9782 3586
9783 3538
9784 3538
9785 3538
9786 3538
9787 3538
9788 3538
9789 3538
9790 3538
9791 3538
9792 3538
9793 3526
9794 3492
9795 3492
9796 3492
9797 3492
9798 3492
9799 3492
9800 3492
9801 3492
9802 3492
9803 3492
9804 3446
9805 3446
9806 3446
9807 3446
9808 3446
9809 3446
9810 3446
9811 3446
9812 3446
9813 3446
9814 3441
9815 3421
9816 3421
9817 3421
9818 3421
9819 3421
9820 3421
9821 3421
9822 3421
9823 3421
9824 3421
9825 3377
9826 3377
9827 3377
9828 3377
9829 3377
9830 3377
9831 3377
9832 3377
9833 3377
9834 3377
9835 3366
9836 3327
9837 3327
9838 3327
9839 3327
9840 3327
9841 3327
9842 3327
9843 3327
9844 3327
9845 3327
9846 3280
9847 3280
9848 3280
9849 3280
9850 3280
9851 3280
9852 3280
9853 3280
9854 3280
9855 3280
9856 3272
9857 3239
9858 3239
9859 3239
9860 3239
9861 3239
9862 3239
9863 3239
9864 3239
9865 3239
9866 3239
9867 3205
9868 3205
9869 3205
9870 3205
9871 3205
9872 3205
9873 3205
9874 3205
9875 3205
9876 3205
9877 3195
9878 3161
9879 3161
9880 3161
9881 3161
9882 3161
9883 3161
9884 3161
9885 3161
9886 3161
9887 3161
9888 3109
9889 3109
9890 3109
9891 3109
9892 3109
9893 3109
9894 3109
9895 3109
9896 3109
9897 3109
9898 3109
9899 3074
9900 3074
9901 3074
9902 3074
9903 3074
9904 3074
9905 3074
9906 3074
9907 3074
9908 3074
9909 3073
9910 3051
9911 3051
9912 3051
9913 3051
9914 3051
9915 3051
9916 3051
9917 3051
9918 3051
9919 3051
9920 3031
9921 3031
9922 3031
9923 3031
9924 3031
9925 3031
9926 3031
9927 3031
9928 3031
9929 3031
9930 3027
9931 2994
9932 2994
9933 2994
9934 2994
9935 2994
9936 2994
9937 2994
9938 2994
9939 2994
9940 2994
9941 2948
9942 2948
9943 2948
9944 2948
9945 2948
9946 2948
9947 2948
9948 2948
9949 2948
9950 2948
9951 2944
9952 2909
9953 2909
9954 2909
9955 2909
9956 2909
9957 2909
9958 2909
9959 2909
9960 2909
9961 2909
9962 2858
9963 2858
9964 2858
9965 2858
9966 2858
9967 2858
9968 2858
9969 2858
9970 2858
9971 2858
9972 2855
9973 2822
9974 2822
9975 2822
9976 2822
9977 2822
9978 2822
9979 2822
9980 2822
9981 2822
9982 2822
9983 2794
9984 2794
9985 2794
9986 2794
9987 2794
9988 2794
9989 2794
9990 2794
9991 2794
9992 2794
9993 2790
9994 2751
9995 2751
9996 2751
9997 2751
9998 2751
9999 2751
10000 2751
10001 2751
10002 2751
10003 2751
10004 2711
10005 2711
10006 2711
10007 2711
10008 2711
10009 2711
10010 2711
10011 2711
10012 2711
10013 2711
10014 2705
10015 2669
10016 2669
10017 2669
10018 2669
10019 2669
10020 2669
10021 2669
10022 2669
10023 2669
10024 2669
10025 2628
10026 2628
10027 2628
10028 2628
10029 2628
10030 2628
10031 2652
10032 2725
10033 2725
10034 2771
10035 2792
10036 2863
10037 2863
10038 2897
10039 2958
10040 2957
10041 2980
10042 3057
10043 3218
10044 3219
10045 3219
10046 3218
10047 3269
10048 3331
10049 3330
10050 3452
10051 3547
10052 3705
10053 3835
10054 3883
10055 3902
10056 3948
10057 4048
10058 4146
10059 4323
10060 4552
10061 4652
10062 4703
10063 4888
10064 4968
10065 5175
10066 5240
10067 5370
10068 5422
10069 5476
10070 5567
10071 5720
10072 5929
10073 6016
10074 6195
10075 6423
10076 6579
10077 6920
10078 7155
10079 7395
10080 7553
10081 7594
10082 7856
10083 7949
10084 7961
10085 8127
10086 8158
10087 8397
10088 8674
10089 8853
10090 9120
10091 9502
10092 9757
10093 9806
10094 10013
10095 10214
10096 10488
10097 10573
10098 10638
10099 10894
10100 11285
10101 11416
10102 11813
10103 11907
10104 12063
10105 12292
10106 12427
10107 12584
10108 12736
10109 12881
10110 13192
10111 13288
10112 13648
10113 13845
10114 13940
10115 14230
10116 14398
10117 14440
10118 14593
10119 14670
10120 14744
10121 14959
10122 15186
10123 15464
10124 15661
10125 15943
10126 16117
10127 16270
10128 16550
10129 16658
10130 16787
10131 17001
10132 17100
10133 17343
10134 17445
10135 17435
10136 17542
10137 17725
10138 17751
10139 17788
10140 17849
10141 17897
10142 18013
10143 18207
10144 18372
10145 18396
10146 18599
10147 18622
10148 18685
10149 18890
10150 18934
10151 18910
10152 18925
10153 18993
10154 19063
10155 19080
10156 19087
10157 19155
10158 19190
10159 19259
10160 19257
10161 19308
10162 19278
10163 19287
10164 19285
10165 19289
10166 19397
10167 19416
10168 19422
10169 19439
10170 19482
10171 19495
10172 19440
10173 19465
10174 19499
10175 19507
10176 19509
10177 19507
10178 19501
10179 19541
10180 19535
10181 19540
10182 19555
10183 19517
10184 19523
10185 19541
10186 19534
10187 19541
10188 19535
10189 19528
10190 19524
10191 19505
10192 19516
10193 19470
10194 19460
10195 19458
10196 19456
10197 19450
